-29961668574440239
-22906645600246784
-16446735853422632
-10554295640708164
-5202408828923447
-364878171701102
3983783363780828
7868361270066010
11312948172686953
14340952503432140
16975107173613160
19237478247331840
21149473614747377
22731851665343470
24004729961195452
24987593910237422
25699305439529377
26158111668524344
26381653582335512
26386974705003364
26190529772762809
25808193407310314
25255268789071036
24546496330465954
23696062349179001
22717607741424196
21624236655212776
20428525163620328
19142529938053921
17777796921519238
16345370001887708
14855799685163638
13319151768751345
11745016014722288
10142514823082200
8520311905038220
6886620956266025
5249214330176962
3615431711185180
1992188787974762
385985926766857
-1197083155413188
-2751322717468696
-4271426320964528
-5752468156859951
-7189894372241506
-8579514397055876
-9917492270842754
-11200337969467711
-12424898731855064
-13588350386720744
-14688188679305164
-15722220598106087
-16688555701611494
-17585597445032452
-18412034507035982
-19166832116477927
-19849223379135820
-20458700604441752
-20995006632215240
-21458126159396095
-21848277066777290
-22165901745737828
-22411658424975610
-22586412497240303
-22691227846066208
-22727358172505128
-22696238321859236
-22599475610413943
-22438841152170766
-22216261185580196
-21933808400274566
-21593693263800919
-21198255348353876
-20749954657508504
-20251362952953184
-19705155081222479
-19114100300430002
-18481053607001284
-17808947062406642
-17100781119894047
-16359615951221992
-15588562773392360
-14790775175383292
-13969440444882055
-13127770895017910
-12268995191094980
-11396349677325118
-10513069703560775
-9622380952027868
-8727490764058648
-7831579466824568
-6937791700069151
-6049227742840858
-5168934840225956
-4299898530081386
-3445033969767631
-2607177262881584
-1789076785989416
-993384515359444
-222647353694999
520701543132706
1234351439351708
1916122692556426
2563975426974793
3176018206735388
3750516709134568
4285902397903600
4780781196475793
5233942161253630
5644366154875900
6011234519484830
6333937749993217
6612084167351560
6845508591815192
7034281016211412
7178715279206617
7279377738573434
7337095944457852
7352967312646354
7328367797833049
7264960566886804
7164704672118376
7029863724547544
6863014567170241
6667055948225686
6445217194463516
6201066884410918
5938521521639761
5661854208033728
5375703317055448
5085081167013628
4795382694330185
4512394126807378
4242301656894940
3991700114957210
3767601642540265
3577444365639052
3429101067964520
3330887864210752
3291572873322097
3320384891760302
3427022066771644
3621660569654062
3914963269024289
4318088404084984
4842698257891864
5500967830620836
6305593512835129
7269801758752426
8407357759511996
9732574116441826
11260319514325753
13006027394670596
14985704628973288
17215940191988008
19713913834993313
