9978381959
9244543294
8542757692
7872145250
7231837567
6620977744
6038720384
5484231592
4956688975
4455281642
3979210204
3527686774
3099934967
2695189900
2312698192
1951717964
1611518839
1291381942
990599900
708476842
444328399
197481704
-32724608
-246940400
-445804033
-629942366
-799970756
-956493058
-1100101625
-1231377308
-1350889456
-1459195916
-1556843033
-1644365650
-1722287108
-1791119246
-1851362401
-1903505408
-1948025600
-1985388808
-2016049361
-2040450086
-2059022308
-2072185850
-2080349033
-2083908676
-2083250096
-2078747108
-2070762025
-2059645658
-2045737316
-2029364806
-2010844433
-1990481000
-1968567808
-1945386656
-1921207841
-1896290158
-1870880900
-1845215858
-1819519321
-1794004076
-1768871408
-1744311100
-1720501433
-1697609186
-1675789636
-1655186558
-1635932225
-1618147408
-1601941376
-1587411896
-1574645233
-1563716150
-1554687908
-1547612266
-1542529481
-1539468308
-1538446000
-1539468308
-1542529481
-1547612266
-1554687908
-1563716150
-1574645233
-1587411896
-1601941376
-1618147408
-1635932225
-1655186558
-1675789636
-1697609186
-1720501433
-1744311100
-1768871408
-1794004076
-1819519321
-1845215858
-1870880900
-1896290158
-1921207841
-1945386656
-1968567808
-1990481000
-2010844433
-2029364806
-2045737316
-2059645658
-2070762025
-2078747108
-2083250096
-2083908676
-2080349033
-2072185850
-2059022308
-2040450086
-2016049361
-1985388808
-1948025600
-1903505408
-1851362401
-1791119246
-1722287108
-1644365650
-1556843033
-1459195916
-1350889456
-1231377308
-1100101625
-956493058
-799970756
-629942366
-445804033
-246940400
-32724608
197481704
444328399
708476842
990599900
1291381942
1611518839
1951717964
2312698192
2695189900
3099934967
3527686774
3979210204
4455281642
4956688975
5484231592
6038720384
6620977744
7231837567
7872145250
8542757692
9244543294
9978381959
