-66841192757107769
-64478857959301632
-61860157371773838
-59011329695643784
-55957634243510015
-52723365317980712
-49331866590204180
-45805545478399336
-42165887526386197
-38433470782116368
-34627980176203530
-30768221900453928
-26872137786396859
-22956819683815160
-19038523839275696
-15132685274659848
-11253932165694001
-7416100220480032
-3632247058025798
85333413224376
3725096616859209
7276232929969976
10728653304620020
14072974889314264
17300506650468723
20403234993880016
23373809386194878
26205527976379672
28892323217189901
31428747486639720
33809958709471448
36031705978625080
38090315176707799
39982674597463488
41706220567242242
43258923066469880
44639271351117457
45846259574170776
46879372407099900
47738570661328664
48424276909704187
48937361107966384
49279126216217478
49451293820391512
49455989753723861
49295729718220744
48973404906128736
48492267621404280
47855916901183199
47068284137250208
46133618697508426
45056473547448888
43841690871620057
42494387695097336
41019941504952580
39423975871723608
37712346070883715
35891124704311184
33966587321758798
31945198042323352
29833595175915165
27638576844727592
25367086604706536
23026199067019960
20623105519527399
18165099548249472
15659562658837394
13113949898042488
10535775475185697
7932598383627096
5312008022235404
2681609816857496
49010841787915
-2578194558761616
-5192439149192682
-7786197181050664
-10351998771555227
-12882444282130808
-15370218696937104
-17808106001399560
-20189003560739857
-22505936498506400
-24752072075104806
-26920734066328392
-29005417141888663
-30999801243945800
-32897765965639148
-34693404929617704
-36381040166570605
-37955236493757616
-39410815893539618
-40742871891909096
-41946783937020627
-43018231777721368
-43953209842081544
-44748041615924936
-45399394021359369
-45904291795307200
-46260131868035806
-46464697741688072
-46516173868812879
-46413160030895592
-46154685716888548
-45740224501741544
-45169708424932325
-44443542368997072
-43562618438060890
-42528330336368296
-41342587746813707
-40007830709471928
-38527044000128640
-36903771508810888
-35142130618317569
-33246826582749920
-31223166906042006
-29077075720491208
-26815108165288711
-24444464765049992
-21973005808345308
-19409265726230184
-16762467470775901
-14042536893599984
-11260117124396690
-8426582949467496
-5554055190251587
-2655415081856344
255681348412168
3164788902518712
6056658833168391
8915224465276160
11723586817436338
14464000223392120
17117857953505089
19665677836224728
22087087879557932
24360811892538520
26464655106696747
28375489797528816
30069240905966390
31520871659846104
32704369195379077
33592730178620424
34157946426938768
34370990530485752
34201801473665551
33619270256604384
32591225516620026
31084419149691320
29064511931927689
26496059141038648
23342496177803316
19566124187539928
15128095681575347
9988400158714576
4105849726710270
-2561935276267752
-10058540660162995
