553495886740545086611
489561076340997855572
429853719863352072638
374193816333732229348
322405989150129301457
274319430955114857944
229767848508555170020
188589407560325320136
150626677723023310991
115726577344684174540
83740318381494081002
54523351270504447868
27935309802346048909
3839955993943123184
-17894875038772515952
-37397330208147371840
-54791593582092155509
-70197941511367676668
-83732797756870734698
-95508788616920009644
-105634798054541953207
-114216022824756679736
-121354027601863857220
-127146800106728598280
-131688806234067351161
-135071045179733790724
-137381104568004709438
-138703215578865908372
-139118308075298088187
-138704065730562740128
-137534981155488037016
-135682411025754724240
-133214631209182010749
-130196891893013460044
-126691472711202881170
-122757737871700219708
-118452191283737448767
-113828531685114459976
-108937707769484954476
-103827973313642333912
-98544942304805591425
-93131644067905202644
-87628578392869016678
-82073770661908147108
-76502826976802862979
-70948989286188479792
-65443190512841250496
-60014109680964256480
-54688227043473298565
-49489879209282787996
-44441314270591637434
-39562746930169151948
-34872413628640920007
-30386627671774704472
-26119834357766333588
-22084666104525591976
-18291997576962111625
-14751000814271262884
-11469200357220045454
-8452528375432979380
-5705379794677996043
-3230667424152329152
-1029877083768405736
896877268560262864
2550798409633190003
3934350723677022740
5051205075059650846
5906183681004315812
6505204984303719857
6855228526034134936
6964199818269511748
6840995216795588744
6495366793824001135
5937887210706389900
5179894590648510794
4233437391424343356
3111219278090199917
1826543995698834608
393260242013552368
-1174293459777682048
-2861343888348135061
-4652738251518195260
-6532999313541264394
-8486380522389648364
-10496921137040448215
-12548501354761451128
-14624897438397021412
-16709836843653991496
-18787053346387552921
-20840342169887147332
-22853615112162357470
-24810955673228798164
-26696674182394007323
-28495362925543336928
-30191951272425844024
-31771760803940181712
-33220560439420490141
-34524621563922287500
-35670773155508361010
-36646456912534657916
-37439782380936176479
-38039582081512856968
-38435466637215472652
-38617879900431520792
-38578154080271113633
-38308564869852869396
-37802386573589803270
-37053947234475218404
-36058683761368596899
-34813197056281490800
-33315307141663413088
-31564108287687728672
-29560024139537545381
-27304862844691604956
-24801872180210174042
-22055794680020935180
-19072922762204877799
-15861153856282189208
-12430045530498145588
-8790870619109002984
-4956672349667888297
-942319470310690276
3235438622958049490
7557916758979245580
12004438864153377749
16552282835154599936
21176625411644849272
25850487048987955088
30544676790963747923
35227737142482168532
39865888942297376894
44422976235721861220
48860411147340546961
53137118753724905816
57209481956147064740
61031286353293914952
64553665113981220943
67725043849867729484
70491085488169278634
72794635144372906748
74575664994950961485
75771219150075208816
76315358526330942032
76139105719431090752
75170389876930329931
73333991570939188868
70551487670838160214
66741196215991808980
61818121288462881545
55693897885726414664
48276736793383844476
39471369457877115512
29178992859202789703
17297214383626155388
3719996696395336322
-11662397385544599316
-28963460020837529915
