286774541773522126597
243356757909899738636
203504588402503803842
167046627596493553948
133816094208894704903
103650776201313565880
76392975652651148284
51889453631817274760
29991375070444688201
10554253635603160756
-6562103397486397162
-21493650272737827868
-34372157880485617397
-45325268884770786496
-54476552850626781616
-61945561371365365904
-67847883195862510195
-72295199355844284004
-75395338293172746518
-77252330987131837588
-77966466081713268721
-77634345012902414072
-76348937135964201436
-74199634852729003240
-71272308738878527535
-67649362671231708988
-63409788955030599874
-58629223451226261068
-53380000703764653037
-47731209066872526832
-41748745832343315080
-35495372356823022976
-29030769189096119275
-22411591197371427284
-15691522696568015854
-8921332575601090372
-2148929424667883753
4580583337466452568
11224852336182957644
17744219113722970024
24101665001902236761
30262755994825022420
36195587621598218086
41870729819045450372
47261171804421190427
52342266948124862944
57091677646414955168
61489320194123125904
65517309657368314525
69159904746270849980
72403452687666559802
75236334097820879116
77648907855142959647
79633455972899778728
81184128471930248308
82296888253359323960
82969455971312113889
83201254905627987940
82993355834574686606
82348421907562430036
81270653517858027043
79765733175298984112
77840770379007614408
75504246490105146784
72765959604425834789
69636969425231065676
66129542135923469410
62257095272761027676
58034142597571182887
53476238970464947192
48599925222551011484
43422673028649854408
37962829780007851369
32239563457011383540
26272807501900946870
20083205691485261092
13692057009855378731
7121260521098794112
393260242013552368
-6469009985177641552
-13442181620113313875
-20502506551579112996
-27625912224793700470
-34788056768694642004
-41964384123224298449
-49130179166615716792
-56260622842678521148
-63330847288084803752
-70315990959655015951
-77191253761643859196
-83931952173026176034
-90513574374782841100
-96911835377186652109
-103102732147088220848
-109062598735201864168
-114768161403391494976
-120196593751956513227
-125325571846917696916
-130133329347303093070
-134598712632433908740
-138701235929210401993
-142421136439397772904
-145739429466912054548
-148637963545106003992
-151099475564054993287
-153107645897842900460
-154647153531848000506
-155703731190028856380
-156264220462210209989
-156316626931368873184
-155850175300919618752
-154855364522001071408
-153324022920761598787
-151249363325645202436
-148626038194677408806
-145450194742751160244
-141719530068912705985
-137433346283647493144
-132592605636166057708
-127199985641689915528
-121259934208737453311
-114778724766409819612
-107764511391676815826
-100227383936662787180
-92179423155932513725
-83634755833777101328
-74609609911499872664
-65122369614702258208
-55193630580569687227
-44846254985157478772
-34105426670676732670
-22998706272780220516
-11556086347848276665
189953499725310776
12204391490247408956
24449608541439649288
36885333141152536457
49468586220079557428
62153626024471290454
74891892988849514084
87631954608721316171
100319450313293202880
112897036338185207696
125304330598145000432
137477857559761996237
149350993114181464604
160853909449818638378
171913519925072822764
182453423941041504335
192393851814234460040
201651609649287866212
210140024211678407576
217768887800437386257
224444403120864830788
230069128157243605118
234541921045553517620
237757884946185430099
