44482064252353
40796112958916
37262886920294
33878867032492
30640570744871
27544552060148
24587401534396
21765746277044
19076249950877
16515612772036
14080571510018
11767899487676
9574406581219
7496939220212
5532380387576
3677649619588
1929703005881
285533189444
-1257830633378
-2703322712884
-4053840746017
-5312245876364
-6481362694156
-7563979236268
-8562846986219
-9480680874172
-10320159276934
-11083924017956
-11774580367333
-12394697041804
-12946806204752
-13433403466204
-13856947882831
-14219861957948
-14524531641514
-14773306330132
-14968498867049
-15112385542156
-15207206091988
-15255163699724
-15258424995187
-15219120054844
-15139342401806
-15021149005828
-14866560283309
-14677560097292
-14456095757464
-14204078020156
-13923381088343
-13615842611644
-13283263686322
-12927408855284
-12550006108081
-12152746880908
-11737286056604
-11305241964652
-10858196381179
-10397694528956
-9925245077398
-9442320142564
-8950355287157
-8450749520524
-7944865298656
-7434028524188
-6919528546399
-6402618161212
-5884513611194
-5366394585556
-4849404220153
-4334649097484
-3823199246692
-3316088143564
-2814312710531
-2318833316668
-1830573777694
-1350421355972
-879226760509
-417804146956
33068882392
472651278596
900238546073
1315162742596
1716792479294
2104532920652
2477825784511
2836149342068
3179018417876
3505984389844
3816635189237
4110595300676
4387525762138
4647124164956
4889124653819
5113297926772
5319451235216
5507428383908
5677109730961
5828412187844
5961289219382
6075730843756
6171763632503
6249450710516
6308891756044
6350223000692
6373617229421
6379283780548
6367468545746
6338453970044
6292559051827
6230139342836
6151586948168
6057330526276
5947835288969
5823603001412
5685171982126
5533117102988
5368049789231
5190618019444
5001506325572
4801435792916
4591164060133
4371485319236
4143230315594
3907266347932
3664497268331
3415863482228
3162341948416
2904946179044
2644726239617
2382768748996
2120196879398
1858170356396
1597885458919
1340575019252
1087508423036
839991609268
599367070301
367013851844
144347552962
-67179673924
-266079123037
-450825535244
-619857098056
-771575445628
-904345658759
-1016496264892
-1106319238114
-1172069999156
-1211967415393
-1224193800844
-1206894916172
-1158179968684
-1076121612331
-958755947708
-804082522054
-610064329252
-374627809829
