7952991288697
-10957398872560
-27033422914582
-40452589951568
-51386852987605
-60002682023380
-66461137162892
-70917941720164
-73523555325955
-74423247034472
-73757168430082
-71660426734024
-68263157911121
-63690599776492
-58063165102264
-51496514724284
-44101630648831
-35984889159328
-27248133923054
-17988749097856
-8299732438861
1730231594812
12016698733340
22479391789484
33042127551877
43632743678312
54183025589030
64628633360008
74909028616247
84967401425060
94750597189360
104209043540948
113296677233801
121970871037360
130192360629818
137925171491408
145136545797691
151796869312844
157879598282948
163361186329276
168221011341581
172441302371384
176007066525262
178906015858136
181128494266559
182667404382004
183518134464152
183678485294180
183148597068049
181930876289792
180029922664802
177452455993120
174207243062723
170305024542812
165758441877100
160581964177100
154791815115413
148405899819016
141443731762550
133926359661608
125876294366023
117317435753156
108274999621184
98775444582388
88846398956441
78516587663696
67815759118474
56774612122352
45424722757451
33798471279724
21928969012244
9849985238492
-2404125904355
-14798498532136
-27297828120418
-39866444611208
-52468385519665
-65067469040812
-77627367156248
-90111678740860
-102484002669535
-114708010923872
-126747521698894
-138566572509760
-150129493298477
-161400979540612
-172346165352004
-182930696595476
-193120803987547
-202883376205144
-212186032992314
-220997198266936
-229286173227433
-237023209459484
-244179582042736
-250727662657516
-256640992691543
-261894356346640
-266463853745446
-270326974038128
-273462668509093
-275851423683700
-277475334434972
-278318177090308
-278365482538195
-277604609334920
-276024816811282
-273617338179304
-270375453638945
-266294563484812
-261372261212872
-255608406627164
-249005198946511
-241567249911232
-233301656889854
-224218075985824
-214328795144221
-203648807258468
-192195883277044
-179990645310196
-167056639736651
-153420410310328
-139111571267050
-124162880431256
-108610312322713
-92493131263228
-75853964483360
-58738875229132
-41197435868743
-23282800999280
-5051780553430
13435087093808
32113462018411
50915129640620
69767927618228
88595672739868
107318087818301
125850728583704
144104910576958
161987636042936
179401520823791
196244721252244
212410861044872
227788958195396
242263351867969
255713629290464
268014552647762
279035985975040
288642822051059
296694909291452
303046978642012
307548570471980
310043961467333
310372091524072
308366490641510
303855205815560
296660727932023
