-25166904963473
-22223844411916
-19423923428182
-16763622908276
-14239460301559
-11847989610748
-9585801391916
-7449522754492
-5435817361261
-3541385428364
-1762963725298
-97325574916
1458719146573
2908324009604
4254606031256
5500645675252
6649486851959
7704136918388
8667566678194
9542710381676
10332465725777
11039693854084
11667219356828
12217830270884
12694278079771
13099277713652
13435507549334
13705609410268
13912188566549
14057813734916
14145017078752
14176294208084
14154104179583
14080869496564
13958976108986
13790773413452
13578574253209
13324654918148
13031255144804
12700578116356
12334790462627
11936022260084
11506367031838
11047881747644
10562586823901
10052466123652
9519466956584
8965500079028
8392439693959
7802123450996
7196352446402
6576891223084
5945467770593
5303773525124
4653463369516
3996155633252
3333432092459
2666837969908
1997881935014
1328036103836
658736039077
-8619249916
-672667307152
-1332082229996
-1985574669169
-2631891828748
-3269817466166
-3898171892212
-4515811971031
-5121631120124
-5714559310348
-6293563065916
-6857645464397
-7405846136716
-7937241267154
-8450943593348
-8946102406291
-9421903550332
-9877569423176
-10312358975884
-10725567712873
-11116527691916
-11484607524142
-11829212374036
-12149783959439
-12445800551548
-12716776974916
-12962264607452
-13181851380421
-13375161778444
-13541856839498
-13681634154916
-13794227869387
-13879408680956
-13936983841024
-13966797154348
-13968728979041
-13942696226572
-13888652361766
-13806587402804
-13696527921223
-13558537041916
-13392714443132
-13199196356476
-12978155566909
-12729801412748
-12454379785666
-12152173130692
-11823500446211
-11468717283964
-11088215749048
-10682424499916
-10251808748377
-9796870259596
-9318147352094
-8816214897748
-8291684321791
-7745203602812
-7177457272756
-6589166416924
-5981088673973
-5354018235916
-4708785848122
-4046258809316
-3367340971579
-2672972740348
-1964131074416
-1241829485932
-507118040401
238916643316
995151393002
1760426483084
2533545634633
3313276015364
4098348239636
4887456368452
5679257909459
6472373816948
7265388491854
8056849781756
8845268980877
9629120830084
10406843516888
11176838675444
11937471386551
12687070177652
13423927022834
14146297342828
14852400005009
15540417323396
16208495058652
16854742418084
17477232055643
18074000071924
18643046014166
19182332876252
19689787098709
