19809156814315765
18876413031984815
17905095200000498
16901177208506827
15870371755274453
14818134682334231
13749669312610786
12669930786556079
11583630398782973
10495239934698799
9408996007138922
8328904393000307
7258744369875085
6202073052684119
5162229730310570
4142340202233463
3145321115161253
2173884299665391
1230541106813890
317606744804891
-562795384399771
-1408729348441001
-2218442347928878
-2990360379809089
-3723083900729363
-4415383490405905
-5066195514989830
-5674617790433597
-6239905245857443
-6761465586915817
-7238854959163814
-7671773611423609
-8060061559150891
-8403694247801297
-8702778216196846
-8957546759892373
-9168355594541963
-9335678519265385
-9460103080014526
-9542326232939825
-9583150007756707
-9583477171112017
-9544306889950454
-9466730394881005
-9351926643543379
-9201157983974441
-9015765817974646
-8797166264474473
-8546845822900859
-8266357036543633
-7957314155921950
-7621388802150725
-7260305630307067
-6875837992796713
-6469803602720462
-6044060197240609
-5600501200947379
-5141051389225361
-4667662551619942
-4182309155203741
-3686984007943043
-3183693922064233
-2674455377420230
-2161290184856921
-1646221149579595
-1131267734519377
-618441723699662
-109742885602549
392845363464725
887360296003351
1371864209956514
1844448765342959
2303239320890557
2746399270669871
3172134380727722
3578697125720755
3964391025549005
4327574981989463
4666667615329642
4980151601001143
5266578006213221
5524570626586351
5752830322785794
5950139357155163
6115365730349989
6247467517971287
6345497207199122
6408606033426175
6436048316891309
6427185799313135
6381491980523578
6298556455101443
6178089249005981
6019925156210455
5824028075335706
5590495346283719
5319562086871189
5011605529463087
4667149357606226
4286868042662827
3871591180444085
3422307827843735
2940170839471618
2426501204287247
1882792382233373
1310714640869551
712119392005706
89043528335699
-556286239929107
-1221449048426281
-1903825542008758
-2600593538111273
-3308723690116795
-4024975150722961
-4745891235308510
-5467795085299717
-6186785331536827
-6898731757640489
-7599270963378190
-8283802028030689
-8947482173758451
-9585222428968081
-10191683291678758
-10761270392888669
-11288130159941443
-11766145479892585
-12188931362875910
-12549830605469977
-12841909454064523
-13057953268226897
-13190462184068494
-13231646777611189
-13173423728153771
-13007411481638377
-12724925914016926
-12316975994617553
-11774259449511043
-11087158424877265
-10245735150371606
-9239727602491405
-8058545167942387
-6691264307005097
-5126624216901334
-3353022495160585
-1358510802986459
869209471376879
3342791549278274
6075247598293147
9079953068857061
12370651030899287
15961456510476370
19866860826405695
24101735926899053
28681338726196207
33621315441198458
38937705928102211
44646948019032541
