-374627809829
-610064329252
-804082522054
-958755947708
-1076121612331
-1158179968684
-1206894916172
-1224193800844
-1211967415393
-1172069999156
-1106319238114
-1016496264892
-904345658759
-771575445628
-619857098056
-450825535244
-266079123037
-67179673924
144347552962
367013851844
599367070301
839991609268
1087508423036
1340575019252
1597885458919
1858170356396
2120196879398
2382768748996
2644726239617
2904946179044
3162341948416
3415863482228
3664497268331
3907266347932
4143230315594
4371485319236
4591164060133
4801435792916
5001506325572
5190618019444
5368049789231
5533117102988
5685171982126
5823603001412
5947835288969
6057330526276
6151586948168
6230139342836
6292559051827
6338453970044
6367468545746
6379283780548
6373617229421
6350223000692
6308891756044
6249450710516
6171763632503
6075730843756
5961289219382
5828412187844
5677109730961
5507428383908
5319451235216
5113297926772
4889124653819
4647124164956
4387525762138
4110595300676
3816635189237
3505984389844
3179018417876
2836149342068
2477825784511
2104532920652
1716792479294
1315162742596
900238546073
472651278596
33068882392
-417804146956
-879226760509
-1350421355972
-1830573777694
-2318833316668
-2814312710531
-3316088143564
-3823199246692
-4334649097484
-4849404220153
-5366394585556
-5884513611194
-6402618161212
-6919528546399
-7434028524188
-7944865298656
-8450749520524
-8950355287157
-9442320142564
-9925245077398
-10397694528956
-10858196381179
-11305241964652
-11737286056604
-12152746880908
-12550006108081
-12927408855284
-13283263686322
-13615842611644
-13923381088343
-14204078020156
-14456095757464
-14677560097292
-14866560283309
-15021149005828
-15139342401806
-15219120054844
-15258424995187
-15255163699724
-15207206091988
-15112385542156
-14968498867049
-14773306330132
-14524531641514
-14219861957948
-13856947882831
-13433403466204
-12946806204752
-12394697041804
-11774580367333
-11083924017956
-10320159276934
-9480680874172
-8562846986219
-7563979236268
-6481362694156
-5312245876364
-4053840746017
-2703322712884
-1257830633378
285533189444
1929703005881
3677649619588
5532380387576
7496939220212
9574406581219
11767899487676
14080571510018
16515612772036
19076249950877
21765746277044
24587401534396
27544552060148
30640570744871
33878867032492
37262886920294
40796112958916
44482064252353
