-37565414887
-33349321236
-29354807790
-25575662708
-22005750421
-18639011632
-15469463316
-12491198720
-9698387363
-7085275036
-4646183802
-2375511996
-267734225
1682598632
3480859424
5132344728
6642274849
8015793820
9257969402
10373793084
11368180083
12245969344
13011923540
13670729072
14226996069
14685258388
15049973614
15325523060
15516211767
15626268504
15659845768
15621019784
15513790505
15342081612
15109740514
14820538348
14478169979
14086254000
13648332732
13167872224
12648262253
12092816324
11504771670
10887289252
10243453759
9576273608
8888680944
8183531640
7463605297
6731605244
5990158538
5241815964
4489052035
3734264992
2979776804
2227833168
1480603509
740180980
8582462
-712251436
-1420456377
-2114244296
-2791903400
-3451798168
-4092369351
-4712133972
-5309685326
-5883692980
-6432902773
-6956136816
-7452293492
-7920347456
-8359349635
-8768427228
-9146783706
-9493698812
-9808528561
-10090705240
-10339737408
-10555209896
-10736783807
-10884196516
-10997261670
-11075869188
-11119985261
-11129652352
-11104989196
-11046190800
-10953528443
-10827349676
-10668078322
-10476214476
-10252334505
-9997091048
-9711213016
-9395505592
-9050850231
-8678204660
-8278602878
-7853155156
-7403048037
-6929544336
-6433983140
-5917779808
-5382425971
-4829489532
-4260614666
-3677521820
-3082007713
-2475945336
-1861283952
-1240049096
-614342575
13657532
641696874
1267444828
1888494499
2502362720
3106490052
3698240784
4274902933
4833688244
5371732190
5886093972
6373756519
6831626488
7256534264
7645233960
7994403417
8300644204
8560481618
8770364684
8926666155
9025682512
9063633964
9036664448
8940841629
8772156900
8526525382
8199785924
7787701103
7285957224
6690164320
5995856152
5198490209
4293447708
3276033594
2141476540
884928947
-498533056
-2013909612
-3666277136
-5460788315
-7402672108
-9497233746
-11749854732
-14165992841
