715374742082455
642047294167832
573309601332230
508961357202232
448807811514533
392659697009228
340333156323100
291649668882908
246435977798675
204524016756976
165750836914226
129958533789968
96994174160161
66709722950468
38961970129544
13612457602324
-9472593896689
-30422357910136
-49361475364514
-66410127676888
-81684109861603
-95294903636996
-107349750532108
-117951724993396
-127199807491445
-135188957627680
-142010187241078
-147750633514880
-152493632083303
-156318790138252
-159302059536032
-161515809904060
-163028901747577
-163906759556360
-164211444911434
-164001729591784
-163333168681067
-162258173674324
-160826085584692
-159083248050116
-157073080440061
-154836150962224
-152410249769246
-149830462065424
-147129241213423
-144336481840988
-141479592947656
-138583571011468
-135671073095681
-132762489955480
-129876019144690
-127027738122488
-124231677360115
-121499893447588
-118842542200412
-116267951766292
-113782695731845
-111391666229312
-109098147043270
-106903886717344
-104809171660919
-102812899255852
-100912650963184
-99104765429852
-97384411595401
-95745661798696
-94181564884634
-92684219310856
-91244846254459
-89853862718708
-88500954639748
-87175149993316
-85864891901453
-84558111739216
-83242302241390
-81904590609200
-80531811617023
-79110580719100
-77627367156248
-76068567062572
-74420576572177
-72669864925880
-70803047577922
-68806959302680
-66668727301379
-64375844308804
-61916241700012
-59278362597044
-56451234975637
-53424544771936
-50188708989206
-46734948804544
-43055362675591
-39142999447244
-34991931458368
-30597327648508
-25955526664601
-21064109967688
-15921974939626
-10529407989800
-4888157661835
998492259692
7125649642540
13486740900092
20073437884643
26875584780688
33881124998210
41076028065968
48444216524785
55967492820836
63625466198936
71395479595828
79252536533471
87169228012328
95115659404654
103059377347784
110965296637421
118795627120924
126509800590596
134064397676972
141413074742107
148506490772864
155292234274202
161714750162464
167715266658665
173231722181780
178198692242032
182547316334180
186205224830807
189096465875608
191141432276678
192256788399800
192355397061733
191346246423500
189134376883676
185620807971676
180702465241043
174272107162736
166218252018418
156425104793744
144772484071649
131135748925636
115385725813064
97388635468436
77006019796687
54094668766472
28506547303454
88722183592
-31316711073571
-65872701311620
-103747314843980
-145113808560628
-190150703034805
-239041855629728
-291976533605302
-349149487224832
-410761022861735
