-8590304606975
-5172331632748
-1975398643078
1006809797764
3780536018795
6351949242320
8727145583932
10912148052512
12912906550229
14735297872540
16385125708190
17868120639212
19189940140927
20356168581944
21372317224160
22243824222760
22976054626217
23574300376292
24043780308034
24389640149780
24616952523155
24730716943072
24735859817732
24637234448624
24439621030525
24147726651500
23766185292902
23299557829372
22752332028839
22128922552520
21433670954920
20670845683832
19844642080337
18959182378804
18018515706890
17026618085540
15987392428987
14904668544752
13782203133644
12623679789760
11432709000485
10212828146492
8967501501742
7700120233484
6414002402255
5112392961880
3798463759472
2475313535432
1145967923449
-186620549500
-1519572463150
-2850081503948
-4175414465053
-5492911246336
-6799984854380
-8094121402480
-9372880110643
-10633893305588
-11874866420746
-13093577996260
-14287879678985
-15455696222488
-16595025487048
-17703938439656
-18780579154015
-19823164810540
-20829985696358
-21799405205308
-22729859837941
-23619859201520
-24467986010020
-25272896084128
-26033318351243
-26748054845476
-27415980707650
-28036044185300
-28607266632673
-29128742510728
-29599639387136
-30019197936280
-30386731939255
-30701628283868
-30963346964638
-31171421082796
-31325456846285
-31425133569760
-31470203674588
-31460492688848
-31395899247331
-31276395091540
-31102025069690
-30872907136708
-30589232354233
-30251264890616
-29859342020920
-29413874126920
-28915344697103
-28364310326668
-27761400717526
-27107318678300
-26402840124325
-25648814077648
-24846162667028
-23995881127936
-23099037802555
-22156774139780
-21170304695218
-20140917131188
-19069972216721
-17958903827560
-16809218946160
-15622497661688
-14400393170023
-13144631773756
-11857012882190
-10539409011340
-9193765783933
-7822101929408
-6426509283916
-5009152790320
-3572270498195
-2118173563828
-649246250218
832054072924
2323196929175
3821578735400
5324522801752
6829279331672
8333025421889
9832865062420
11325829136570
12808875420932
14278888585387
15732680193104
17166988700540
18578479457440
19963744706837
21319303585052
22641602121694
23927013239660
25171836755135
26372299377592
27524554709792
28624683247784
29668692380905
30652516391780
31572016456322
32422980643732
33201123916499
33902088130400
34521442034500
35054681271152
35497228375997
35844432777964
36091570799270
36233845655420
36266387455207
