678249
591294
509388
432378
360113
292444
229224
170308
115553
64818
17964
-25146
-64647
-100672
-133352
-162816
-189191
-212602
-233172
-251022
-266271
-279036
-289432
-297572
-303567
-307526
-309556
-309762
-308247
-305112
-300456
-294376
-286967
-278322
-268532
-257686
-245871
-233172
-219672
-205452
-190591
-175166
-159252
-142922
-126247
-109296
-92136
-74832
-57447
-40042
-22676
-5406
11713
28628
45288
61644
77649
93258
108428
123118
137289
150904
163928
176328
188073
199134
209484
219098
227953
236028
243304
249764
255393
260178
264108
267174
269369
270688
271128
270688
269369
267174
264108
260178
255393
249764
243304
236028
227953
219098
209484
199134
188073
176328
163928
150904
137289
123118
108428
93258
77649
61644
45288
28628
11713
-5406
-22676
-40042
-57447
-74832
-92136
-109296
-126247
-142922
-159252
-175166
-190591
-205452
-219672
-233172
-245871
-257686
-268532
-278322
-286967
-294376
-300456
-305112
-308247
-309762
-309556
-307526
-303567
-297572
-289432
-279036
-266271
-251022
-233172
-212602
-189191
-162816
-133352
-100672
-64647
-25146
17964
64818
115553
170308
229224
292444
360113
432378
509388
591294
678249
