788330872124705
642779637127348
511047776984962
392391059351924
286087476323059
191436952006792
107761050098300
34402681452664
-29274188341979
-83884831391284
-130024049921546
-168266468706548
-199166827494409
-223260273434432
-241062653503952
-253070806935184
-259762857642071
-261598506647132
-259019324508310
-252449043745820
-242293851268997
-228942680803144
-212767505316380
-194123629446488
-173349981927763
-150769408017860
-126688961924642
-101400199233028
-75179469331841
-48288207840656
-20973229036648
6532981718560
34011975552049
61259047652756
88082944844626
114305573159764
139761705411587
164298688767976
187776152324428
210065714677208
231050691496501
250625803099564
268696882023878
285180580600300
300004078526215
313104790438688
324430073487616
333936934908880
341591739597497
347369917680772
351255672091450
353241686140868
353328831092107
351525873733144
347849183950004
342322442299912
334976347584445
325848324422684
314982230824366
302428065763036
288241676749199
272484467403472
255223105029736
236529228188288
216479154268993
195153587064436
172637324343074
149018965422388
124390618742035
98847609437000
72488186910748
45413232408376
17725966589765
-10468342897268
-39062673843818
-67948541906740
-97016293035497
-126155395899008
-155254734312496
-184202899664336
-212888483342903
-241200369163420
-269028025794806
-296261799186524
-322793204995429
-348515221012616
-373322579590268
-397112060068504
-419782781202227
-441236493587972
-461377872090754
-480114808270916
-497358702810977
-513024757942480
-527032269872840
-539304921212192
-549771073400239
-558364059133100
-565022474790158
-569690472860908
-572318054371805
-572861361313112
-571282969065748
-567552178828136
-561645310043051
-553545992824468
-543245460384410
-530742841459796
-516045452739289
-499169091290144
-480138326985056
-458986794929008
-435757487886119
-410503048706492
-383286062753062
-354179350328444
-323266259101781
-290640956535592
-256408722312620
-220686240762680
-183601893289507
-145296050797604
-105921366119090
-65643066440548
-24639245729873
16898842836880
58766494448648
100745260232512
142602654826849
184091863954484
224951451995842
264905069562100
303661161068339
340912672306696
376336758019516
409594489472504
440330562027877
468173002717516
492732877816118
513604000414348
530362637991991
542567219991104
549758045389168
551456990272240
547167215408105
536372873819428
518538818356906
493110309272420
459512721792187
417151253689912
365410632859940
303654824890408
231226740636397
147447943793084
51618358468894
-56984023241348
-179103433683265
