36266387455207
36233845655420
36091570799270
35844432777964
35497228375997
35054681271152
34521442034500
33902088130400
33201123916499
32422980643732
31572016456322
30652516391780
29668692380905
28624683247784
27524554709792
26372299377592
25171836755135
23927013239660
22641602121694
21319303585052
19963744706837
18578479457440
17166988700540
15732680193104
14278888585387
12808875420932
11325829136570
9832865062420
8333025421889
6829279331672
5324522801752
3821578735400
2323196929175
832054072924
-649246250218
-2118173563828
-3572270498195
-5009152790320
-6426509283916
-7822101929408
-9193765783933
-10539409011340
-11857012882190
-13144631773756
-14400393170023
-15622497661688
-16809218946160
-17958903827560
-19069972216721
-20140917131188
-21170304695218
-22156774139780
-23099037802555
-23995881127936
-24846162667028
-25648814077648
-26402840124325
-27107318678300
-27761400717526
-28364310326668
-28915344697103
-29413874126920
-29859342020920
-30251264890616
-30589232354233
-30872907136708
-31102025069690
-31276395091540
-31395899247331
-31460492688848
-31470203674588
-31425133569760
-31325456846285
-31171421082796
-30963346964638
-30701628283868
-30386731939255
-30019197936280
-29599639387136
-29128742510728
-28607266632673
-28036044185300
-27415980707650
-26748054845476
-26033318351243
-25272896084128
-24467986010020
-23619859201520
-22729859837941
-21799405205308
-20829985696358
-19823164810540
-18780579154015
-17703938439656
-16595025487048
-15455696222488
-14287879678985
-13093577996260
-11874866420746
-10633893305588
-9372880110643
-8094121402480
-6799984854380
-5492911246336
-4175414465053
-2850081503948
-1519572463150
-186620549500
1145967923449
2475313535432
3798463759472
5112392961880
6414002402255
7700120233484
8967501501742
10212828146492
11432709000485
12623679789760
13782203133644
14904668544752
15987392428987
17026618085540
18018515706890
18959182378804
19844642080337
20670845683832
21433670954920
22128922552520
22752332028839
23299557829372
23766185292902
24147726651500
24439621030525
24637234448624
24735859817732
24730716943072
24616952523155
24389640149780
24043780308034
23574300376292
22976054626217
22243824222760
21372317224160
20356168581944
19189940140927
17868120639212
16385125708190
14735297872540
12912906550229
10912148052512
8727145583932
6351949242320
3780536018795
1006809797764
-1975398643078
-5172331632748
-8590304606975
