-621355713979
-523154159220
-432998296038
-350488004660
-275234758657
-206861472400
-145002348516
-89302725344
-39418924391
4981902212
44221924254
78612785988
108455758675
134041893128
155652172256
173557663608
188019671917
199289891644
207610559522
213214607100
216325813287
217158956896
215919969188
212806086416
208006002369
201700020916
194060208550
185250546932
175427085435
164738093688
153324214120
141318614504
128847140501
116028468204
102974256682
89789300524
76571682383
63412925520
50398146348
37606206976
25109867753
12975939812
1265437614
-9966268508
-20669299805
-30799116568
-40316365584
-49186727592
-57380764739
-64873768036
-71645604814
-77680566180
-82967214473
-87498230720
-91270262092
-94283769360
-96542874351
-98055207404
-98831754826
-98886706348
-98237302581
-96903682472
-94908730760
-92277925432
-89039185179
-85222716852
-80860862918
-75987948916
-70640130913
-64855242960
-58672644548
-52133068064
-45278466247
-38151859644
-30797184066
-23259138044
-15583030285
-7814627128
0
7814627128
15583030285
23259138044
30797184066
38151859644
45278466247
52133068064
58672644548
64855242960
70640130913
75987948916
80860862918
85222716852
89039185179
92277925432
94908730760
96903682472
98237302581
98886706348
98831754826
98055207404
96542874351
94283769360
91270262092
87498230720
82967214473
77680566180
71645604814
64873768036
57380764739
49186727592
40316365584
30799116568
20669299805
9966268508
-1265437614
-12975939812
-25109867753
-37606206976
-50398146348
-63412925520
-76571682383
-89789300524
-102974256682
-116028468204
-128847140501
-141318614504
-153324214120
-164738093688
-175427085435
-185250546932
-194060208550
-201700020916
-208006002369
-212806086416
-215919969188
-217158956896
-216325813287
-213214607100
-207610559522
-199289891644
-188019671917
-173557663608
-155652172256
-134041893128
-108455758675
-78612785988
-44221924254
-4981902212
39418924391
89302725344
145002348516
206861472400
275234758657
350488004660
432998296038
523154159220
621355713979
