-305718962599117067
-264812800275662100
-226654604639881110
-191133131361314356
-158139775165321217
-127568541076019216
-99316015659223044
-73281338265383584
-49366172272526935
-27474676329193436
-7513475597376690
10608367004537412
26979379558831667
41685709905518536
54811154399401120
66437186667134136
76642986364284893
85505467932394268
93099309356037682
99496980919886076
104768773965766887
108982829649725024
112205167699083844
114499715169506128
115928335202055057
116550855780255188
116425098487153430
115606907262380020
114150177159209499
112106883101621688
109527108641362664
106459074715005736
102949168401012421
99041971676793420
94780290175769594
90205181944432940
85355986199407567
80270352084510672
74984267427813516
69532087498702400
63946563764939641
58258872649724548
52498644288754398
46693991287285412
40871537477193731
35056446674036392
29272451434112304
23541881811523224
17885694115234733
12323499666137212
6873593554106818
1552983395066460
-3622581911953225
-8638583427752896
-13481703415903532
-18139796585685456
-22601861335027359
-26858010993445324
-30899445064981850
-34718420471144876
-38308222793846805
-41663137518343528
-44778421276173448
-47650273088096504
-50275805607033195
-52653016361003604
-54780758996066422
-56658714519257972
-58287362541531233
-59667952520694864
-60802475004352228
-61693632872840416
-62344812582169271
-62760055406960412
-62944028683386258
-62901997052109052
-62639793701219885
-62163791609177720
-61480874787748416
-60598409524943752
-59524215627960451
-58266537666119204
-56834016213803694
-55235659093399620
-53480812618233721
-51579132835512800
-49540556769262748
-47375273663267568
-45093696224008399
-42706431863602540
-40224253942742474
-37658073013634892
-35018908062939717
-32317857754709128
-29566071673326584
-26774721566445848
-23954972587930011
-21117954540790516
-18274733120126182
-15436281156062228
-12613449856689297
-9816940051002480
-7057273431840340
-4344763798823936
-1689488301295847
898741318740804
3410407483683326
5836315537390436
8167622502243235
10395865836206184
12512992189888080
14511386163603032
16383899064431437
18123877663280956
19725192951947490
21182268900176156
22490111212722263
23644336086412288
24641198967204852
25477623307251696
26151229321958657
26660362747046644
27004123595612614
27182394915190548
27195871544812427
27046088872069208
26735451590171800
26267262455012040
25645751042223669
24876102504243308
23964486327371434
22918085088833356
21745123213840191
20454895732649840
19057797037627964
17565349640308960
15990232928456937
14346311923126692
12648666035724686
10913617825070020
9158761754455411
7402992948708168
5666535951251168
3970973481163832
2339275190243101
795826420064412
-633543040957326
-1921530200506756
-3039330105307097
-3956607084059168
-4641465990380412
-5060423445743920
-5178379082417455
-4958586786402476
-4362625940373162
-3350372666615436
-1879971069965989
