37783363866293773
34590411375930758
31674164434556492
29017443290892418
26603658970184357
24416804600935376
22441446741638656
20662716707510360
19066301897222501
17638437119635810
16365895920532604
15235981909349654
14236520085911053
13355848167161084
12582807913897088
11906736457502332
11317457626678877
10805273274180446
10360954603545292
9975733495829066
9641293836337685
9349762841360200
9093702384901664
8866100325416000
8660361832538869
8470300713820538
8290130741458748
8114456979031582
7938267108230333
7756922755592372
7566150819234016
7362034795583396
7141006106113325
6899835424074166
6635624001226700
6345794994574994
6028084793099269
5680534344488768
5301480481874624
4889547250562728
4443637234766597
3962922884340242
3446837841511036
2895068267612582
2307544169817581
1684430727870700
1026119620821440
333220353757004
-393448415464835
-1152867549482866
-1943826104699572
-2764930004548262
-3614610712760203
-4491133906631752
-5392608150291488
-6316993567967344
-7262110517253739
-8225648262378710
-9205173647471044
-10198139769827410
-11201894653179491
-12213689920961116
-13230689469575392
-14249978141661836
-15268570399363507
-16283418997594138
-17291423657305268
-18289439738753374
-19274286914767003
-20242757844013904
-21191626844268160
-22117658565677320
-23017616664029531
-23888272474020670
-24726413682521476
-25528853001844682
-26292436843012147
-27014053989021988
-27690644268115712
-28319207227045348
-28896810804340579
-29420600003575874
-29887805566637620
-30295752646991254
-30641869482948395
-30923696070933976
-31138892838753376
-31285249318859552
-31360692821620171
-31363297108584742
-31291291065751748
-31143067376835778
-30917191196534659
-30612408823796588
-30227656375087264
-29762068457657020
-29214986842807955
-28585969139161066
-27874797465923380
-27081487126155086
-26206295280036667
-25249729618136032
-24212557034675648
-23095812300799672
-21900806737841083
-20629136890588814
-19282693200554884
-17863668679241530
-16374567581408339
-14818214078339380
-13197760931110336
-11516698163855636
-9778861737035587
-7988442220703506
-6149993467772852
-4268441287284358
-2349092117673163
-397641700035944
1579816248601952
3576781362019376
5586337951532245
7601146332726410
9613434152190524
11614987714248910
13597143307694429
15550778532521348
17466303626658208
19333652792700692
21142275524644493
22881127934618182
24538664079616076
26102827288231106
27561041487387685
28900202529074576
30106669517077760
31166256133713304
32064221966560229
32785263835193378
33313507117916284
33632497078494038
33725190192886157
33573945475979452
33160515808320896
32466039262850492
31471030431634141
30155371752596510
28498304836253900
26478421792447114
24073656557074325
21261276218823944
18017872345907488
14319352312792448
10140930626935157
5457120255513658
241723952160572
-5532174416304034
-11892218543139779
