-5233285057
-5162336256
-5072281830
-4964203448
-4839163711
-4698206152
-4542355236
-4372616360
-4189975853
-3995400976
-3789839922
-3574221816
-3349456715
-3116435608
-2876030416
-2629093992
-2376460121
-2118943520
-1857339838
-1592425656
-1324958487
-1055676776
-785299900
-514528168
-244042821
25493968
293439094
559168520
822077277
1081579464
1337108248
1588115864
1834073615
2074471872
2308820074
2536646728
2757499409
2970944760
3176568492
3373975384
3562789283
3742653104
3913228830
4074197512
4225259269
4366133288
4496557824
4616290200
4725106807
4822803104
4909193618
4984111944
5047410745
5098961752
5138655764
5166402648
5182131339
5185789840
5177345222
5156783624
5124110253
5079349384
5022544360
4953757592
4873070559
4780583808
4676416954
4560708680
4433616737
4295317944
4146008188
3985902424
3815234675
3634258032
3443244654
3242485768
3032291669
2812991720
2584934352
2348487064
2104036423
1851988064
1592766690
1326816072
1054599049
776597528
493312484
205263960
-87008933
-382948016
-681976042
-983496696
-1286894595
-1591535288
-1896765256
-2201911912
-2506283601
-2809169600
-3109840118
-3407546296
-3701520207
-3990974856
-4275104180
-4553083048
-4824067261
-5087193552
-5341579586
-5586323960
-5820506203
-6043186776
-6253407072
-6450189416
-6632537065
-6799434208
-6949845966
-7082718392
-7196978471
-7291534120
-7365274188
-7417068456
-7445767637
-7450203376
-7429188250
-7381515768
-7305960371
-7201277432
-7066203256
-6899455080
-6699731073
-6465710336
-6196052902
-5889399736
-5544372735
-5159574728
-4733589476
-4264981672
-3752296941
-3194061840
-2588783858
-1934951416
-1231033867
-475481496
333274480
1196821912
2116767719
3094737888
4132377474
5231350600
6393340457
7620049304
8913198468
10274528344
11705798395
13208787152
14785292214
16437130248
18166136989
