-24632562955
-22074527244
-19641797406
-17331079004
-15139115737
-13062689440
-11098620084
-9243765776
-7495022759
-5849325412
-4303646250
-2854995924
-1500423221
-237015064
938103488
2027769240
3034780861
3961898884
4811845706
5587305588
6290924655
6925310896
7493034164
7996626176
8438580513
8821352620
9147359806
9418981244
9638557971
9808392888
9930750760
10007858216
10041903749
10035037716
9989372338
9906981700
9789901751
9640130304
9459627036
9250313488
9014073065
8752751036
8468154534
8162052556
7836175963
7492217480
7131831696
6756635064
6368205901
5968084388
5557772570
5138734356
4712395519
4280143696
3843328388
3403260960
2961214641
2518424524
2076087566
1635362588
1197370275
763193176
333875704
-89575864
-506193387
-915046860
-1315244414
-1705932316
-2086294969
-2455554912
-2812972820
-3157847504
-3489515911
-3807353124
-4110772362
-4399224980
-4672200469
-4929226456
-5169868704
-5393731112
-5600455715
-5789722684
-5961250326
-6114795084
-6250151537
-6367152400
-6465668524
-6545608896
-6606920639
-6649589012
-6673637410
-6679127364
-6666158541
-6634868744
-6585433912
-6518068120
-6433023579
-6330590636
-6211097774
-6074911612
-5922436905
-5754116544
-5570431556
-5371901104
-5159082487
-4932571140
-4693000634
-4441042676
-4177407109
-3902841912
-3618133200
-3324105224
-3021620371
-2711579164
-2394920262
-2072620460
-1745694689
-1415196016
-1082215644
-747882912
-413365295
-79868404
251364014
579050076
901869763
1218464920
1527439256
1827358344
2116749621
2394102388
2657867810
2906458916
3138250599
3351579616
3544744588
3716006000
3863586201
3985669404
4080401686
4145890988
4180207115
4181381736
4147408384
4076242456
3965801213
3813963780
3618571146
3377426164
3088293551
2748899888
2356933620
1910045056
1405846369
841911596
215776638
-475060740
-1233140909
