89684463940832761
69339916048387908
50825632695992154
34052200396508948
18932617959028387
5382267731806240
-6681113154797028
-17337461545377232
-26664417016547443
-34737350633998964
-41629393709562306
-47411466558268164
-52152307255408393
-55918500393596984
-58774505839831040
-60782687492551752
-62003342038705375
-62494727710804204
-62313093043987550
-61512705633082716
-60145880889665973
-58263010799123536
-55912592677712540
-53141257929622016
-49993800804033867
-46513207152183844
-42740683184422522
-38715684227276276
-34475943480508257
-30057500774179368
-25494731325709240
-20820374496937208
-16065562551183287
-11259849410309148
-6431239411779094
-1606216065721036
3190229188012531
7934568222783552
12604707468107436
17179959152592080
21641012546876893
25969905206571820
30149994215196366
34165927427118620
38003614710494279
41650199190205672
45094028490800784
48324625979432280
51332662008796529
54109925160072628
56649293485861426
58944705753124548
60991132686123419
62784548209358288
64321900690507252
65601084183365280
66620909670783237
67381076307606908
67882142663616022
68125497966463276
68113333344613359
67848613070281976
67335045802374872
66577055829426856
65579754312540825
64348910528326788
62890923111840890
61212791299524436
59322086172142915
57226921897725024
54935926974501692
52458215473845104
49803358283207725
46981354349061324
44002601919835998
40877869788859196
37618268537294743
34235221777081864
30740437393874208
27145878789978872
23463736127295425
19706397570254932
15886420528758978
12016502901118692
8109454316993771
4178167380331504
235588912305796
-3705308805743808
-7631556789373099
-11530218108094180
-15388416642436442
-19193365841007540
-22932397477554369
-26592990408024040
-30162799327624856
-33629683527887288
-36981735653724951
-40207310460495580
-43295053571062006
-46233930232853132
-49013254074924909
-51622715865021312
-54052412266635316
-56292874596069872
-58335097579498883
-60170568110028180
-61791294004756498
-63189832761836452
-64359320317535513
-65293499803296984
-65986750302800976
-66434115609025384
-66631332981306863
-66574861902401804
-66261912835547310
-65690475981522172
-64859350035707845
-63768170945149424
-62417440665616620
-60808555918664736
-58943836948695643
-56826556280018756
-54460967473912010
-51852333885682836
-49006957421729137
-45932207296600264
-42636548790057992
-39129572004137496
-35422020620208327
-31525820656035388
-27454109222839910
-23221263282360428
-18842928403913757
-14336047521455968
-9718889690643364
-5011078845893456
-233622557445939
4591059211576332
9439105348106366
14285184832072060
19102467979335223
23862597684630600
28535660664504896
33090158700255800
37492979880871009
41709369845967252
45702903028729314
49435453898849060
52867168205464459
55956434220098608
58659853979598756
60932214529075328
62726459164840949
63993658677349468
64682982594134982
64741670422750860
64115002893708767
