-163197451105871
-78898820986468
-2448487360270
66542763889948
128453034661187
183649460843648
232488358534156
275315370249584
312465611140277
344263815203476
371024481496742
393052020351380
410640899585863
424075790719256
433631715184640
439574190542536
442159376694329
441634222095692
438236609970010
432195504521804
423731097150155
413054952662128
400370155486196
385871455885664
369745416172093
352170556918724
333317503173902
313349130674500
292420712059343
270680063082632
248267688827368
225316929918776
201954108737729
178298675634172
154463355140546
130554292185212
106671198305875
82907497863008
59350474253276
36081416122960
13175763581381
-9296745585676
-31271929702538
-52691016990220
-73500499353001
-93651986165000
-113102058056752
-131812120701784
-149748258603191
-166881088880212
-183185615054806
-198641080838228
-213230823917605
-226942129742512
-239766085311548
-251697432958912
-262734424140979
-272878673222876
-282135011265058
-290511339809884
-298018484668193
-304670049705880
-310482270630472
-315473868777704
-319665904898095
-323081632943524
-325746353853806
-327687269343268
-328933335687325
-329515117509056
-329464641565780
-328815250535632
-327601456804139
-325858796250796
-323623682035642
-320933258385836
-317825254382233
-314337837745960
-310509468624992
-306378753380728
-301984298374567
-297364563754484
-292557717241606
-287601487916788
-282533020007189
-277388726672848
-272204143793260
-267013783753952
-261850989233059
-256747786987900
-251734741641554
-246840809469436
-242093192185873
-237517190730680
-233136059055736
-228970857911560
-225040308633887
-221360646930244
-217945476666526
-214805623653572
-211948989433741
-209380405067488
-207101484919940
-205110480447472
-203402133984283
-201967532528972
-200793961531114
-199864758677836
-199159167680393
-198652192060744
-198314448938128
-198112022815640
-198006319366807
-197953919222164
-197906431755830
-197810348872084
-197606898791941
-197231899839728
-196615614229660
-195682601852416
-194351574061715
-192535247460892
-190140197689474
-187066713209756
-183208649093377
-178453280807896
-172681158003368
-165765958298920
-157574341069327
-147965801231588
-136792523031502
-123899233830244
-109123057890941
-92293370165248
-73231650079924
-51751335323408
-27657675632395
-747586578412
29190496645606
62376765438740
99040184005511
139418635569304
183759068585792
232317642956360
285359876241529
343160789874380
406005055373978
474187140558796
548011455760139
627792500035568
713855007382324
806534092950752
906175399257725
1013135242400068
1127780758267982
1250490048758468
1381652327988751
