166584197358103525
136380709283957292
108579940341055722
83075129933438156
59762156520963055
38539508862247024
19308257257603836
1972024791983456
-13563041422088935
-27388299001573916
-39592639049978802
-50262514914418620
-59481970942677085
-67332671240267576
-73893928427494112
-79242732396512328
-83453779068390451
-86599499150170276
-88750086891928142
-89973528843835908
-90335632613221929
-89900055621632032
-88728333861890492
-86879910655161008
-84412165408007679
-81380442369455980
-77838079388053738
-73836436668932108
-69424925530866549
-64651037163337800
-59560371383592856
-54196665393705944
-48601822537639499
-42815941058305140
-36877342854624646
-30822602238590932
-24686574692329025
-18502425625157040
-12301659130647156
-6114146743686592
31843802461417
6109619819096644
12094034905020894
17961460189477028
23689755575087987
29258240980795816
34647667584800688
39840189067499928
44819332854427037
49569971359190716
54078293226413890
58331774574672732
62319150239435687
66030385016002496
69456644902443220
72590268342537264
75424737468712401
77954649344983796
80175687209893030
82084591719447124
83679132190057563
84958077841479320
85921169039749880
86569088540128264
86903432730034053
86926682871986412
86642176346543114
86054077895239564
85167350863527823
83987728443715632
82521684917905436
80776406900933408
78759764583308473
76480282974151332
73947113144133486
71170003468416260
68159270869589827
64925772060612232
61480874787748416
57836429073509240
54004738459590509
49998531249811996
45830931753056466
41515431526208700
37065860617094519
32496358807419808
27821346855709540
23055497740246800
18213707902011809
13311068487620948
8362836592265782
3384406502652084
-1608719060061141
-6600957697322632
-11576676090249848
-16520218756689944
-21415936808280747
-26248216707511732
-31001509024784998
-35660357195476244
-40209426276995745
-44633531705849328
-48917668054699348
-53047037789425664
-57007080026186615
-60783499288479996
-64362294264204034
-67729786562718364
-70872649471905005
-73777936715229336
-76433111208801072
-78826073818435240
-80945192116713155
-82779329140043396
-84317872145722782
-85550761368997348
-86468518780123321
-87062276841428096
-87323807264371212
-87245549766605328
-86820640829037199
-86042942452888652
-84907070916757562
-83408425533678828
-81543217408185349
-79308498193369000
-76702188847941608
-73723108393295928
-70371002670566619
-66646573097691220
-62551505426471126
-58088498499632564
-53261293007887569
-48074700246994960
-42534630874821316
-36648123668401952
-30423374281001895
-23869763999176860
-16997888499834226
-9819586607294012
-2347969050349853
5402552780670024
13416238076841824
21675987853585208
30163316193602317
38858321489816796
47739657688312818
56784505531274108
65968543799922967
75265920557459296
84649224391999620
94089455659516112
103555997726775617
113016588214278676
122437290239198550
131782463658320244
141014736310979531
