-64115002893708767
-64741670422750860
-64682982594134982
-63993658677349468
-62726459164840949
-60932214529075328
-58659853979598756
-55956434220098608
-52867168205464459
-49435453898849060
-45702903028729314
-41709369845967252
-37492979880871009
-33090158700255800
-28535660664504896
-23862597684630600
-19102467979335223
-14285184832072060
-9439105348106366
-4591059211576332
233622557445939
5011078845893456
9718889690643364
14336047521455968
18842928403913757
23221263282360428
27454109222839910
31525820656035388
35422020620208327
39129572004137496
42636548790057992
45932207296600264
49006957421729137
51852333885682836
54460967473912010
56826556280018756
58943836948695643
60808555918664736
62417440665616620
63768170945149424
64859350035707845
65690475981522172
66261912835547310
66574861902401804
66631332981306863
66434115609025384
65986750302800976
65293499803296984
64359320317535513
63189832761836452
61791294004756498
60170568110028180
58335097579498883
56292874596069872
54052412266635316
51622715865021312
49013254074924909
46233930232853132
43295053571062006
40207310460495580
36981735653724951
33629683527887288
30162799327624856
26592990408024040
22932397477554369
19193365841007540
15388416642436442
11530218108094180
7631556789373099
3705308805743808
-235588912305796
-4178167380331504
-8109454316993771
-12016502901118692
-15886420528758978
-19706397570254932
-23463736127295425
-27145878789978872
-30740437393874208
-34235221777081864
-37618268537294743
-40877869788859196
-44002601919835998
-46981354349061324
-49803358283207725
-52458215473845104
-54935926974501692
-57226921897725024
-59322086172142915
-61212791299524436
-62890923111840890
-64348910528326788
-65579754312540825
-66577055829426856
-67335045802374872
-67848613070281976
-68113333344613359
-68125497966463276
-67882142663616022
-67381076307606908
-66620909670783237
-65601084183365280
-64321900690507252
-62784548209358288
-60991132686123419
-58944705753124548
-56649293485861426
-54109925160072628
-51332662008796529
-48324625979432280
-45094028490800784
-41650199190205672
-38003614710494279
-34165927427118620
-30149994215196366
-25969905206571820
-21641012546876893
-17179959152592080
-12604707468107436
-7934568222783552
-3190229188012531
1606216065721036
6431239411779094
11259849410309148
16065562551183287
20820374496937208
25494731325709240
30057500774179368
34475943480508257
38715684227276276
42740683184422522
46513207152183844
49993800804033867
53141257929622016
55912592677712540
58263010799123536
60145880889665973
61512705633082716
62313093043987550
62494727710804204
62003342038705375
60782687492551752
58774505839831040
55918500393596984
52152307255408393
47411466558268164
41629393709562306
34737350633998964
26664417016547443
17337461545377232
6681113154797028
-5382267731806240
-18932617959028387
-34052200396508948
-50825632695992154
-69339916048387908
-89684463940832761
