-285943975603
27565813242
296079842916
522585376726
709966952101
861007888724
978391796664
1064704084508
1122433467493
1153973475638
1161623961876
1147592610186
1113996443725
1062863332960
996133503800
915661045728
823215419933
720482967442
609068417252
490496394462
366212928405
237586960780
105911853784
-27593101756
-161781178251
-295576703218
-427973551148
-558033635374
-684885399939
-807722311464
-925801351016
-1038441505976
-1145022261907
-1244982094422
-1337816961052
-1423078793114
-1500373987579
-1569361898940
-1629753331080
-1681309029140
-1723838171387
-1757196861082
-1781286618348
-1796052872038
-1801483451603
-1797607078960
-1784491860360
-1762243778256
-1731005183171
-1690953285566
-1642298647708
-1585283675538
-1520181110539
-1447292521604
-1366946796904
-1279498635756
-1185327040491
-1084833808322
-978442023212
-866594547742
-749752514979
-628393820344
-503011613480
-374112790120
-242216483955
-107852558502
28439901028
166114095862
304617021797
443390977332
581875071800
719506733500
855723217829
989963115414
1121667860244
1250283237802
1375260893197
1496059839296
1612147964856
1723003542656
1828116737629
1926991114994
2019145148388
2104113727998
2181449668693
2250725218156
2311533565016
2363490346980
2406235158965
2439433061230
2462776087508
2475984753138
2478809563197
2471032520632
2452468634392
2422967427560
2382414445485
2330732763914
2267884497124
2193872306054
2108740906437
2012578576932
1905518667256
1787741106316
1659473910341
1520994691014
1372632163604
1214767655098
1047836612333
872330110128
688796359416
497842215376
300134685565
96402438050
-112562690460
-325904186482
-542699351627
-761957794468
-982619922408
-1203555433548
-1423561808555
-1641362802530
-1855606936876
-2064865991166
-2267633495011
-2462323219928
-2647267671208
-2820716579784
-2980835394099
-3125703771974
-3253314072476
-3361569847786
-3448284335067
-3511178948332
-3547881770312
-3555926044324
-3532748666139
-3475688675850
-3381985749740
-3248778692150
-3073103927347
-2851893991392
-2581976024008
-2260070260448
-1882788523363
-1446632714670
-947993307420
-383147837666
251740603669
960624878924
1747575311832
2616781195652
3572552301301
4619320385486
5761640698836
7004193494034
8351785533949
