1873488401785
1771722733440
1662470056896
1546769128916
1425613289401
1299951215456
1170687675456
1038684283112
904760251537
769693147312
634219644552
499036278972
364800201953
232129934608
101606121848
-26227713552
-150864416887
-271832447456
-388695124496
-501049873116
-608527470231
-710791290496
-807536552240
-898489563400
-983406967455
-1062074989360
-1134308681480
-1199951169524
-1258872898479
-1310970878544
-1356167931064
-1394411934464
-1425675070183
-1449953068608
-1467264455008
-1477649795468
-1481170942823
-1477910282592
-1467969978912
-1451471220472
-1428553466447
-1399373692432
-1364105636376
-1322939044516
-1276078917311
-1223744755376
-1166169805416
-1103600306160
-1036294734295
-964523050400
-888565944880
-808714083900
-725267355319
-638534114624
-548830430864
-456479332584
-361810053759
-265157279728
-166860393128
-67262719828
33289225137
134446491632
235858448488
337173537568
438040027833
538106769408
637023947648
734443837204
830021556089
923415819744
1014289695104
1102311354664
1187154830545
1268500768560
1346037182280
1419460207100
1488474854305
1552795765136
1612147964856
1666267616816
1714902776521
1757814145696
1794775826352
1825576074852
1850018055977
1867920596992
1879118941712
1883465504568
1880830624673
1871103319888
1854192040888
1830025425228
1798553051409
1759746192944
1713598572424
1660127115584
1599372705369
1531400936000
1456302867040
1374195777460
1285223919705
1189559273760
1087402301216
978982699336
864560155121
744425099376
618899460776
488337419932
353126163457
213686638032
70474304472
-76020108208
-225269848727
-376711389472
-529743672432
-683727355132
-837984056567
-991795603136
-1144403274576
-1295007049896
-1442764853311
-1586791800176
-1726159442920
-1859895016980
-1986980686735
-2106352791440
-2216901091160
-2317468012704
-2406847895559
-2483786237824
-2546978942144
-2595071561644
-2626658545863
-2640282486688
-2634433364288
-2607547793048
-2558008267503
-2484142408272
-2384222207992
-2256463277252
-2099024090527
-1910005232112
-1687448642056
-1429336862096
-1133592281591
-798076383456
-420588990096
1132490660
469413819625
986644680320
1555279433040
2177837868920
2856905964001
3595136633296
4395250484856
5260036573836
6192353156561
