85101107
79540048
74139310
68896976
63811129
58879852
54101228
49473340
44994271
40662104
36474922
32430808
28527845
24764116
21137704
17646692
14289163
11063200
7966886
4998304
2155537
-563332
-3160220
-5637044
-7995721
-10238168
-12366302
-14382040
-16287299
-18083996
-19774048
-21359372
-22841885
-24223504
-25506146
-26691728
-27782167
-28779380
-29685284
-30501796
-31230833
-31874312
-32434150
-32912264
-33310571
-33630988
-33875432
-34045820
-34144069
-34172096
-34131818
-34025152
-33854015
-33620324
-33325996
-32972948
-32563097
-32098360
-31580654
-31011896
-30394003
-29728892
-29018480
-28264684
-27469421
-26634608
-25762162
-24854000
-23912039
-22938196
-21934388
-20902532
-19844545
-18762344
-17657846
-16532968
-15389627
-14229740
-13055224
-11867996
-10669973
-9463072
-8249210
-7030304
-5808271
-4585028
-3362492
-2142580
-927209
281704
1482242
2672488
3850525
5014436
6162304
7292212
8402243
9490480
10555006
11593904
12605257
13587148
14537660
15454876
16336879
17181752
17987578
18752440
19474421
20151604
20782072
21363908
21895195
22374016
22798454
23166592
23476513
23726300
23914036
24037804
24095687
24085768
24006130
23854856
23630029
23329732
22952048
22495060
21956851
21335504
20629102
19835728
18953465
17980396
16914604
15754172
14497183
13141720
11685866
10127704
8465317
6696788
4820200
2833636
735179
-1477088
-3805082
-6250720
-8815919
-11502596
-14312668
-17248052
-20310665
-23502424
-26825246
-30281048
-33871747
