12670650288725
10492507334430
8494421126796
6667687889866
5003844975901
3494667849116
2132167069416
908585276132
-183605828243
-1151708494318
-2002801942068
-2743745377098
-3381181006907
-3921537057152
-4371030787912
-4735671509952
-5021263600987
-5233409521946
-5377512833236
-5458781211006
-5482229463411
-5452682546876
-5374778582360
-5252971871620
-5091535913475
-4894566420070
-4665984333140
-4409538840274
-4128810391179
-3827213713944
-3508000831304
-3174264076904
-2828939111563
-2474807939538
-2114501924788
-1750504807238
-1385155719043
-1020652200852
-659053218072
-302282177132
47870058253
389742150818
721799273484
1042630093094
1350943754149
1645566862544
1925440469304
2189617054320
2437257510085
2667628125430
2880097569260
3074133874290
3249301420781
3405257920276
3541751399336
3658617183276
3755774879901
3833225363242
3891047757292
3929396419742
3948497925717
3948648051512
3930208758328
3893605176008
3839322586773
3767903408958
3679944180748
3576092543914
3457044227549
3323540031804
3176362811624
3016334460484
2844312894125
2661189034290
2467883792460
2265345053590
2054544659845
1836475394336
1612147964856
1382587987616
1148832970981
911929299206
672929216172
432887809122
192859992397
-46102508828
-282954174808
-516658707492
-746192046787
-970545386822
-1188728192212
-1399771214322
-1602729507531
-1796685445496
-1980751737416
-2154074444296
-2315835995211
-2465258203570
-2601605283380
-2724186865510
-2832361013955
-2925537242100
-3003179528984
-3064809335564
-3110008620979
-3138422858814
-3149764053364
-3143813755898
-3120426080923
-3079530722448
-3021135970248
-2945331726128
-2852292520187
-2742280527082
-2615648582292
-2472843198382
-2314407581267
-2140984646476
-1953320035416
-1752265131636
-1538780077091
-1313936788406
-1078921973140
-835040146050
-583716645355
-326500649000
-65068190920
198774822696
463089597141
725801432926
984696709516
1237419869066
1481470400157
1714199821532
1932808665832
2134343463332
2315693725677
2473588929618
2604595500748
2705113797238
2771375093573
2799438564288
2785188267704
2724330129664
2612388927269
2444705272614
2216432596524
1922534132290
1557779899405
1116743687300
593800039080
-16878764740
-721325722499
-1525782127654
-2436700585044
-3460748027154
-4604808730379
