-2863718
-2313003
-1812030
-1358215
-949050
-582102
-255012
34506
288666
509611
699414
860079
993542
1101672
1186272
1249080
1291770
1315953
1323178
1314933
1292646
1257686
1211364
1154934
1089594
1016487
936702
851275
761190
667380
570728
472068
372186
271821
171666
72369
-25466
-121278
-214548
-304798
-391590
-474525
-553242
-627417
-696762
-761024
-819984
-873456
-921286
-963351
-999558
-1029843
-1054170
-1072530
-1084940
-1091442
-1092102
-1087009
-1076274
-1060029
-1038426
-1011636
-979848
-943268
-902118
-856635
-807070
-753687
-696762
-636582
-573444
-507654
-439526
-369381
-297546
-224353
-150138
-75240
0
75240
150138
224353
297546
369381
439526
507654
573444
636582
696762
753687
807070
856635
902118
943268
979848
1011636
1038426
1060029
1076274
1087009
1092102
1091442
1084940
1072530
1054170
1029843
999558
963351
921286
873456
819984
761024
696762
627417
553242
474525
391590
304798
214548
121278
25466
-72369
-171666
-271821
-372186
-472068
-570728
-667380
-761190
-851275
-936702
-1016487
-1089594
-1154934
-1211364
-1257686
-1292646
-1314933
-1323178
-1315953
-1291770
-1249080
-1186272
-1101672
-993542
-860079
-699414
-509611
-288666
-34506
255012
582102
949050
1358215
1812030
2313003
2863718
