-33871747
-30281048
-26825246
-23502424
-20310665
-17248052
-14312668
-11502596
-8815919
-6250720
-3805082
-1477088
735179
2833636
4820200
6696788
8465317
10127704
11685866
13141720
14497183
15754172
16914604
17980396
18953465
19835728
20629102
21335504
21956851
22495060
22952048
23329732
23630029
23854856
24006130
24085768
24095687
24037804
23914036
23726300
23476513
23166592
22798454
22374016
21895195
21363908
20782072
20151604
19474421
18752440
17987578
17181752
16336879
15454876
14537660
13587148
12605257
11593904
10555006
9490480
8402243
7292212
6162304
5014436
3850525
2672488
1482242
281704
-927209
-2142580
-3362492
-4585028
-5808271
-7030304
-8249210
-9463072
-10669973
-11867996
-13055224
-14229740
-15389627
-16532968
-17657846
-18762344
-19844545
-20902532
-21934388
-22938196
-23912039
-24854000
-25762162
-26634608
-27469421
-28264684
-29018480
-29728892
-30394003
-31011896
-31580654
-32098360
-32563097
-32972948
-33325996
-33620324
-33854015
-34025152
-34131818
-34172096
-34144069
-34045820
-33875432
-33630988
-33310571
-32912264
-32434150
-31874312
-31230833
-30501796
-29685284
-28779380
-27782167
-26691728
-25506146
-24223504
-22841885
-21359372
-19774048
-18083996
-16287299
-14382040
-12366302
-10238168
-7995721
-5637044
-3160220
-563332
2155537
4998304
7966886
11063200
14289163
17646692
21137704
24764116
28527845
32430808
36474922
40662104
44994271
49473340
54101228
58879852
63811129
68896976
74139310
79540048
85101107
