-75301965739
-82110747180
-87480415638
-91503568460
-94269904657
-95866263040
-96376660356
-95882329424
-94461757271
-92190723268
-89142337266
-85387077732
-80992829885
-76024923832
-70546172704
-64616910792
-58295031683
-51636026396
-44693021518
-37516817340
-30155925993
-22656609584
-15062918332
-7416728704
242218449
7876279756
15449871190
22929429932
30283376235
37482075288
44497799080
51304688264
57878714021
64197639924
70240983802
75989979604
81427539263
86538214560
91308158988
95725089616
99778248953
103458366812
106757622174
109669605052
112189278355
114312939752
116038183536
117363862488
118290049741
118818000644
118950114626
118689897060
118041921127
117011789680
115606097108
113832391200
111699135009
109215668716
106392171494
103239623372
99769767099
95995070008
91928685880
87584416808
82976675061
78120444948
73031244682
67725088244
62218447247
56528212800
50671657372
44666396656
38530351433
32281709436
25938887214
19520491996
13045283555
6532136072
0
-6532136072
-13045283555
-19520491996
-25938887214
-32281709436
-38530351433
-44666396656
-50671657372
-56528212800
-62218447247
-67725088244
-73031244682
-78120444948
-82976675061
-87584416808
-91928685880
-95995070008
-99769767099
-103239623372
-106392171494
-109215668716
-111699135009
-113832391200
-115606097108
-117011789680
-118041921127
-118689897060
-118950114626
-118818000644
-118290049741
-117363862488
-116038183536
-114312939752
-112189278355
-109669605052
-106757622174
-103458366812
-99778248953
-95725089616
-91308158988
-86538214560
-81427539263
-75989979604
-70240983802
-64197639924
-57878714021
-51304688264
-44497799080
-37482075288
-30283376235
-22929429932
-15449871190
-7876279756
-242218449
7416728704
15062918332
22656609584
30155925993
37516817340
44693021518
51636026396
58295031683
64616910792
70546172704
76024923832
80992829885
85387077732
89142337266
92190723268
94461757271
95882329424
96376660356
95866263040
94269904657
91503568460
87480415638
82110747180
75301965739
