44646948019032541
38937705928102211
33621315441198458
28681338726196207
24101735926899053
19866860826405695
15961456510476370
12370651030899287
9079953068857061
6075247598293147
3342791549278274
869209471376879
-1358510802986459
-3353022495160585
-5126624216901334
-6691264307005097
-8058545167942387
-9239727602491405
-10245735150371606
-11087158424877265
-11774259449511043
-12316975994617553
-12724925914016926
-13007411481638377
-13173423728153771
-13231646777611189
-13190462184068494
-13057953268226897
-12841909454064523
-12549830605469977
-12188931362875910
-11766145479892585
-11288130159941443
-10761270392888669
-10191683291678758
-9585222428968081
-8947482173758451
-8283802028030689
-7599270963378190
-6898731757640489
-6186785331536827
-5467795085299717
-4745891235308510
-4024975150722961
-3308723690116795
-2600593538111273
-1903825542008758
-1221449048426281
-556286239929107
89043528335699
712119392005706
1310714640869551
1882792382233373
2426501204287247
2940170839471618
3422307827843735
3871591180444085
4286868042662827
4667149357606226
5011605529463087
5319562086871189
5590495346283719
5824028075335706
6019925156210455
6178089249005981
6298556455101443
6381491980523578
6427185799313135
6436048316891309
6408606033426175
6345497207199122
6247467517971287
6115365730349989
5950139357155163
5752830322785794
5524570626586351
5266578006213221
4980151601001143
4666667615329642
4327574981989463
3964391025549005
3578697125720755
3172134380727722
2746399270669871
2303239320890557
1844448765342959
1371864209956514
887360296003351
392845363464725
-109742885602549
-618441723699662
-1131267734519377
-1646221149579595
-2161290184856921
-2674455377420230
-3183693922064233
-3686984007943043
-4182309155203741
-4667662551619942
-5141051389225361
-5600501200947379
-6044060197240609
-6469803602720462
-6875837992796713
-7260305630307067
-7621388802150725
-7957314155921950
-8266357036543633
-8546845822900859
-8797166264474473
-9015765817974646
-9201157983974441
-9351926643543379
-9466730394881005
-9544306889950454
-9583477171112017
-9583150007756707
-9542326232939825
-9460103080014526
-9335678519265385
-9168355594541963
-8957546759892373
-8702778216196846
-8403694247801297
-8060061559150891
-7671773611423609
-7238854959163814
-6761465586915817
-6239905245857443
-5674617790433597
-5066195514989830
-4415383490405905
-3723083900729363
-2990360379809089
-2218442347928878
-1408729348441001
-562795384399771
317606744804891
1230541106813890
2173884299665391
3145321115161253
4142340202233463
5162229730310570
6202073052684119
7258744369875085
8328904393000307
9408996007138922
10495239934698799
11583630398782973
12669930786556079
13749669312610786
14818134682334231
15870371755274453
16901177208506827
17905095200000498
18876413031984815
19809156814315765
