-157371875491373543
-130205588877624876
-105500338905031686
-83122614324044572
-62943048198790013
-44836360392948416
-28681300055632164
-14360588107263664
-1760859725453395
9227393169122044
18709879426841886
26788566183263148
33561736373242583
39124046245058632
43566582874533376
46976921679154488
49439183932197185
51034094276846180
51839038240317634
51928119747981108
51372218637481515
50239048172861072
48593212558681252
46496264454144736
44006762487217365
41180328768750092
38069706406600934
34724817019756924
31192818252456063
27518161288309272
23742648364422344
19905490285517896
16043363938057321
12190469804362740
8378589476738954
4637143171595396
993247243568083
-2528228300358432
-5904602286729108
-9115324861496464
-12141919975898627
-14967927872337380
-17578847570256210
-19962079352018356
-22106867248784857
-24004241526392600
-25646961171232368
-27029456376126888
-28147771026208879
-28999505184799100
-29583757579284398
-29901068086995756
-29953360221086341
-29743883616409552
-29277156515397068
-28558908253936896
-27596021747251419
-26396475975775444
-24969288471034250
-23324457801521636
-21472906058577969
-19426421342268232
-17197600247260072
-14799790348701848
-12247032688100679
-9554004259200492
-6735960493860070
-3808677747931100
-788395787136221
2308239727052928
5464234751537660
8662304375714192
11884930335595597
15114418527933756
18332956524341310
21522671085413612
24665685674850679
27744177973579144
30740437393874208
33636922593481592
36416318989739489
39061596273700516
41556065924253666
43883438722246260
46027882264605899
47974078478462416
49707281135269828
51213373364928288
52478925169906037
53491250939361356
54238466963264518
54709548946519740
54894389523087135
54783855770104664
54369846722010088
53645350884662920
52604503749466377
51242645307489332
49556377563588266
47543622050529220
45203677343109747
42537276572280864
39546644939269004
36235557229697968
32609395327710877
28675205730092124
24441757060389326
19919597583035276
15121112717469895
10060582552262184
4754239359232176
-779674892427112
-6520851022027727
-12446855123264828
-18533071050094734
-24752642902612972
-31076417512932325
-37472886931060880
-43908130910780076
-50345759395522752
-56746855004251195
-63069915517335188
-69270796362430058
-75302653100354724
-81115883910969745
-86658072079055368
-91873928480189576
-96705234066626136
-101090782353172647
-104966321903068588
-108264498813863366
-110914799203294364
-112843491695164989
-113973569905222720
-114224694927037156
-113513137817878064
-111751722084593427
-108849766169487492
-104713025936198818
-99243637155578324
-92340057991567337
-83897011487075640
-73805428049859520
-61952387938399816
-48221063747779967
-32490662895564060
-14636370107674878
5470710095728052
27963610914370411
52979560781985040
80660040880433892
111150842653829984
144602125322659349
181168473397902988
221008954195158822
264287175348763644
311171342325915071
