-7841048987317
-3952202974244
-367233598970
2924321693180
5932779243457
8668309179688
11140935416276
13360535654200
15336841381015
17079437870852
18597764184418
19901113168996
20998631458445
21899319473200
22612031420272
23145475293248
23508212872291
23708659724140
23755085202110
23655612446092
23418218382553
23050733724536
22560842971660
21956084410120
21243850112687
20431385938708
19525791534106
18534020331380
17462879549605
16319030194432
15108987058088
13839118719376
12515647543675
11144649682940
9732055075702
8283647447068
6805064308721
5301796958920
3779190482500
2242443750872
696609422023
-853406059484
-2402842462510
-3947085769340
-5481668175683
-7002268090672
-8504710136864
-9984965150240
-11439150180205
-12863528489588
-14254509554642
-15608649065044
-16922648923895
-18193357247720
-19417768366468
-20593022823512
-21716407375649
-22785354993100
-23797444859510
-24750402371948
-25642099140907
-26470552990304
-27233927957480
-27930534293200
-28558828461653
-29117413140452
-29605037220634
-30020595806660
-30363130216415
-30631827981208
-30826022845772
-30945194768264
-30988969920265
-30957120686780
-30849565666238
-30666369670492
-30407743724819
-30074045067920
-29665777151920
-29183589642368
-28628278418237
-28000785571924
-27302199409250
-26533754449460
-25696831425223
-24792957282632
-23823805181204
-22791194493880
-21697090807025
-20543605920428
-19332997847302
-18067670814284
-16750175261435
-15383207842240
-13969611423608
-12512375085872
-11014634122789
-9479670041540
-7910910562730
-6311929620388
-4686447361967
-3038330148344
-1371590553820
309612633880
2000974413607
3698043570788
5396222677426
7090768092100
8776789959965
10449252212752
12102972568768
13732622532896
15332727396595
16897666237900
18421671921422
19898831098348
21323084206441
22688225470040
23987902900060
25215618293992
26364727235903
27428439096436
28399817032810
29271777988820
30037092694837
30688385667808
31218135211256
31618673415280
31882186156555
32000713098332
31966147690438
31770237169276
31404582557825
30860638665640
30129714088852
29202971210168
28071426198871
26725949010820
25157263388450
23355946860772
21312430743373
19017000138416
16459793934640
13630804807360
10519879218467
7116717416428
3410873436286
-608244900340
-4951375985255
-9629404423688
-14653361034292
-20034422849144
-25783913113745
-31913301287020
-38434203041318
-45358380262412
-52697741049499
