84170018668341619
75030059152075034
66512115270172244
58588543329373630
51232427196499259
44417569625181752
38118483582599152
32310383576207792
26969176980475163
22071455363612782
17594485814309060
13516202268462170
9815196835912915
6470711127177596
3462627580180880
771460786988668
-1621651179459037
-3734955438615262
-5586092975593196
-7192107314433322
-8569453191370549
-9734005228101344
-10701066605050864
-11485377734640088
-12101124934552949
-12561949101003466
-12880954382002876
-13070716850626766
-13143293178282205
-13110229307974876
-12982569127576208
-12770863143090508
-12485177151922093
-12135100916142422
-11729756835757228
-11277808621973650
-10787469970467365
-10266513234649720
-9722278098934864
-9161680252006880
-8591220060086917
-8016991240200322
-7444689533443772
-6879621378252406
-6326712583666957
-5790517002600884
-5275225205107504
-4784673151647124
-4322350866354173
-3891411110304334
-3494678054781676
-3134655954545786
-2813537821098901
-2533214095953040
-2295281323897136
-2101050826264168
-1951557374198293
-1847567861921978
-1789589980003132
-1777880888622238
-1812455890839485
-1893097105861900
-2019362142310480
-2190592771487324
-2405923600642765
-2664290746242502
-2964440507234732
-3304938038317282
-3684176023204741
-4100383347895592
-4551633773939344
-5035854611703664
-5550835393641509
-6094236547558258
-6663598069878844
-7256348198914886
-7869812088131821
-8501220479416036
-9147718376342000
-9806373717439396
-10474186049460253
-11148095200646078
-11824989953994988
-12501716720528842
-13175088212560373
-13841892116960320
-14498899768424560
-15142874822741240
-15770581930057909
-16378795408148650
-16964307915681212
-17523939125484142
-18054544397813917
-18553023453622076
-19016329047822352
-19441475642557804
-19825548080467949
-20165710257955894
-20459213798455468
-20703406725698354
-20895742136981221
-21033786876432856
-21115230208281296
-21137892490120960
-21099733846179781
-20998862840586338
-20833545150636988
-20602212240062998
-20303470032297677
-19936107583743508
-19499105757039280
-18991645894327220
-18413118490520125
-17763131866568494
-17041520842727660
-16248355411824922
-15383949412526677
-14448869202605552
-13443942332207536
-12370266217119112
-11229216812034389
-10022457283822234
-8751946684793404
-7419948625967678
-6029039950340989
-4582119406152556
-3082416320152016
-1533499270866556
60715238131955
1695954104959834
3367578956154452
5070577473407102
6799554720295867
8548724469018488
10311900527125232
12082488064251760
13853474938851995
15617423024930990
17366459538777796
19092268365698330
20786081386748243
22438669805465788
24040335474604688
25580902222867004
27049707181636003
28435592111709026
29726894730030356
30911440036424086
31976531640326987
32908943087521376
33694909186867984
34320117337038824
34769698853250059
35028220293994870
35079674787776324
34907473359840242
34494436258908067
