7493448092
9738968122
11710314064
13422346502
14889488944
16125733573
17144646998
17959376005
18582653308
19026803300
19303747804
19425011824
19401729296
19244648839
18964139506
18570196535
18072447100
17480156062
16802231720
16047231562
15223368016
14338514201
13400209678
12415666201
11391773468
10335104872
9251923252
8148186644
7029554032
5901391099
4768775978
3636505003
2509098460
1390806338
285614080
-802751666
-1870817296
-2915356499
-3933384506
-4922152339
-5879141060
-6802056020
-7688821108
-8537573000
-9346655408
-10114613329
-10840187294
-11522307617
-12160088644
-12752823002
-13299975848
-13801179118
-14256225776
-14665064063
-15027791746
-15344650367
-15616019492
-15842410960
-16024463132
-16162935140
-16258701136
-16312744541
-16326152294
-16300109101
-16235891684
-16134863030
-15998466640
-15828220778
-15625712720
-15392593003
-15130569674
-14841402539
-14526897412
-14188900364
-13829291972
-13449981568
-13052901488
-12640001321
-12213242158
-11774590841
-11326014212
-10869473362
-10406917880
-9940280102
-9471469360
-9002366231
-8534816786
-8070626839
-7611556196
-7159312904
-6715547500
-6281847260
-5859730448
-5450640565
-5055940598
-4676907269
-4314725284
-3970481582
-3645159584
-3339633442
-3054662288
-2790884483
-2548811866
-2328824003
-2131162436
-1955924932
-1803059732
-1672359800
-1563457072
-1475816705
-1408731326
-1361315281
-1332498884
-1321022666
-1325431624
-1344069470
-1375072880
-1416365743
-1465653410
-1520416943
-1577907364
-1635139904
-1688888252
-1735678804
-1771784912
-1793221133
-1795737478
-1774813661
-1725653348
-1643178406
-1522023152
-1356528602
-1140736720
-868384667
-532899050
-127390171
355353724
922872196
1583038364
2344064656
3214508560
4203278375
5319638962
6573217495
7974009212
9532383166
11259087976
13165257578
15262416976
17562487993
20077795022
22821070777
25805462044
29044535432
32552283124
36343128628
40431932528
