40431932528
36343128628
32552283124
29044535432
25805462044
22821070777
20077795022
17562487993
15262416976
13165257578
11259087976
9532383166
7974009212
6573217495
5319638962
4203278375
3214508560
2344064656
1583038364
922872196
355353724
-127390171
-532899050
-868384667
-1140736720
-1356528602
-1522023152
-1643178406
-1725653348
-1774813661
-1795737478
-1793221133
-1771784912
-1735678804
-1688888252
-1635139904
-1577907364
-1520416943
-1465653410
-1416365743
-1375072880
-1344069470
-1325431624
-1321022666
-1332498884
-1361315281
-1408731326
-1475816705
-1563457072
-1672359800
-1803059732
-1955924932
-2131162436
-2328824003
-2548811866
-2790884483
-3054662288
-3339633442
-3645159584
-3970481582
-4314725284
-4676907269
-5055940598
-5450640565
-5859730448
-6281847260
-6715547500
-7159312904
-7611556196
-8070626839
-8534816786
-9002366231
-9471469360
-9940280102
-10406917880
-10869473362
-11326014212
-11774590841
-12213242158
-12640001321
-13052901488
-13449981568
-13829291972
-14188900364
-14526897412
-14841402539
-15130569674
-15392593003
-15625712720
-15828220778
-15998466640
-16134863030
-16235891684
-16300109101
-16326152294
-16312744541
-16258701136
-16162935140
-16024463132
-15842410960
-15616019492
-15344650367
-15027791746
-14665064063
-14256225776
-13801179118
-13299975848
-12752823002
-12160088644
-11522307617
-10840187294
-10114613329
-9346655408
-8537573000
-7688821108
-6802056020
-5879141060
-4922152339
-3933384506
-2915356499
-1870817296
-802751666
285614080
1390806338
2509098460
3636505003
4768775978
5901391099
7029554032
8148186644
9251923252
10335104872
11391773468
12415666201
13400209678
14338514201
15223368016
16047231562
16802231720
17480156062
18072447100
18570196535
18964139506
19244648839
19401729296
19425011824
19303747804
19026803300
18582653308
17959376005
17144646998
16125733573
14889488944
13422346502
11710314064
9738968122
7493448092
