33908783909
6097935228
-18376839558
-39706681220
-58076933857
-73667221168
-86651522724
-97198250240
-105470323847
-111625248364
-115815189570
-118187050476
-118882547597
-118038287224
-115785841696
-112251825672
-107557972403
-101821210004
-95153737726
-87663102228
-79452273849
-70619722880
-61259495836
-51461291728
-41310538335
-30888468476
-20272196282
-9534793468
1254634395
12030871608
22732516072
33301903016
43685028725
53831474268
63694329226
73230115420
82398710639
91163272368
99490161516
107348866144
114711925193
121554852212
127856059086
133596779764
138760993987
143335351016
147309093360
150673980504
153424212637
155556354380
157069258514
157963989708
158243748247
157913793760
156981368948
155455623312
153347536881
150669843940
147436956758
143664889316
139371181035
134574820504
129296169208
123556885256
117379847109
110789077308
103809666202
96467695676
88790162879
80804903952
72540517756
64026289600
55292114969
46368423252
37286101470
28076418004
18770946323
9401488712
0
-9401488712
-18770946323
-28076418004
-37286101470
-46368423252
-55292114969
-64026289600
-72540517756
-80804903952
-88790162879
-96467695676
-103809666202
-110789077308
-117379847109
-123556885256
-129296169208
-134574820504
-139371181035
-143664889316
-147436956758
-150669843940
-153347536881
-155455623312
-156981368948
-157913793760
-158243748247
-157963989708
-157069258514
-155556354380
-153424212637
-150673980504
-147309093360
-143335351016
-138760993987
-133596779764
-127856059086
-121554852212
-114711925193
-107348866144
-99490161516
-91163272368
-82398710639
-73230115420
-63694329226
-53831474268
-43685028725
-33301903016
-22732516072
-12030871608
-1254634395
9534793468
20272196282
30888468476
41310538335
51461291728
61259495836
70619722880
79452273849
87663102228
95153737726
101821210004
107557972403
112251825672
115785841696
118038287224
118882547597
118187050476
115815189570
111625248364
105470323847
97198250240
86651522724
73667221168
58076933857
39706681220
18376839558
-6097935228
-33908783909
