674230577194993
597485355718076
527437734021170
463721295246268
405980734755587
353871713918144
307060713896332
265224889432496
228051922635509
195239876767348
166497050029670
141541829350388
120102544170247
101917320229400
86733933353984
74309663242696
64411147253369
56814234189548
51303838087066
47673792000620
45726701790347
45273799908400
46134799185524
48137746617632
51118877152381
54922467475748
59400689798606
64413465643300
69828319630223
75520233264392
81371498722024
87271572637112
93116929888001
98810917383964
104263607851778
109391653622300
114118140417043
118372441134752
122090069637980
125212534539664
127687192989701
129467104461524
130510884538678
130782558701396
130251416113175
128891863407352
126683278473680
123609864244904
119660502483337
114828607567436
109111980278378
102512661586636
95036786438555
86694437542928
77499499157572
67469510875904
56625521413517
44991942394756
32596402139294
19469599448708
5645157393055
-8840522902552
-23948408471368
-39636980718440
-55862381634031
-72578560007044
-89737417638446
-107288955554692
-125181420221149
-143361449755520
-161774220141268
-180363591441040
-199072254010091
-217841874709708
-236613243120634
-255326417756492
-273920872277209
-292335641702440
-310509468624992
-328380949424248
-345888680479591
-362971404383828
-379568156156614
-395618409457876
-411062222801237
-425840385767440
-439894565217772
-453167451507488
-465602904699235
-477146100776476
-487743677856914
-497343882405916
-505896715449937
-513354078789944
-519669921214840
-524800384714888
-528703950695135
-531341586188836
-532676890070878
-532676239271204
-531308934988237
-528547348902304
-524367069389060
-518747047732912
-511669744340443
-503121274953836
-493091556864298
-481574455125484
-468567928766921
-454074177007432
-438099785468560
-420655872387992
-401758234832983
-381427494913780
-359689245997046
-336574198919284
-312118328200261
-286363018256432
-259355209614364
-231147545124160
-201798516172883
-171372608897980
-139940450400706
-107578954959548
-74371470243649
-40407923526232
-5784967898024
29393871519320
65018051359793
100969863799612
137124290343794
173348855612732
209503481128771
245440339102784
281003706220748
316029817430320
350346719727413
383774125942772
416123268528550
447196753344884
476788413446471
504683162869144
530656850416448
554476113446216
575898231657145
594670980875372
610532486841050
623211078994924
632425144264907
637882980852656
639282652020148
636311839876256
628647699163325
615956711043748
597894536886542
574105872053924
544224299687887
