-72293572483905773
-63953233032403176
-56214506927051550
-49046671732232416
-42419984400848147
-36305666895791480
-30675891811415028
-25503767995000792
-20763326168229673
-16429504548650984
-12478134471151962
-8885926009427280
-5630453597448559
-2690141650933880
-44250188817296
2327139545281656
4443139461588443
6322069002704024
7981469522135338
9438118662825792
10708044735685749
11806541098123016
12748180532573332
13546829625030856
14215663143578655
14767178416919192
15213209712904814
15564942617068240
15832928411153049
16027098451644168
16156778548298360
16230703342674712
16257030686665123
16243356021024792
16196726753902706
16123656639372128
16030140155961085
15921666885182856
15803235890066460
15679370093687144
15554130657696871
15431131360854808
15313552977557814
15204157656370928
15105303298557857
15018957936611464
14946714112784256
14889803257618872
14849110068478571
14825186888077720
14818268083012282
14828284422290304
14854877455862405
14897413893152264
14954999981587108
15026495885128200
15110530062801327
15205513647227288
15309654823152382
15420973205978896
15537314220295593
15656363478408200
15775661158869896
15892616385011800
16004521603473459
16108566962733336
16201854691639298
16281413477939104
16344212846810893
16387177539393672
16407201891317804
16401164211235496
16365941159351287
16298422125952536
16195523609939910
16054203597357872
15871475939925169
15644424733565320
15370218696937104
15046125549965048
14669526392369915
14237930082199192
13748987614357578
13200506499137472
12590465140749461
11917027215852808
11178556052085940
10373629006596936
9501051844574015
8559873117776024
7549398543062926
6469205380926288
5319156814019769
4099416325689608
2810462078505112
1453101292789144
28484625148611
-1461879452995048
-3016110276875374
-4631940609850400
-6306702264872163
-8037311725956216
-9820255769651140
-11651577086508056
-13526859902550137
-15441215600742120
-17389268342459818
-19365140688959632
-21362439222848063
-23374240169551224
-25393075018784352
-27410916146021320
-29419162433964149
-31408624894012520
-33369512287733286
-35291416748329984
-37163299402112347
-38973475989965816
-40709602488821052
-42358660733123448
-43906944036302641
-45340042812242024
-46642830196748258
-47799447669020784
-48793290673121335
-49606994239443448
-50222418606181976
-50620634840802600
-50781910461511341
-50685695058724072
-50310605916536030
-49634413634191328
-48634027747552467
-47285482350569848
-45563921716751284
-43443585920631512
-40897796459241705
-37898941873578984
-34418463370075930
-30426840442070096
-25893576491273519
-20787184449242232
-15075172398845776
-8724029195736712
-1699210089820133
6034877653276824
14514889130735466
23778556181076032
33864701762688181
44813254332361480
56665262223815892
69462908026232264
83249522962782815
98069601269161624
113968814572115118
130994026267972560
149193305901176537
