14165992841
11749854732
9497233746
7402672108
5460788315
3666277136
2013909612
498533056
-884928947
-2141476540
-3276033594
-4293447708
-5198490209
-5995856152
-6690164320
-7285957224
-7787701103
-8199785924
-8526525382
-8772156900
-8940841629
-9036664448
-9063633964
-9025682512
-8926666155
-8770364684
-8560481618
-8300644204
-7994403417
-7645233960
-7256534264
-6831626488
-6373756519
-5886093972
-5371732190
-4833688244
-4274902933
-3698240784
-3106490052
-2502362720
-1888494499
-1267444828
-641696874
-13657532
614342575
1240049096
1861283952
2475945336
3082007713
3677521820
4260614666
4829489532
5382425971
5917779808
6433983140
6929544336
7403048037
7853155156
8278602878
8678204660
9050850231
9395505592
9711213016
9997091048
10252334505
10476214476
10668078322
10827349676
10953528443
11046190800
11104989196
11129652352
11119985261
11075869188
10997261670
10884196516
10736783807
10555209896
10339737408
10090705240
9808528561
9493698812
9146783706
8768427228
8359349635
7920347456
7452293492
6956136816
6432902773
5883692980
5309685326
4712133972
4092369351
3451798168
2791903400
2114244296
1420456377
712251436
-8582462
-740180980
-1480603509
-2227833168
-2979776804
-3734264992
-4489052035
-5241815964
-5990158538
-6731605244
-7463605297
-8183531640
-8888680944
-9576273608
-10243453759
-10887289252
-11504771670
-12092816324
-12648262253
-13167872224
-13648332732
-14086254000
-14478169979
-14820538348
-15109740514
-15342081612
-15513790505
-15621019784
-15659845768
-15626268504
-15516211767
-15325523060
-15049973614
-14685258388
-14226996069
-13670729072
-13011923540
-12245969344
-11368180083
-10373793084
-9257969402
-8015793820
-6642274849
-5132344728
-3480859424
-1682598632
267734225
2375511996
4646183802
7085275036
9698387363
12491198720
15469463316
18639011632
22005750421
25575662708
29354807790
33349321236
37565414887
