237757884946185430099
234541921045553517620
230069128157243605118
224444403120864830788
217768887800437386257
210140024211678407576
201651609649287866212
192393851814234460040
182453423941041504335
171913519925072822764
160853909449818638378
149350993114181464604
137477857559761996237
125304330598145000432
112897036338185207696
100319450313293202880
87631954608721316171
74891892988849514084
62153626024471290454
49468586220079557428
36885333141152536457
24449608541439649288
12204391490247408956
189953499725310776
-11556086347848276665
-22998706272780220516
-34105426670676732670
-44846254985157478772
-55193630580569687227
-65122369614702258208
-74609609911499872664
-83634755833777101328
-92179423155932513725
-100227383936662787180
-107764511391676815826
-114778724766409819612
-121259934208737453311
-127199985641689915528
-132592605636166057708
-137433346283647493144
-141719530068912705985
-145450194742751160244
-148626038194677408806
-151249363325645202436
-153324022920761598787
-154855364522001071408
-155850175300919618752
-156316626931368873184
-156264220462210209989
-155703731190028856380
-154647153531848000506
-153107645897842900460
-151099475564054993287
-148637963545106003992
-145739429466912054548
-142421136439397772904
-138701235929210401993
-134598712632433908740
-130133329347303093070
-125325571846917696916
-120196593751956513227
-114768161403391494976
-109062598735201864168
-103102732147088220848
-96911835377186652109
-90513574374782841100
-83931952173026176034
-77191253761643859196
-70315990959655015951
-63330847288084803752
-56260622842678521148
-49130179166615716792
-41964384123224298449
-34788056768694642004
-27625912224793700470
-20502506551579112996
-13442181620113313875
-6469009985177641552
393260242013552368
7121260521098794112
13692057009855378731
20083205691485261092
26272807501900946870
32239563457011383540
37962829780007851369
43422673028649854408
48599925222551011484
53476238970464947192
58034142597571182887
62257095272761027676
66129542135923469410
69636969425231065676
72765959604425834789
75504246490105146784
77840770379007614408
79765733175298984112
81270653517858027043
82348421907562430036
82993355834574686606
83201254905627987940
82969455971312113889
82296888253359323960
81184128471930248308
79633455972899778728
77648907855142959647
75236334097820879116
72403452687666559802
69159904746270849980
65517309657368314525
61489320194123125904
57091677646414955168
52342266948124862944
47261171804421190427
41870729819045450372
36195587621598218086
30262755994825022420
24101665001902236761
17744219113722970024
11224852336182957644
4580583337466452568
-2148929424667883753
-8921332575601090372
-15691522696568015854
-22411591197371427284
-29030769189096119275
-35495372356823022976
-41748745832343315080
-47731209066872526832
-53380000703764653037
-58629223451226261068
-63409788955030599874
-67649362671231708988
-71272308738878527535
-74199634852729003240
-76348937135964201436
-77634345012902414072
-77966466081713268721
-77252330987131837588
-75395338293172746518
-72295199355844284004
-67847883195862510195
-61945561371365365904
-54476552850626781616
-45325268884770786496
-34372157880485617397
-21493650272737827868
-6562103397486397162
10554253635603160756
29991375070444688201
51889453631817274760
76392975652651148284
103650776201313565880
133816094208894704903
167046627596493553948
203504588402503803842
243356757909899738636
286774541773522126597
