161945147
153428548
145110406
136988804
129061825
121327552
113784068
106429456
99261799
92279180
85479682
78861388
72422381
66160744
60074560
54161912
48420883
42849556
37446014
32208340
27134617
22222928
17471356
12877984
8440895
4158172
27898
-3951844
-7782971
-11467400
-15007048
-18403832
-21659669
-24776476
-27756170
-30600668
-33311887
-35891744
-38342156
-40665040
-42862313
-44935892
-46887694
-48719636
-50433635
-52031608
-53515472
-54887144
-56148541
-57301580
-58348178
-59290252
-60129719
-60868496
-61508500
-62051648
-62499857
-62855044
-63119126
-63294020
-63381643
-63383912
-63302744
-63140056
-62897765
-62577788
-62182042
-61712444
-61170911
-60559360
-59879708
-59133872
-58323769
-57451316
-56518430
-55527028
-54479027
-53376344
-52220896
-51014600
-49759373
-48457132
-47109794
-45719276
-44287495
-42816368
-41307812
-39763744
-38186081
-36576740
-34937638
-33270692
-31577819
-29860936
-28121960
-26362808
-24585397
-22791644
-20983466
-19162780
-17331503
-15491552
-13644844
-11793296
-9938825
-8083348
-6228782
-4377044
-2530051
-689720
1142032
2963288
4772131
6566644
8344910
10105012
11845033
13563056
15257164
16925440
18565967
20176828
21756106
23301884
24812245
26285272
27719048
29111656
30461179
31765700
33023302
34232068
35390081
36495424
37546180
38540432
39476263
40351756
41164994
41914060
42597037
43212008
43757056
44230264
44629715
44953492
45199678
45366356
45451609
45453520
45370172
45199648
44940031
44589404
44145850
43607452
42972293
