-8975794126
-3563112131
1289329534
5611252037
9431502394
12778064971
15678072986
18157820011
20242771474
21957576161
23326077718
24371326153
25115589338
25580364511
25786389778
25753655615
25501416370
25048201765
24411828398
23609411245
22657375162
21571466387
20366764042
19057691635
17658028562
16180921609
14638896454
13043869169
11407157722
9739493479
8051032706
6351368071
4649540146
2954048909
1272865246
-386557547
-2017272262
-3612826277
-5167250054
-6675045637
-8131175150
-9531049295
-10870515850
-12145848167
-13353733670
-14491262353
-15555915278
-16545553073
-17458404430
-18293054603
-19048433906
-19723806211
-20318757446
-20833184093
-21267281686
-21621533309
-21896698094
-22093799719
-22214114906
-22259161919
-22230689062
-22130663177
-21961258142
-21724843369
-21423972302
-21061370915
-20639926210
-20162674715
-19632790982
-19053576085
-18428446118
-17760920693
-17054611438
-16313210495
-15540479018
-14740235671
-13916345126
-13072706561
-12213242158
-11341885601
-10462570574
-9579219259
-8695730834
-7815969971
-6943755334
-6082848077
-5236940342
-4409643757
-3604477934
-2824858967
-2074087930
-1355339375
-671649830
-25906297
579165250
1141011367
1657262642
2125745197
2544492190
2911755317
3226016314
3485998459
3690678074
3839296027
3931369234
3966702161
3945398326
3867871801
3734858714
3547428751
3306996658
3015333743
2674579378
2287252501
1856263118
1384923805
876961210
336527555
-231787862
-822947165
-1431452398
-2051334023
-2676139418
-3298921375
-3912226598
-4508084201
-5077994206
-5612916041
-6103257038
-6538860931
-6908996354
-7202345339
-7406991814
-7510410101
-7499453414
-7360342357
-7078653422
-6639307487
-6026558314
-5223981047
-4214460710
-2980180705
-1502611310
237501823
2260149170
4586068837
7236758062
10234484717
13602298810
17364043987
21544369034
26168739379
31263448594
36855629897
42973267654
49645208881
56901174746
