19689787098709
19182332876252
18643046014166
18074000071924
17477232055643
16854742418084
16208495058652
15540417323396
14852400005009
14146297342828
13423927022834
12687070177652
11937471386551
11176838675444
10406843516888
9629120830084
8845268980877
8056849781756
7265388491854
6472373816948
5679257909459
4887456368452
4098348239636
3313276015364
2533545634633
1760426483084
995151393002
238916643316
-507118040401
-1241829485932
-1964131074416
-2672972740348
-3367340971579
-4046258809316
-4708785848122
-5354018235916
-5981088673973
-6589166416924
-7177457272756
-7745203602812
-8291684321791
-8816214897748
-9318147352094
-9796870259596
-10251808748377
-10682424499916
-11088215749048
-11468717283964
-11823500446211
-12152173130692
-12454379785666
-12729801412748
-12978155566909
-13199196356476
-13392714443132
-13558537041916
-13696527921223
-13806587402804
-13888652361766
-13942696226572
-13968728979041
-13966797154348
-13936983841024
-13879408680956
-13794227869387
-13681634154916
-13541856839498
-13375161778444
-13181851380421
-12962264607452
-12716776974916
-12445800551548
-12149783959439
-11829212374036
-11484607524142
-11116527691916
-10725567712873
-10312358975884
-9877569423176
-9421903550332
-8946102406291
-8450943593348
-7937241267154
-7405846136716
-6857645464397
-6293563065916
-5714559310348
-5121631120124
-4515811971031
-3898171892212
-3269817466166
-2631891828748
-1985574669169
-1332082229996
-672667307152
-8619249916
658736039077
1328036103836
1997881935014
2666837969908
3333432092459
3996155633252
4653463369516
5303773525124
5945467770593
6576891223084
7196352446402
7802123450996
8392439693959
8965500079028
9519466956584
10052466123652
10562586823901
11047881747644
11506367031838
11936022260084
12334790462627
12700578116356
13031255144804
13324654918148
13578574253209
13790773413452
13958976108986
14080869496564
14154104179583
14176294208084
14145017078752
14057813734916
13912188566549
13705609410268
13435507549334
13099277713652
12694278079771
12217830270884
11667219356828
11039693854084
10332465725777
9542710381676
8667566678194
7704136918388
6649486851959
5500645675252
4254606031256
2908324009604
1458719146573
-97325574916
-1762963725298
-3541385428364
-5435817361261
-7449522754492
-9585801391916
-11847989610748
-14239460301559
-16763622908276
-19423923428182
-22223844411916
-25166904963473
