46471367565077
41096740068244
36045160583194
31306166555252
26869441643167
22724815719112
18862264868684
15271911390904
11944023798217
8869016816492
6037451385022
3440034656524
1067619997139
-1088793013568
-3038058582608
-4788884703568
-6349833156611
-7729319508476
-8935613112478
-9976837108508
-10860968423033
-11595837769096
-12189129646316
-12648382340888
-12980987925583
-13194192259748
-13295094989306
-13290649546756
-13187663151173
-12992796808208
-12712565310088
-12353337235616
-11921334950171
-11422634605708
-10863166140758
-10248713280428
-9584913536401
-8877258206936
-8131092376868
-7351614917608
-6543878487143
-5712789530036
-4863108277426
-3999448747028
-3126278743133
-2247919856608
-1368547464896
-492190732016
377267391437
1236090168292
2080687074802
2907613800644
3713572248919
4495410536152
5250122992292
5974850160712
6666878798209
7323641875004
7942718574742
8521834294492
9058860644747
9551815449424
9998862745864
10398312784832
10748622030517
11048393160532
11296375065914
11491462851124
11632697834047
11719267545992
11750505731692
11725892349304
11645053570409
11507761780012
11313935576542
11063639771852
10757085391219
10394629673344
9976776070352
9504174247792
8977620084637
8398055673284
7766569319554
7084395542692
6352915075367
5573654863672
4748288067124
3878634058664
2966658424657
2014472964892
1024335692582
-1349165636
-1060031169701
-2149013666128
-3265453788008
-4406362455008
-5568604373371
-6748898035916
-7943815722038
-9149783497708
-10363081215473
-11579842514456
-12796054820356
-14007559345448
-15210051088583
-16399078835188
-17570045157266
-18718206413396
-19838672748733
-20926408095008
-21976230170528
-22982810480176
-23940674315411
-24844200754268
-25687622661358
-26465026687868
-27170353271561
-27797396636776
-28339804794428
-28791079542008
-29144576463583
-29393504929796
-29530928097866
-29549762911588
-29442780101333
-29202604184048
-28821713463256
-28292440029056
-27606969758123
-26757342313708
-25735451145638
-24533043490316
-23141720370721
-21552936596408
-19758000763508
-17748075254728
-15514176239351
-13047173673236
-10337791298818
-7376606645108
-4154051027693
-660409548736
3114178903024
7179721652272
11546372237117
16224430409092
21224342133154
26556699587684
32232241164487
38261851468792
44656561319252
51427547747944
58586134000369
66143789535452
74112130025542
82502917356412
91328059627259
