172036577084901529
135855084357058836
102934289896333434
73110471970026788
46224506678301187
22121810440057792
652282478814684
-18329752691415088
-34965602780245459
-49392265235039300
-61742484755030370
-72144810805445268
-80723655131625385
-87599349273148856
-92888202077952512
-96702557216453832
-99150850695672895
-100337668373354332
-100363803472089278
-99326314093437324
-97318580732048469
-94430363789785072
-90747861089843804
-86353765390877600
-81327321901117611
-75744385792495156
-69677479714763674
-63195851309620676
-56365530724829697
-49249388128342248
-41907191222419768
-34395662757755576
-26768538047596823
-19076622481866444
-11367849041285110
-3687335811493180
3922556502827347
11422167063830880
18774477386386284
25945053823954928
32901990054468733
39615849566208220
46059608143680558
52208596353497612
58040442030253991
63535012762405096
68674358378145168
73442653431285336
77826139687131665
81813068608363204
85393643840910034
88559963699831316
91305963655193339
93627358817947568
95521586425808692
96987748329132672
98026553476794789
98640260402067692
98832619708499446
98608816555791580
97975413145677135
96940291207798712
95512594485586520
93702671222136424
91522016646087993
88983215457502548
86099884313741210
82886614315342948
79358913491902627
75533149287949056
71426491048823036
67056852506555408
62442834265745101
57603666289437180
52559150385000894
47329602690007724
41935796158109431
36398903044916104
30740437393874208
24982197522144632
19146208506480737
13254664669106404
7329872063594082
1394190960742836
-4530021665543605
-10420469652378800
-16254975162015548
-22011536195967840
-27668384109132811
-33204041123912692
-38597377844336762
-43827670770183300
-48874659811101537
-53718605800733608
-58340348010836504
-62721361665404024
-66843815454788727
-70690629049823884
-74245530615945430
-77493114327313916
-80418897880936461
-83009380010788704
-85252098001936756
-87135685204659152
-88649928548568803
-89785826056734948
-90535644359805106
-90892976210127028
-90852797995870649
-90411527255150040
-89567080190145360
-88318929181224808
-86668160301066575
-84617530828780796
-82171526764031502
-79336420341158572
-76120327543299685
-72533265616512272
-68587210583895468
-64296154759712064
-59676164263510459
-54745436534246612
-49524357844405994
-44035560814125540
-38303981925315601
-32356919035781896
-26224088893347464
-19937684649974616
-13532433375886887
-7045653573690988
-517312692498758
6009915357950884
12490592693169987
18876459939799616
25116378721487900
31156274144768080
36939077284936557
42404667671930940
47489815776208094
52128125494622188
56249976636302743
59782467408532680
62649356902626368
64771007579807672
66064327757088001
66442714093144356
65815994074197378
64090368499889396
61168353969162475
56948725366136464
51326458345987044
44192671820823776
35434570445568149
24935387103831628
12574325393793702
-1773497885920068
-18237110250360001
