18237110250360001
1773497885920068
-12574325393793702
-24935387103831628
-35434570445568149
-44192671820823776
-51326458345987044
-56948725366136464
-61168353969162475
-64090368499889396
-65815994074197378
-66442714093144356
-66064327757088001
-64771007579807672
-62649356902626368
-59782467408532680
-56249976636302743
-52128125494622188
-47489815776208094
-42404667671930940
-36939077284936557
-31156274144768080
-25116378721487900
-18876459939799616
-12490592693169987
-6009915357950884
517312692498758
7045653573690988
13532433375886887
19937684649974616
26224088893347464
32356919035781896
38303981925315601
44035560814125540
49524357844405994
54745436534246612
59676164263510459
64296154759712064
68587210583895468
72533265616512272
76120327543299685
79336420341158572
82171526764031502
84617530828780796
86668160301066575
88318929181224808
89567080190145360
90411527255150040
90852797995870649
90892976210127028
90535644359805106
89785826056734948
88649928548568803
87135685204659152
85252098001936756
83009380010788704
80418897880936461
77493114327313916
74245530615945430
70690629049823884
66843815454788727
62721361665404024
58340348010836504
53718605800733608
48874659811101537
43827670770183300
38597377844336762
33204041123912692
27668384109132811
22011536195967840
16254975162015548
10420469652378800
4530021665543605
-1394190960742836
-7329872063594082
-13254664669106404
-19146208506480737
-24982197522144632
-30740437393874208
-36398903044916104
-41935796158109431
-47329602690007724
-52559150385000894
-57603666289437180
-62442834265745101
-67056852506555408
-71426491048823036
-75533149287949056
-79358913491902627
-82886614315342948
-86099884313741210
-88983215457502548
-91522016646087993
-93702671222136424
-95512594485586520
-96940291207798712
-97975413145677135
-98608816555791580
-98832619708499446
-98640260402067692
-98026553476794789
-96987748329132672
-95521586425808692
-93627358817947568
-91305963655193339
-88559963699831316
-85393643840910034
-81813068608363204
-77826139687131665
-73442653431285336
-68674358378145168
-63535012762405096
-58040442030253991
-52208596353497612
-46059608143680558
-39615849566208220
-32901990054468733
-25945053823954928
-18774477386386284
-11422167063830880
-3922556502827347
3687335811493180
11367849041285110
19076622481866444
26768538047596823
34395662757755576
41907191222419768
49249388128342248
56365530724829697
63195851309620676
69677479714763674
75744385792495156
81327321901117611
86353765390877600
90747861089843804
94430363789785072
97318580732048469
99326314093437324
100363803472089278
100337668373354332
99150850695672895
96702557216453832
92888202077952512
87599349273148856
80723655131625385
72144810805445268
61742484755030370
49392265235039300
34965602780245459
18329752691415088
-652282478814684
-22121810440057792
-46224506678301187
-73110471970026788
-102934289896333434
-135855084357058836
-172036577084901529
