90938359841757935
77716880864249680
65539875705787000
54357288950841188
44120451912265255
34782065284759666
26296181798338076
18618188871793066
11704791266161879
5513993738192156
5083693807672
-4861386158425928
-9123615153835393
-12818572018174130
-15982012214156468
-18648495287991922
-20851402215919457
-22622952750741752
-23994222768359464
-24995161614305492
-25654609450279241
-26000314600680886
-26058950899145636
-25856135035077998
-25416443900186041
-24763431935015660
-23919648475484840
-22906655099417920
-21745042973079857
-20454450197710490
-19053579156058804
-17560213858917194
-15991237291655729
-14362648760756416
-12689581240347464
-10986318718737548
-9266313544950073
-7542203775257438
-5825830519715300
-4128255288696838
-2459777339427017
-829951022516852
752396871502328
2279149765644616
3742883949935263
5136851234876414
6454961604912844
7691765871897694
8842438328558207
9902759401961464
10869098306980120
11738395699758140
12508146331176535
13176381700319098
13741652707938140
14203012309920226
14559998170751911
14812615316985476
14961318790704664
15006996302990416
14950950887386607
14794883553365782
14540875939794892
14191372968401030
13749165497237167
13217372974147888
12599426090235128
11899049433323908
11120244141428071
10267270556216018
9344630876476444
8357051811584074
7309467234965399
6207000837564412
5054948781308344
3858762352573400
2624030615650495
1356463066210990
61872284772428
-1253843409835730
-2584717307006369
-3924731650888984
-5267834986923944
-6607959508376756
-7939038402872329
-9255023198929238
-10549901112493988
-11817712393475278
-13052567672278265
-14248665306338828
-15400308726657832
-16501923784335392
-17548076097105137
-18533488395868474
-19453057871228852
-20301873520026026
-21075233491870321
-21768662435676896
-22377928846200008
-22899062410567276
-23328371354813945
-23662459790417150
-23898245060830180
-24032975088016742
-24064245718985225
-23990018072322964
-23808635884730504
-23518842857555864
-23119800003328801
-22611102992295074
-21992799498950708
-21265406548576258
-20429927863771073
-19487871210987560
-18441265747065448
-17292679365766052
-16045236044306537
-14702633189894182
-13269158986260644
-11749709740196222
-10149807228084121
-8475616042434716
-6733960938419816
-4932344180406928
-3078962888493521
-1182726385041290
746726458789580
2699009876506150
4662973859748463
6626686811755280
8577418200829816
10501621213805476
12384915409511591
14212069372239154
15966983365206556
17632671984025322
19191246810165847
20623899064423132
21910882260382520
23031494857885432
23964062916495103
24685922748962318
25173403574691148
25401810173204686
25345405537610783
24977393528067784
24269901525250264
23193963083814764
21719500585865527
19815307894420234
17449033006875740
14587160708473810
11194995225766855
7236642880083668
2674994740995160
-2528290720219904
-8412804977109169
