-11892218543139779
-5532174416304034
241723952160572
5457120255513658
10140930626935157
14319352312792448
18017872345907488
21261276218823944
24073656557074325
26478421792447114
28498304836253900
30155371752596510
31471030431634141
32466039262850492
33160515808320896
33573945475979452
33725190192886157
33632497078494038
33313507117916284
32785263835193378
32064221966560229
31166256133713304
30106669517077760
28900202529074576
27561041487387685
26102827288231106
24538664079616076
22881127934618182
21142275524644493
19333652792700692
17466303626658208
15550778532521348
13597143307694429
11614987714248910
9613434152190524
7601146332726410
5586337951532245
3576781362019376
1579816248601952
-397641700035944
-2349092117673163
-4268441287284358
-6149993467772852
-7988442220703506
-9778861737035587
-11516698163855636
-13197760931110336
-14818214078339380
-16374567581408339
-17863668679241530
-19282693200554884
-20629136890588814
-21900806737841083
-23095812300799672
-24212557034675648
-25249729618136032
-26206295280036667
-27081487126155086
-27874797465923380
-28585969139161066
-29214986842807955
-29762068457657020
-30227656375087264
-30612408823796588
-30917191196534659
-31143067376835778
-31291291065751748
-31363297108584742
-31360692821620171
-31285249318859552
-31138892838753376
-30923696070933976
-30641869482948395
-30295752646991254
-29887805566637620
-29420600003575874
-28896810804340579
-28319207227045348
-27690644268115712
-27014053989021988
-26292436843012147
-25528853001844682
-24726413682521476
-23888272474020670
-23017616664029531
-22117658565677320
-21191626844268160
-20242757844013904
-19274286914767003
-18289439738753374
-17291423657305268
-16283418997594138
-15268570399363507
-14249978141661836
-13230689469575392
-12213689920961116
-11201894653179491
-10198139769827410
-9205173647471044
-8225648262378710
-7262110517253739
-6316993567967344
-5392608150291488
-4491133906631752
-3614610712760203
-2764930004548262
-1943826104699572
-1152867549482866
-393448415464835
333220353757004
1026119620821440
1684430727870700
2307544169817581
2895068267612582
3446837841511036
3962922884340242
4443637234766597
4889547250562728
5301480481874624
5680534344488768
6028084793099269
6345794994574994
6635624001226700
6899835424074166
7141006106113325
7362034795583396
7566150819234016
7756922755592372
7938267108230333
8114456979031582
8290130741458748
8470300713820538
8660361832538869
8866100325416000
9093702384901664
9349762841360200
9641293836337685
9975733495829066
10360954603545292
10805273274180446
11317457626678877
11906736457502332
12582807913897088
13355848167161084
14236520085911053
15235981909349654
16365895920532604
17638437119635810
19066301897222501
20662716707510360
22441446741638656
24416804600935376
26603658970184357
29017443290892418
31674164434556492
34590411375930758
37783363866293773
