71263644718721
62710520150908
54665001489322
47111033515820
40032780332395
33414625361176
27241171344428
21497240344552
16167873744085
11238332245700
6694095872206
2520863966548
-1295444808193
-4768692468800
-7912521711920
-10740355914064
-13265399131607
-15500636100788
-17458832237710
-19152533638340
-20594067078509
-21795540013912
-22768840580108
-23525637592520
-24077380546435
-24435299617004
-24610405659242
-24613490208028
-24455125478105
-24145664364080
-23695240440424
-23113767961472
-22410941861423
-21596237754340
-20678911934150
-19668001374644
-18572323729477
-17400477332168
-16160841196100
-14861575014520
-13510619160539
-12115694687132
-10684303327138
-9223727493260
-7741030278065
-6243055453984
-4736427473312
-3227551468208
-1722613250695
-227579312660
1251803174146
2710006358108
4141721707747
5541860011720
6905551378820
8228145237976
9505210338253
10732534748852
11906125859110
13022210378500
14077234336631
15067863083248
15990981288232
16843692941600
17623321353505
18327409154236
18953718294218
19500230044012
19965144994315
20346883055960
20644083459916
20855604757288
20980524819317
21018140837380
20967969322990
20829746107796
20603426343583
20289184502272
19887414375920
19398729076720
18823961037001
18164162009228
17420603066002
16594774600060
15688386324275
14703367271656
13641865795348
12506249568632
11299105584925
10023240157780
8681678920886
7277666828068
5814668153287
4296366490640
2726664754360
1109685178816
-550230681487
-2248521951908
-3980408437670
-5740890623860
-7524749675429
-9326547437192
-11140626433828
-12961109869880
-14781901629755
-16596686277724
-18398929057922
-20181875894348
-21938553390865
-23661768831200
-25344110178944
-26977946077552
-28555425850343
-30068479500500
-31508817711070
-32867931844964
-34137093944957
-35307356733688
-36369553613660
-37314298667240
-38131986656659
-38812793024012
-39346673891258
-39723366060220
-39932387012585
-39963034909904
-39804388593592
-39445307584928
-38874432085055
-38080182974980
-37050761815574
-35774150847572
-34238112991573
-32430191848040
-30337711697300
-27947777499544
-25247274894827
-22222870203068
-18861010424050
-15147923237420
-11069617002689
-6611880759232
-1760284226288
3499822197040
9183307431785
15305259719116
21880986620338
28926015016892
36456091110355
44487180422440
53035467794996
62117357390008
71749472689597
81948656496020
92731970931670
104116697439076
116120336780903
