-72762155958037
-65150777467916
-57881331577538
-50946057306652
-44337266781719
-38047345235912
-32068751009116
-26394015547928
-21015743405657
-15926612242324
-11119372824662
-6586849026116
-2321937826843
1682390686288
5433093319696
8937053773088
12201082639459
15231917405092
18036222449558
20620589045716
22991535359713
25155506450984
27118874272252
28887937669528
30468922382111
31867981042588
33091193176834
34144565204012
35034030436573
35765449080256
36344608234088
36777221890384
37068930934747
37225303146068
37251833196526
37153942651588
36936979970009
36606220503832
36166866498388
35624047092296
34982818317463
34248163099084
33424991255642
32518139498908
31532371433941
30472377559088
29342775265984
28148108839552
26892849458003
25581395192836
24218071008838
22807128764084
21352747209937
19859031991048
18330015645356
16769657604088
15181844191759
13570388626172
11939031018418
10291438372876
8631204587213
6961850452384
5286823652632
3609498765488
1933177261771
261087505588
-1403615245666
-3057848841308
-4698604237367
-6322945496584
-7928009788412
-9511007389016
-11069221681273
-12600009154772
-14100799405814
-15569095137412
-17002472159291
-18398579387888
-19755138846352
-21069945664544
-22340868079037
-23565847433116
-24742898176778
-25870107866732
-26945637166399
-27967719845912
-28934662782116
-29844845958568
-30696722465537
-31488818500004
-32219733365662
-32888139472916
-33492782338883
-34032480587392
-34506125948984
-34912683260912
-35251190467141
-35520758618348
-35720571871922
-35849887491964
-35908035849287
-35894420421416
-35808517792588
-35649877653752
-35418122802569
-35112949143412
-34734125687366
-34281494552228
-33754970962507
-33154543249424
-32480272850912
-31732294311616
-30910815282893
-30016116522812
-29048551896154
-28008548374412
-26896606035791
-25713298065208
-24459270754292
-23135243501384
-21742008811537
-20280432296516
-18751452674798
-17156081771572
-15495404518739
-13770578954912
-11982836225416
-10133480582288
-8223889384277
-6255513096844
-4229875292162
-2148572649116
-13274953303
2174274902968
4412260920676
6698793994088
9031911910759
11409579351532
13829687890538
16290055995196
18788429026213
21322479237584
23889805776592
26487934683808
29114318893091
31766338231588
34441299419734
37136436071252
39848908693153
42575804685736
45314138342588
48060850850584
50812810289887
53566811633948
56319576749506
59067754396588
61807920228509
