-23177601650749
-21923217302588
-20641649765282
-19336323385516
-18010589403263
-16667725951784
-15310938057628
-13943357640632
-12568043513921
-11187981383908
-9806083850294
-8425190406068
-7048067437507
-5677408224176
-4315832938928
-2965888647904
-1630049310533
-310715779532
989784199094
2269195986052
3525338048761
4756101961352
5959452404668
7133427166264
8276137140407
9385766328076
10460571836962
11498883881468
12499105782709
13459713968512
14379257973416
15256360438672
16089717112243
16878096848804
17620341609742
18315366463156
18962159583857
19559782253368
20107368859924
20604126898472
21049336970671
21442352784892
21782601156218
22069582006444
22302868364077
22482106364336
22607015249152
22677387367168
22693088173739
22654056230932
22560303207526
22411913879012
22209046127593
21951930942184
21640872418412
21276247758616
20858507271847
20388174373868
19865845587154
19292190540892
18667951970981
17993945720032
17271060737368
16500259079024
15682575907747
14819119492996
13911071210942
12959685544468
11966290083169
10932285523352
9859145668036
8748417426952
7601720816543
6420748959964
5207268087082
3963117534476
2690209745437
1390530269968
66137764784
-1280836006688
-2648186174309
-4033634761228
-5434830683882
-6849349751996
-8274694668583
-9708295029944
-11147507325668
-12589614938632
-14031828145001
-15471284114228
-16905046909054
-18330107485508
-19743383692907
-21141720273856
-22521888864248
-23880587993264
-25214443083373
-26520006450332
-27793757303186
-29032101744268
-30231372769199
-31387830266888
-32497661019532
-33556978702616
-34561823884913
-35508164028484
-36391893488678
-37208833514132
-37954732246771
-38625264721808
-39216032867744
-39722565506368
-40140318352757
-40464674015276
-40690941995578
-40814358688604
-40830087382583
-40733218259032
-40518768392756
-40181681751848
-39716829197689
-39119008484948
-38382944261582
-37503288068836
-36474618341243
-35291440406624
-33948186486088
-32439215694032
-30758814038141
-28901194419388
-26860496632034
-24630787363628
-22206060195007
-19580235600296
-16747160946908
-13700610495544
-10434285400193
-6941813708132
-3216750359926
747422810572
4957297076221
9419536816592
14140879517968
19128135773344
24388189282427
29927996851636
35754588394102
41875066929668
48296608584889
55026462593032
62071951294076
69440470134712
77139487668343
85176545555084
93559258561762
102295314561916
111392474535797
