18527182248029
18268704734140
17976844763794
17653225634060
17299446273103
16917081240184
16507680725660
16072770550984
15613852168705
15132402662468
14629874747014
14107696768180
13567272702899
13009982159200
12437180376208
11850198224144
11250342204325
10638894449164
10017112722170
9386230417948
8747456562199
8101975811720
7450948454404
6795510409240
6136773226313
5475824086804
4813725802990
4151516818244
3490211207035
2830798674928
2174244558584
1521489825760
873451075309
231020537180
-404933927582
-1033568826836
-1654065037345
-2265627804776
-2867486743700
-3458895837592
-4039133438831
-4607502268700
-5163329417386
-5705966343980
-6234788876477
-6749197211776
-7248615915680
-7732493922896
-8200304537035
-8651545430612
-9085738645046
-9502430590660
-9901192046681
-10281618161240
-10643328451372
-10985966803016
-11309201471015
-11612725079116
-11896254619970
-12159531455132
-12402321315061
-12624414299120
-12825624875576
-13005791881600
-13164778523267
-13302472375556
-13418785382350
-13513653856436
-13587038479505
-13638924302152
-13669320743876
-13678261593080
-13665805007071
-13632033512060
-13577054003162
-13500997744396
-13404020368685
-13286301877856
-13148046642640
-12989483402672
-12810865266491
-12612469711540
-12394598584166
-12157578099620
-11901758842057
-11627515764536
-11335248189020
-11025379806376
-10698358676375
-10354657227692
-9994772257906
-9619224933500
-9228560789861
-8823349731280
-8404186030952
-7971688330976
-7526499642355
-7069287344996
-6600743187710
-6121583288212
-5632548133121
-5134402577960
-4627935847156
-4113961534040
-3593317600847
-3066866378716
-2535494567690
-2000113236716
-1461657823645
-921088135232
-379388347136
162432996080
703342980949
1242284325100
1778175377258
2309910117244
2836358155975
3356364735464
3868750728820
4372312640248
4865822605049
5348028389620
5817653391454
6273396639140
6713932792363
7137912141904
7543960609640
7930679748544
8296646742685
8640414407228
8960511188434
9255441163660
9523684041359
9763695161080
9973905493468
10152721640264
10298525834305
10409675939524
10484505450950
10521323494708
10518414828019
10474039839200
10386434547664
10253810603920
10074355289573
9846231517324
9567577830970
9236508405404
8851113046615
8409457191688
7909581908804
7349503897240
6727215487369
6040684640660
5287854949678
4466645638084
3574951560635
