20103136329731
18875832359860
17701082220430
16577262614372
15502774613521
14476043658616
13495519559300
12559676494120
11667013010527
10816052024876
10005340822426
9233451057340
8498978752685
7800544300432
7136792461456
6506392365536
5908037511355
5340445766500
4802359367462
4292544919636
3809793397321
3352920143720
2920764870940
2512191659992
2126088960791
1761369592156
1416970741810
1091853966380
785005191397
495434711296
222177189416
-35708342000
-279138481805
-509005459948
-726177137474
-931497006524
-1125784190335
-1309833443240
-1484415150668
-1650275329144
-1808135626289
-1958693320820
-2102621322550
-2240568172388
-2373158042339
-2500990735504
-2624641686080
-2744661959360
-2861578251733
-2975892890684
-3088083834794
-3198604673740
-3307884628295
-3416328550328
-3524316922804
-3632205859784
-3740327106425
-3848988038980
-3958471664798
-4069036622324
-4180917181099
-4294323241760
-4409440336040
-4526429626768
-4645427907869
-4766547604364
-4889876772370
-5015479099100
-5143393902863
-5273636133064
-5406196370204
-5541040825880
-5678111342785
-5817325394708
-5958576086534
-6101732154244
-6246637964915
-6393113516720
-6540954438928
-6689931991904
-6839793067109
-6990260187100
-7141031505530
-7291780807148
-7442157507799
-7591786654424
-7740268925060
-7887180628840
-8032073705993
-8174475727844
-8313889896814
-8449795046420
-8581645641275
-8708871777088
-8830879180664
-8947049209904
-9056738853805
-9159280732460
-9253983097058
-9340129829884
-9416980444319
-9483770084840
-9539709527020
-9583985177528
-9615759074129
-9634168885684
-9638327912150
-9627325084580
-9600224965123
-9556067747024
-9493869254624
-9412620943360
-9311289899765
-9188818841468
-9044126117194
-8876105706764
-8683627221095
-8465535902200
-8220652623188
-7947773888264
-7645671832729
-7313094222980
-6948764456510
-6551381561908
-6119620198859
-5652130658144
-5147538861640
-4604446362320
-4021430344253
-3397043622604
-2729814643634
-2018247484700
-1260821854255
-455993091848
397807831876
1302174315176
2258724125215
3269099398060
4334966638682
5458016720956
6639964887661
7882550750480
9187538290000
10556715855712
11991896166011
13494916308196
15067637738470
16711946281940
18429752132617
20222989853416
22093618376156
24043621001560
26075005399255
28189803607772
30390072034546
32677891455916
35055367017125
