111392474535797
102295314561916
93559258561762
85176545555084
77139487668343
69440470134712
62071951294076
55026462593032
48296608584889
41875066929668
35754588394102
29927996851636
24388189282427
19128135773344
14140879517968
9419536816592
4957297076221
747422810572
-3216750359926
-6941813708132
-10434285400193
-13700610495544
-16747160946908
-19580235600296
-22206060195007
-24630787363628
-26860496632034
-28901194419388
-30758814038141
-32439215694032
-33948186486088
-35291440406624
-36474618341243
-37503288068836
-38382944261582
-39119008484948
-39716829197689
-40181681751848
-40518768392756
-40733218259032
-40830087382583
-40814358688604
-40690941995578
-40464674015276
-40140318352757
-39722565506368
-39216032867744
-38625264721808
-37954732246771
-37208833514132
-36391893488678
-35508164028484
-34561823884913
-33556978702616
-32497661019532
-31387830266888
-30231372769199
-29032101744268
-27793757303186
-26520006450332
-25214443083373
-23880587993264
-22521888864248
-21141720273856
-19743383692907
-18330107485508
-16905046909054
-15471284114228
-14031828145001
-12589614938632
-11147507325668
-9708295029944
-8274694668583
-6849349751996
-5434830683882
-4033634761228
-2648186174309
-1280836006688
66137764784
1390530269968
2690209745437
3963117534476
5207268087082
6420748959964
7601720816543
8748417426952
9859145668036
10932285523352
11966290083169
12959685544468
13911071210942
14819119492996
15682575907747
16500259079024
17271060737368
17993945720032
18667951970981
19292190540892
19865845587154
20388174373868
20858507271847
21276247758616
21640872418412
21951930942184
22209046127593
22411913879012
22560303207526
22654056230932
22693088173739
22677387367168
22607015249152
22482106364336
22302868364077
22069582006444
21782601156218
21442352784892
21049336970671
20604126898472
20107368859924
19559782253368
18962159583857
18315366463156
17620341609742
16878096848804
16089717112243
15256360438672
14379257973416
13459713968512
12499105782709
11498883881468
10460571836962
9385766328076
8276137140407
7133427166264
5959452404668
4756101961352
3525338048761
2269195986052
989784199094
-310715779532
-1630049310533
-2965888647904
-4315832938928
-5677408224176
-7048067437507
-8425190406068
-9806083850294
-11187981383908
-12568043513921
-13943357640632
-15310938057628
-16667725951784
-18010589403263
-19336323385516
-20641649765282
-21923217302588
-23177601650749
