-77490018203143
-66972160345076
-57054043947446
-47718168247588
-38947251802973
-30724232491208
-23032267510036
-15854733377336
-9175225931123
-2977560329548
2754228949102
8035888106404
12882944023799
17310704262592
21334257063952
24968471348912
28227996718369
31127263453084
33680482513682
35901645540652
37804524854347
39402673454984
40709425022644
41737893917272
42500975178677
43011344526532
43281458360374
43323553759604
43149648483487
42771540971152
42200810341592
41448816393664
40526699606089
39445381137452
38215562826202
36847727190652
35352137428979
33738837419224
32017651719292
30198185566952
28289824879837
26301736255444
24242866971134
22121944984132
19947478931527
17727758130272
15470852577184
13184612948944
10876670602097
8554437573052
6225106578082
3895651013324
1572824954779
-736836841688
-3027018940348
-5291625225608
-7524778902011
-9720822494236
-11874317847098
-13980046125548
-16033007814673
-18028422719696
-19961729965976
-21828587999008
-23624874584423
-25346686807988
-26990341075606
-28552373113316
-30029537967293
-31418810003848
-32717382909428
-33922669690616
-35032302674131
-36044133506828
-36956233155698
-37766891907868
-38474619370601
-39078144471296
-39576415457488
-39968599896848
-40254084677183
-40432476006436
-40503599412686
-40467499744148
-40324441169173
-40074907176248
-39719600573996
-39259443491176
-38695577376683
-38029362999548
-37262380448938
-36396429134156
-35433527784641
-34375914449968
-33226046499848
-31986600624128
-30660472832791
-29250778455956
-27760852143878
-26194247866948
-24554738915693
-22846317900776
-21073196752996
-19239806723288
-17350798382723
-15411041622508
-13425625653986
-11399859008636
-9339269538073
-7249604414048
-5136830128448
-3007132493296
-866916640751
1277192976892
3418352587202
5549499097612
7663350095419
9752403847784
11808939301732
13825016084152
15792474501797
17702935541284
19547800869094
21318252831572
23005254454927
24599549445232
26091662188424
27471897750304
28730341876537
29856860992652
30841102204042
31672493295964
32340242733539
32833339661752
33140553905452
33250435969352
33151317038029
32831308975924
32278304327342
31479976316452
30423778847287
29096946503744
27486494549584
25579218928432
23361696263777
20820283858972
17941119697234
14710122441644
11112991435147
7135206700552
2762028940532
-2021500462376
-7230559445771
-12880545267388
-18987074505098
-25565983056908
-32633326140961
