-32633326140961
-25565983056908
-18987074505098
-12880545267388
-7230559445771
-2021500462376
2762028940532
7135206700552
11112991435147
14710122441644
17941119697234
20820283858972
23361696263777
25579218928432
27486494549584
29096946503744
30423778847287
31479976316452
32278304327342
32831308975924
33151317038029
33250435969352
33140553905452
32833339661752
32340242733539
31672493295964
30841102204042
29856860992652
28730341876537
27471897750304
26091662188424
24599549445232
23005254454927
21318252831572
19547800869094
17702935541284
15792474501797
13825016084152
11808939301732
9752403847784
7663350095419
5549499097612
3418352587202
1277192976892
-866916640751
-3007132493296
-5136830128448
-7249604414048
-9339269538073
-11399859008636
-13425625653986
-15411041622508
-17350798382723
-19239806723288
-21073196752996
-22846317900776
-24554738915693
-26194247866948
-27760852143878
-29250778455956
-30660472832791
-31986600624128
-33226046499848
-34375914449968
-35433527784641
-36396429134156
-37262380448938
-38029362999548
-38695577376683
-39259443491176
-39719600573996
-40074907176248
-40324441169173
-40467499744148
-40503599412686
-40432476006436
-40254084677183
-39968599896848
-39576415457488
-39078144471296
-38474619370601
-37766891907868
-36956233155698
-36044133506828
-35032302674131
-33922669690616
-32717382909428
-31418810003848
-30029537967293
-28552373113316
-26990341075606
-25346686807988
-23624874584423
-21828587999008
-19961729965976
-18028422719696
-16033007814673
-13980046125548
-11874317847098
-9720822494236
-7524778902011
-5291625225608
-3027018940348
-736836841688
1572824954779
3895651013324
6225106578082
8554437573052
10876670602097
13184612948944
15470852577184
17727758130272
19947478931527
22121944984132
24242866971134
26301736255444
28289824879837
30198185566952
32017651719292
33738837419224
35352137428979
36847727190652
38215562826202
39445381137452
40526699606089
41448816393664
42200810341592
42771540971152
43149648483487
43323553759604
43281458360374
43011344526532
42500975178677
41737893917272
40709425022644
39402673454984
37804524854347
35901645540652
33680482513682
31127263453084
28227996718369
24968471348912
21334257063952
17310704262592
12882944023799
8035888106404
2754228949102
-2977560329548
-9175225931123
-15854733377336
-23032267510036
-30724232491208
-38947251802973
-47718168247588
-57054043947446
-66972160345076
-77490018203143
