35055367017125
32677891455916
30390072034546
28189803607772
26075005399255
24043621001560
22093618376156
20222989853416
18429752132617
16711946281940
15067637738470
13494916308196
11991896166011
10556715855712
9187538290000
7882550750480
6639964887661
5458016720956
4334966638682
3269099398060
2258724125215
1302174315176
397807831876
-455993091848
-1260821854255
-2018247484700
-2729814643634
-3397043622604
-4021430344253
-4604446362320
-5147538861640
-5652130658144
-6119620198859
-6551381561908
-6948764456510
-7313094222980
-7645671832729
-7947773888264
-8220652623188
-8465535902200
-8683627221095
-8876105706764
-9044126117194
-9188818841468
-9311289899765
-9412620943360
-9493869254624
-9556067747024
-9600224965123
-9627325084580
-9638327912150
-9634168885684
-9615759074129
-9583985177528
-9539709527020
-9483770084840
-9416980444319
-9340129829884
-9253983097058
-9159280732460
-9056738853805
-8947049209904
-8830879180664
-8708871777088
-8581645641275
-8449795046420
-8313889896814
-8174475727844
-8032073705993
-7887180628840
-7740268925060
-7591786654424
-7442157507799
-7291780807148
-7141031505530
-6990260187100
-6839793067109
-6689931991904
-6540954438928
-6393113516720
-6246637964915
-6101732154244
-5958576086534
-5817325394708
-5678111342785
-5541040825880
-5406196370204
-5273636133064
-5143393902863
-5015479099100
-4889876772370
-4766547604364
-4645427907869
-4526429626768
-4409440336040
-4294323241760
-4180917181099
-4069036622324
-3958471664798
-3848988038980
-3740327106425
-3632205859784
-3524316922804
-3416328550328
-3307884628295
-3198604673740
-3088083834794
-2975892890684
-2861578251733
-2744661959360
-2624641686080
-2500990735504
-2373158042339
-2240568172388
-2102621322550
-1958693320820
-1808135626289
-1650275329144
-1484415150668
-1309833443240
-1125784190335
-931497006524
-726177137474
-509005459948
-279138481805
-35708342000
222177189416
495434711296
785005191397
1091853966380
1416970741810
1761369592156
2126088960791
2512191659992
2920764870940
3352920143720
3809793397321
4292544919636
4802359367462
5340445766500
5908037511355
6506392365536
7136792461456
7800544300432
8498978752685
9233451057340
10005340822426
10816052024876
11667013010527
12559676494120
13495519559300
14476043658616
15502774613521
16577262614372
17701082220430
18875832359860
20103136329731
