116120336780903
104116697439076
92731970931670
81948656496020
71749472689597
62117357390008
53035467794996
44487180422440
36456091110355
28926015016892
21880986620338
15305259719116
9183307431785
3499822197040
-1760284226288
-6611880759232
-11069617002689
-15147923237420
-18861010424050
-22222870203068
-25247274894827
-27947777499544
-30337711697300
-32430191848040
-34238112991573
-35774150847572
-37050761815574
-38080182974980
-38874432085055
-39445307584928
-39804388593592
-39963034909904
-39932387012585
-39723366060220
-39346673891258
-38812793024012
-38131986656659
-37314298667240
-36369553613660
-35307356733688
-34137093944957
-32867931844964
-31508817711070
-30068479500500
-28555425850343
-26977946077552
-25344110178944
-23661768831200
-21938553390865
-20181875894348
-18398929057922
-16596686277724
-14781901629755
-12961109869880
-11140626433828
-9326547437192
-7524749675429
-5740890623860
-3980408437670
-2248521951908
-550230681487
1109685178816
2726664754360
4296366490640
5814668153287
7277666828068
8681678920886
10023240157780
11299105584925
12506249568632
13641865795348
14703367271656
15688386324275
16594774600060
17420603066002
18164162009228
18823961037001
19398729076720
19887414375920
20289184502272
20603426343583
20829746107796
20967969322990
21018140837380
20980524819317
20855604757288
20644083459916
20346883055960
19965144994315
19500230044012
18953718294218
18327409154236
17623321353505
16843692941600
15990981288232
15067863083248
14077234336631
13022210378500
11906125859110
10732534748852
9505210338253
8228145237976
6905551378820
5541860011720
4141721707747
2710006358108
1251803174146
-227579312660
-1722613250695
-3227551468208
-4736427473312
-6243055453984
-7741030278065
-9223727493260
-10684303327138
-12115694687132
-13510619160539
-14861575014520
-16160841196100
-17400477332168
-18572323729477
-19668001374644
-20678911934150
-21596237754340
-22410941861423
-23113767961472
-23695240440424
-24145664364080
-24455125478105
-24613490208028
-24610405659242
-24435299617004
-24077380546435
-23525637592520
-22768840580108
-21795540013912
-20594067078509
-19152533638340
-17458832237710
-15500636100788
-13265399131607
-10740355914064
-7912521711920
-4768692468800
-1295444808193
2520863966548
6694095872206
11238332245700
16167873744085
21497240344552
27241171344428
33414625361176
40032780332395
47111033515820
54665001489322
62710520150908
71263644718721
