61807920228509
59067754396588
56319576749506
53566811633948
50812810289887
48060850850584
45314138342588
42575804685736
39848908693153
37136436071252
34441299419734
31766338231588
29114318893091
26487934683808
23889805776592
21322479237584
18788429026213
16290055995196
13829687890538
11409579351532
9031911910759
6698793994088
4412260920676
2174274902968
-13274953303
-2148572649116
-4229875292162
-6255513096844
-8223889384277
-10133480582288
-11982836225416
-13770578954912
-15495404518739
-17156081771572
-18751452674798
-20280432296516
-21742008811537
-23135243501384
-24459270754292
-25713298065208
-26896606035791
-28008548374412
-29048551896154
-30016116522812
-30910815282893
-31732294311616
-32480272850912
-33154543249424
-33754970962507
-34281494552228
-34734125687366
-35112949143412
-35418122802569
-35649877653752
-35808517792588
-35894420421416
-35908035849287
-35849887491964
-35720571871922
-35520758618348
-35251190467141
-34912683260912
-34506125948984
-34032480587392
-33492782338883
-32888139472916
-32219733365662
-31488818500004
-30696722465537
-29844845958568
-28934662782116
-27967719845912
-26945637166399
-25870107866732
-24742898176778
-23565847433116
-22340868079037
-21069945664544
-19755138846352
-18398579387888
-17002472159291
-15569095137412
-14100799405814
-12600009154772
-11069221681273
-9511007389016
-7928009788412
-6322945496584
-4698604237367
-3057848841308
-1403615245666
261087505588
1933177261771
3609498765488
5286823652632
6961850452384
8631204587213
10291438372876
11939031018418
13570388626172
15181844191759
16769657604088
18330015645356
19859031991048
21352747209937
22807128764084
24218071008838
25581395192836
26892849458003
28148108839552
29342775265984
30472377559088
31532371433941
32518139498908
33424991255642
34248163099084
34982818317463
35624047092296
36166866498388
36606220503832
36936979970009
37153942651588
37251833196526
37225303146068
37068930934747
36777221890384
36344608234088
35765449080256
35034030436573
34144565204012
33091193176834
31867981042588
30468922382111
28887937669528
27118874272252
25155506450984
22991535359713
20620589045716
18036222449558
15231917405092
12201082639459
8937053773088
5433093319696
1682390686288
-2321937826843
-6586849026116
-11119372824662
-15926612242324
-21015743405657
-26394015547928
-32068751009116
-38047345235912
-44337266781719
-50946057306652
-57881331577538
-65150777467916
-72762155958037
