3574951560635
4466645638084
5287854949678
6040684640660
6727215487369
7349503897240
7909581908804
8409457191688
8851113046615
9236508405404
9567577830970
9846231517324
10074355289573
10253810603920
10386434547664
10474039839200
10518414828019
10521323494708
10484505450950
10409675939524
10298525834305
10152721640264
9973905493468
9763695161080
9523684041359
9255441163660
8960511188434
8640414407228
8296646742685
7930679748544
7543960609640
7137912141904
6713932792363
6273396639140
5817653391454
5348028389620
4865822605049
4372312640248
3868750728820
3356364735464
2836358155975
2309910117244
1778175377258
1242284325100
703342980949
162432996080
-379388347136
-921088135232
-1461657823645
-2000113236716
-2535494567690
-3066866378716
-3593317600847
-4113961534040
-4627935847156
-5134402577960
-5632548133121
-6121583288212
-6600743187710
-7069287344996
-7526499642355
-7971688330976
-8404186030952
-8823349731280
-9228560789861
-9619224933500
-9994772257906
-10354657227692
-10698358676375
-11025379806376
-11335248189020
-11627515764536
-11901758842057
-12157578099620
-12394598584166
-12612469711540
-12810865266491
-12989483402672
-13148046642640
-13286301877856
-13404020368685
-13500997744396
-13577054003162
-13632033512060
-13665805007071
-13678261593080
-13669320743876
-13638924302152
-13587038479505
-13513653856436
-13418785382350
-13302472375556
-13164778523267
-13005791881600
-12825624875576
-12624414299120
-12402321315061
-12159531455132
-11896254619970
-11612725079116
-11309201471015
-10985966803016
-10643328451372
-10281618161240
-9901192046681
-9502430590660
-9085738645046
-8651545430612
-8200304537035
-7732493922896
-7248615915680
-6749197211776
-6234788876477
-5705966343980
-5163329417386
-4607502268700
-4039133438831
-3458895837592
-2867486743700
-2265627804776
-1654065037345
-1033568826836
-404933927582
231020537180
873451075309
1521489825760
2174244558584
2830798674928
3490211207035
4151516818244
4813725802990
5475824086804
6136773226313
6795510409240
7450948454404
8101975811720
8747456562199
9386230417948
10017112722170
10638894449164
11250342204325
11850198224144
12437180376208
13009982159200
13567272702899
14107696768180
14629874747014
15132402662468
15613852168705
16072770550984
16507680725660
16917081240184
17299446273103
17653225634060
17976844763794
18268704734140
18527182248029
