0 0 188 2 1 187 1 0 1 0 0 93
0 0 111 162 27 337 27 0 27 0 0 512
0 0 704 6 728 121 728 0 728 0 0 236
0 0 564 486 9 305 9 0 9 0 0 31
0 0 333 18 243 540 243 0 243 0 0 279
0 0 37 364 3 403 3 0 3 0 0 325
0 0 247 54 81 381 81 0 81 0 0 708
0 0 0 0 0 0 0 0 0 0 0 0
0 69179 94 1306 69511 95 0 1883 2 0 135773 186 0 162287 222 19960 491505 674 0 39911 54 0 187033 256 0 256751 352 531299 176957 242 0 265771 364 0 86423 118 0 205705 282 7108 377348 517 0 13397 18 0 45537 62 0 485771 666 177454 196847 270 0 354827 486 0 407319 558 0 54375 74 2824 502322 689 0 4829 6 0 474311 650 0 360507 494 59600 496962 681 0 118387 162 0 258179 354 0 0 0 0 0 0 0 0 0 0 0 0 2081 2080 2079 1154 1153 1152 1214 1213 1212 1160 1159 1158 1235 1234 1233 1397 1396 1395 1205 1204 1203 1706 1705 1704 944 943 942 815 814 813 449 448 447 1004 1003 1002 269 268 267 2 1 0 0 0 0 0 0 0 0 0 0 0 0 0 0 0 0 0 0 0 0 0 0 0 0 0 0 0 0 0 0 0 0 0 0 0 0 0 0 0 0 0 0 0 0 0 0 0 0 0 0 0 0 0 0 0
0 0 0 0 0 0 0 0 0 0 0 0 0 0 0 0 0 0 0 0 0 0 0 0 0 0 0 0 0 0 0 0 0 0 0 0 0 0 0 0 0 0 0 0 0 0 0 0 0 0 0 0 0 0 0 0 0 0 0 0 0 0 0 0 0 0 0 0 0 0 0 0 0 0 0 0 0 0 0 0 0 0 0 0 0 0 0 0 0 0 0 0 0 0 0 0 0 0 0 0 0 0 0 0 0 0 0 0 0 0 0 0 0 0 0 0 0 0 0 0 0 0 0 0 0 0 0 0 0 0 0 0 0 0 0 0 0 0 1 0 0 0 0 0 0 0 0 0 0 0 0 0 0 0 0 0 0 0 0 0 0 0 0 0 0 0 0 0 0 0 0 0 0 0 0 0 0 0 0 0 0 0 0 0 0 0 0 0 0 0 0 0
0 0 0 0 0 0 0 0 0 0 0 0 0 0 0 0 0 0 0 0 0 0 0 0 0 0 0 0 0 0 0 0 0 0 0 0 0 0 0 0 0 0 0 0 0 0 0 0 0 0 0 0 0 0 0 0 0 0 0 0 0 0 0 0 0 0 0 0 0 0 0 0 0 0 0 0 0 0 0 0 0 0 0 0 0 0 0 0 0 0 0 0 0 0 0 0 0 0 0 0 0 0 0 0 0 0 0 0 0 0 0 0 0 0 0 0 0 0 0 0 0 0 0 0 0 0 0 0 0 0 0 0 0 0 0 0 0 0 0 1 0 0 0 0 0 0 0 0 0 0 0 0 0 0 0 0 0 0 0 0 0 0 0 0 0 0 0 0 0 0 0 0 0 0 0 0 0 0 0 0 0 0 0 0 0 0 0 0 0 0 0 0
0 0 0 0 0 0 0 0 0 0 0 0 0 0 0 0 0 0 0 0 0 0 0 0 0 0 0 0 0 0 0 0 0 0 0 0 0 0 0 0 0 0 0 0 0 0 0 0 0 0 0 0 0 0 0 0 0 0 0 0 0 0 0 0 0 0 0 0 0 0 0 0 0 0 0 0 0 0 0 0 0 0 0 0 0 0 0 0 0 0 0 0 0 0 0 0 0 0 0 0 0 0 0 0 0 0 0 0 0 0 0 0 0 0 0 0 0 0 0 0 0 0 0 0 0 0 0 0 0 0 0 0 0 0 0 0 0 0 0 0 1 0 0 0 0 0 0 0 0 0 0 0 0 0 0 0 0 0 0 0 0 0 0 0 0 0 0 0 0 0 0 0 0 0 0 0 0 0 0 0 0 0 0 0 0 0 0 0 0 0 0 0
0 0 0 0 0 0 0 0 0 0 0 0 0 0 0 0 0 0 0 0 0 0 0 0 0 0 0 0 0 0 0 0 0 0 0 0 0 0 0 0 0 0 0 0 0 0 0 0 0 0 0 0 0 0 0 0 0 0 0 0 0 0 0 0 0 0 0 0 0 0 0 0 0 0 0 0 0 0 0 0 0 0 0 0 0 0 0 0 0 0 0 0 0 0 0 0 0 0 0 0 0 0 0 0 0 0 0 0 0 0 0 0 0 0 0 0 0 0 0 0 0 0 0 0 0 0 0 0 0 0 0 0 0 0 0 0 0 0 0 0 0 1 0 0 0 0 0 0 0 0 0 0 0 0 0 0 0 0 0 0 0 0 0 0 0 0 0 0 0 0 0 0 0 0 0 0 0 0 0 0 0 0 0 0 0 0 0 0 0 0 0 0
0 0 0 0 0 0 0 0 0 0 0 0 0 0 0 0 0 0 0 0 0 0 0 0 0 0 0 0 0 0 0 0 0 0 0 0 0 0 0 0 0 0 0 0 0 0 0 0 0 0 0 0 0 0 0 0 0 0 0 0 0 0 0 0 0 0 0 0 0 0 0 0 0 0 0 0 0 0 0 0 0 0 0 0 0 0 0 0 0 0 0 0 0 0 0 0 0 0 0 0 0 0 0 0 0 0 0 0 0 0 0 0 0 0 0 0 0 0 0 0 0 0 0 0 0 0 0 0 0 0 0 0 0 0 0 0 0 0 0 0 0 0 1 0 0 0 0 0 0 0 0 0 0 0 0 0 0 0 0 0 0 0 0 0 0 0 0 0 0 0 0 0 0 0 0 0 0 0 0 0 0 0 0 0 0 0 0 0 0 0 0 0
0 189036821 261111031 163107634 208291500 160770815 334 282680763 143492660 0 109588452 32689279 0 87283594 243515726 324254945 34617265 144282467 232 256270051 383779469 0 346696921 291838365 0 268115338 75055810 54697982 19833615 127920565 699 94086602 48359392 0 212212342 302842206 0 29896719 196736650 302262176 252894281 215119450 287 216693625 129697916 0 185358121 381665188 0 261723892 151305120 18089508 321543671 180896988 542 31730021 16120021 0 328898386 97279636 0 179277804 224825341 315175110 173997930 320252666 76 222170625 300804573 0 70892497 164976599 0 89497450 25190274 376899764 195786724 62955259 134 189242421 5550955 0 61742032 321463960 0 0 0 0 0 0 0 0 0 0 0 0 128671696 229311193 373055665 49338132 379072496 149789211 119888964 138331929 322994622 327284565 226531512 40285358 306387887 105567374 162915485 268903208 24974313 168466387 244405516 344848925 100920030 299336686 12294112 156168065 340328266 12594988 242497924 328702834 285023209 369170771 78971778 122124619 35916949 162917210 163056402 163001291 386289738 55308994 153766073 197369 0 0 0 0 0 0 0 0 59689 59608 59770 269 476 359 488 718 615 108 134 121 2 1 0 0 0 0 0 0 0 0 0 0 0 0 0 0 0 0 0 0 0 0 0 0 0 0 0 0 0 0 0 0 0 0 0 0
0 116618919 133301904 38345044 255552783 276471541 668 19604186 287181441 0 56320572 17508231 0 380915252 337211947 64600145 268095080 288163424 131 129117674 192298220 0 329540920 153582671 0 236182880 102194168 12924471 46084004 64106952 390 6677699 95989637 0 66047544 215813773 0 349271022 379150426 344890900 161345872 366040869 562 172263982 259574156 0 18643026 199192462 0 39274450 300627307 4383294 78464293 356699674 271 2389656 31997077 0 167875876 51194055 0 133659766 306460984 115136561 72649246 246368257 44 57850532 150802355 0 345243200 286463154 0 79136079 34372455 193380066 322064999 125799391 229 386077848 11108565 0 198019040 254704688 0 0 0 0 0 0 0 0 0 0 0 0 308657815 208214891 64667088 340253160 10434150 239933449 26179437 358569700 210652192 65869691 165954243 352416377 182070146 38794858 368355615 135065732 34824072 278892436 316070910 172191799 71945687 8758382 295976048 152298548 152150718 49518004 378989274 266869012 307475391 350819670 28556048 114601902 71731040 38534991 38396116 38282860 292841260 192964180 94740776 394159 0 0 0 0 0 0 0 0 118379 118460 118541 616 706 499 374 474 244 229 242 216 2 0 1 0 0 0 0 0 0 0 0 0 0 0 0 0 0 0 0 0 0 0 0 0 0 0 0 0 0 0 0 0 0 0 0 0
0 265136796 258740059 320482321 242765267 260068490 497340 285328603 245269314 682 17610180 174176445 0 370222858 42606180 126216287 124683709 49928616 429799 156237523 180427678 589 157881569 357497804 0 234919296 198681523 106956153 329673190 352557900 438541 154523912 217707592 601 258966818 135650525 0 150501953 136241008 42185634 36928508 135317722 429010 240493355 60142781 588 6283352 58127260 0 145748697 124241275 35951936 307129851 289417129 418452 240003875 285499750 574 52868812 119247210 0 125531812 78230951 380187328 134934283 147534100 143267 225803229 213137762 196 344054026 45416249 0 271672358 386286675 378276861 1145807 133859779 432157 275703757 95166770 592 195457222 349023479 0 0 0 0 0 0 0 0 0 0 0 0 182463482 14215518 269444157 59577191 183548801 352307706 2055976 243853728 354810069 382286189 110595191 151730484 99573125 150986034 351803446 298004611 239991053 310961889 134016339 379299772 63025091 66731214 80400641 98375521 43956520 268761626 343507187 18763497 334509255 211488636 316434560 347881368 116945010 349906752 300104828 65416377 31197708 319461557 39266419 27282944 0 0 0 0 0 0 0 0 43288940 43348476 43230058 603 579 600 174 290 642 532 623 531 12 0 0 1 0 0 0 0 0 0 0 0 0 0 0 0 0 0 0 0 0 0 0 0 0 0 0 0 0 0 0 0 0 0 0 0
0 345495189 278683125 321987638 200132210 286888547 497405 283886132 258278179 682 62453049 204960903 0 300228802 296970210 111822561 332436660 223962596 429859 170428248 7998486 589 43019873 232786186 0 47998438 162787516 171247068 375418509 204896662 438505 95088296 215410041 601 382796210 308898898 0 682978 192346546 37518910 208396917 123969746 428812 230777613 2666266 588 20964123 266989975 0 322913131 131219678 294007073 18160262 283218301 419071 369052885 71980781 574 186867182 77854125 0 86527085 358821630 378763381 310846488 82518234 143547 227404718 193979388 196 127744915 166916418 0 10843092 37098446 334935855 153903011 20843497 431583 318823157 23993999 592 6976265 340516011 0 0 0 0 0 0 0 0 0 0 0 0 325457605 150866757 18722676 18283637 144224696 332453063 19087640 218309290 350487537 7916525 143444435 323318177 73124459 221808473 331317962 37591292 102065165 312314375 245134259 329133608 6502103 79538105 44106643 103298908 1338862 246585207 6555647 18174504 334175914 210763703 122157055 147012851 10408814 353895028 154669096 208439908 375187768 12456478 88592370 27294257 0 0 0 0 0 0 0 0 43309481 43368251 43250765 30 356 670 291 50 522 301 377 288 12 0 0 0 1 0 0 0 0 0 0 0 0 0 0 0 0 0 0 0 0 0 0 0 0 0 0 0 0 0 0 0 0 0 0 0
0 339424695 297230564 319781634 131099843 292429024 497386 276495152 251381589 682 125802140 187955646 0 57109701 169635745 312576622 122189823 264432017 429820 313678025 352601837 589 16713732 122784091 0 327194940 219790301 305323274 68341550 28274004 438442 334090257 220010143 601 148309447 93192804 0 369068217 252563489 104352482 7040871 323365129 429235 164141326 117534111 588 172810367 255742278 0 304631244 325858816 314949566 219204278 266950449 418880 310297636 221786136 574 376384176 41193456 0 212921055 142396973 362453944 211729803 350967588 142930 233704958 174872783 196 49655004 368352658 0 88142109 204230363 313331539 17501511 297139160 431975 311842828 73929175 592 272606614 279518008 0 0 0 0 0 0 0 0 0 0 0 0 74746966 293813427 169542213 92563837 240099649 262760968 20850847 241305212 381015483 176110193 321889952 89727965 20937064 208316896 285419935 30687880 238708312 182458816 196753011 260104194 124275711 55357600 61181817 128917824 236694595 211993953 379549484 25761922 341415576 210113093 265293927 212463566 188894007 101120030 152080899 61827307 67607367 105209822 303241278 27292040 0 0 0 0 0 0 0 0 43338933 43397756 43279285 100 539 444 414 383 282 58 137 15 12 0 0 0 0 1 0 0 0 0 0 0 0 0 0 0 0 0 0 0 0 0 0 0 0 0 0 0 0 0 0 0 0 0 0 0
0 10764643 355265349 111724138 326623929 169653108 306462 373524681 74768072 420 52823355 13779829 0 264427813 332702179 171502741 7265906 372406826 299290 191369573 222993671 410 344303907 120009563 0 242558512 276914630 37544084 209835757 190487964 102458 124614907 204008526 140 195514695 107488001 0 175787886 178418462 294388892 258328115 97645559 305515 64244385 224375199 419 17950675 384957023 0 213157664 340645226 378818628 225652449 271857769 279270 41916501 247012741 383 158228489 40003710 0 131720672 311624360 334861459 36200250 63111591 307927 21517736 223486330 422 259261264 359231109 0 96809393 154166493 321996092 114281854 16668004 338881 14111353 218120196 464 6181016 322462547 0 0 0 0 0 0 0 0 0 0 0 0 182334185 239425849 174295754 300322260 311205045 376696569 224020416 321652497 42368434 140605783 376850306 63911346 13309291 82396691 112392476 226248777 169620813 199616598 88135930 370565171 271242917 132208904 150260659 207076100 102829345 39220426 64168536 201542829 239361344 122937634 84490581 330611754 148032443 217639634 137636855 16768913 71214463 31889 265232773 170019153 0 0 0 0 0 0 0 0 64382639 64442458 64353668 29 38 398 118 328 649 313 665 528 54 0 0 0 0 0 1 0 0 0 0 0 0 0 0 0 0 0 0 0 0 0 0 0 0 0 0 0 0 0 0 0 0 0 0 0
0 0 0 0 0 0 0 0 0 0 0 0 0 0 0 0 0 0 0 0 0 0 0 0 0 0 0 0 0 0 0 0 0 0 0 0 0 0 0 0 0 0 0 0 0 0 0 0 0 0 0 0 0 0 0 0 0 0 0 0 0 0 0 0 0 0 0 0 0 0 0 0 0 0 0 0 0 0 211138455
0 0 0 0 0 0 0 0 0 0 0 0 0 0 0 0 0 0 0 0 0 0 0 0 0 0 0 0 0 0 0 0 0 0 0 0 0 0 0 0 0 0 0 0 0 0 0 0 0 0 0 0 0 0 0 0 0 0 0 0 0 0 0 0 0 0 0 0 0 0 0 0 0 0 0 0 0 0 320558749
0 0 0 0 0 0 0 0 0 0 0 0 0 0 0 0 0 0 0 0 0 0 0 0 0 0 0 0 0 0 0 0 0 0 0 0 0 0 0 0 0 0 0 0 0 0 0 0 0 0 0 0 0 0 0 0 0 0 0 0 0 0 0 0 0 0 0 0 0 0 0 0 0 0 0 0 0 0 170613434
0 0 0 0 0 0 0 0 0 0 0 0 0 0 0 0 0 0 0 0 0 0 0 0 0 0 0 0 0 0 0 0 0 0 0 0 0 0 0 0 0 0 0 0 0 0 0 0 0 0 0 0 0 0 0 0 0 0 0 0 0 0 0 0 0 0 0 0 0 0 0 0 0 0 0 0 0 0 215609084
0 0 0 0 0 0 0 0 0 0 0 0 0 0 0 0 0 0 0 0 0 0 0 0 0 0 0 0 0 0 0 0 0 0 0 0 0 0 0 0 0 0 0 0 0 0 0 0 0 0 0 0 0 0 0 0 0 0 0 0 0 0 0 0 0 0 0 0 0 0 0 0 0 0 0 0 0 0 39523146
0 0 0 0 0 0 0 0 0 0 0 0 0 0 0 0 0 0 0 0 0 0 0 0 0 0 0 0 0 0 0 0 0 0 0 0 0 0 0 0 0 0 0 0 0 0 0 0 0 0 0 0 0 0 0 0 0 0 0 0 0 0 0 0 0 0 0 0 0 0 0 0 0 0 0 0 0 0 357947729
0 0 0 0 0 0 0 0 0 0 0 0 0 0 0 0 0 0 0 0 0 0 0 0 0 0 0 0 0 0 0 0 0 0 0 0 0 0 0 0 0 0 0 0 0 0 0 0 0 0 0 0 0 0 0 0 0 0 0 0 0 0 0 0 0 0 0 0 0 0 0 0 0 0 0 0 0 0 267164368
0 0 0 0 0 0 0 0 0 0 0 0 0 0 0 0 0 0 0 0 0 0 0 0 0 0 0 0 0 0 0 0 0 0 0 0 0 0 0 0 0 0 0 0 0 0 0 0 0 0 0 0 0 0 0 0 0 292899732 293090581 132108540 155774003 165654669 210734738 293279287 324607936 314753439 333957573 177477754 363506299 283245383 278726638 383103023 87026916 50132 130655493 96909828 233202440 126598046 50582137
0 0 0 0 0 0 0 0 0 0 0 0 0 0 0 0 0 0 0 0 0 0 0 0 0 0 0 0 0 0 0 0 0 0 0 0 0 0 0 0 0 0 0 0 0 0 0 0 0 0 0 0 0 0 0 0 0 0 0 0 0 0 0 0 0 0 0 0 0 0 0 0 0 0 0 0 0 0 129789465
0 507733 287159 0 0 0 0 0 0 0 0 0 393 0 0 0 0 100459849 31841897 221316041 301160667 247657695 223173484 696 0 0 0 71753291 18313666 311897512 150593460 318336780 314903885 0 0 0 0 0 0 0 0 0 0 0 0 0 0 0 0 0 0 0 0 0 0 0 0 272999955 272684779 141569748 247368645 192123307 227922101 272842445 166110741 175032536 240004288 204314969 309830472 307443512 13933522 96767117 312330304 1782 203616270 4367337 296287733 233348650 4248035
0 129809 75880 0 0 0 0 0 0 0 0 0 104 0 0 0 0 315096886 252222919 289351773 342842639 274894239 138080846 178 0 0 0 222925529 327291539 148229775 236083273 162188655 270840394 0 0 0 0 0 0 0 0 0 0 0 0 0 0 0 0 0 0 0 0 0 0 0 0 214035793 213945931 237725158 321813473 21429548 174860511 213731380 327050244 239892049 28259741 262312156 348094042 380099464 83098306 1323631 322878338 9232 282867525 25717780 119719779 104911075 111158467
0 162287 81562 0 0 0 0 0 0 0 0 0 111 0 0 0 0 87283594 380915252 370222858 300228802 57109701 264427813 222 0 0 0 43655285 200038306 209293130 150147734 93492474 139654082 0 0 0 0 0 0 0 0 0 0 0 0 0 0 0 0 0 0 0 0 0 0 0 0 258687263 258333419 297317881 304253530 367008912 261826586 258510044 278183219 347873971 342583031 321330882 130735185 53548277 153949938 91348053 36492705 97882 25892131 222811339 277492516 44825607 61960601
0 0 0 0 0 0 0 0 0 0 0 0 0 0 0 0 0 0 0 0 0 0 0 0 0 0 0 0 0 0 0 0 0 0 0 0 0 0 0 0 0 0 0 0 0 0 0 0 0 0 0 0 0 0 0 0 0 0 0 0 0 0 0 0 0 0 0 0 0 0 0 0 0 0 0 0 0 0 280726243
0 149766 0 115707 0 0 0 0 0 0 0 0 158 0 0 0 0 232691347 139599802 81517556 108154313 296841786 134291703 0 0 0 0 0 0 0 0 0 0 205 0 0 334090442 264318284 105637267 85553716 148690299 268032012 0 0 0 0 0 0 0 0 0 0 0 0 0 0 0 76424561 76385779 250500969 363299562 96637860 206525741 76526195 89426747 365856422 254835109 317320858 369351764 97587120 201056091 373856531 211617927 139574 202026779 277370766 194011749 241348825 195636366
0 311706 0 426312 0 0 0 0 0 0 0 0 584 0 0 0 0 319719787 93997019 164056152 85470011 35052273 362059298 0 0 0 0 0 0 0 0 0 0 427 0 0 247058879 56666143 282912819 108220468 24734502 202596763 0 0 0 0 0 0 0 0 0 0 0 0 0 0 0 0 0 0 0 0 0 0 0 0 0 0 0 0 0 0 0 0 0 0 0 0 0
0 95759 0 169636 0 0 0 0 0 0 0 0 232 0 0 0 0 24114728 376941401 327813833 259677451 141091659 271840838 0 0 0 0 0 0 0 0 0 0 131 0 0 33880465 189308740 253307143 130134512 267832224 137102983 0 0 0 0 0 0 0 0 0 0 0 0 0 0 0 242098239 241944065 311235835 166699913 103462379 379765595 242172003 282534095 74760150 224082945 187403231 199290792 334020331 241087993 373578546 88019972 148533 52655300 297747892 141524853 210741716 161710630
0 0 0 0 0 0 0 0 0 0 0 0 0 0 0 0 0 0 0 0 0 0 0 0 0 0 0 0 0 0 0 0 0 0 0 0 0 0 0 0 0 0 0 0 0 0 0 0 0 0 0 0 0 0 0 0 0 0 0 0 0 0 0 0 0 0 0 0 0 0 0 0 0 0 0 0 0 0 189926890
0 77317 0 0 128381 0 0 0 0 0 0 0 176 0 0 0 0 283044352 274536584 89445583 48930276 89060964 67324261 0 0 0 0 0 0 0 0 0 0 0 0 0 0 0 0 0 0 0 106 0 164141351 161449276 44722847 96239256 47187687 119765906 0 0 0 0 0 0 0 305823746 305944853 377699859 46091619 144718543 288588052 305705155 250577264 22733629 306505784 86379084 146678327 261342518 214733626 339879592 120525220 139169 361002005 275157339 53426522 340754660 193309955
0 437162 0 0 339964 0 0 0 0 0 0 0 466 0 0 0 0 312550497 202405541 370057462 53652940 368431656 147542786 0 0 0 0 0 0 0 0 0 0 0 0 0 0 0 0 0 0 0 599 0 223328682 359572903 208947263 92227613 205769928 290098876 0 0 0 0 0 0 0 292899732 293090581 132108540 155774003 165654669 210734738 293279287 324607936 314753439 333957573 177477754 363506299 283245383 278726638 383103023 87026916 50132 130655493 96909828 233202440 126598046 50582137
0 256751 0 0 513409 0 0 0 0 0 0 0 704 0 0 0 0 268115338 236182880 234919296 47998438 327194940 242558512 0 0 0 0 0 0 0 0 0 0 0 0 0 0 0 0 0 0 0 352 0 134441489 343166545 340697673 95754083 252082401 336778637 0 0 0 0 0 0 0 334560697 334639464 102999790 144418237 319427001 80393716 334426063 367432735 192364818 21631338 251165533 112665695 7027379 311939508 335503730 189120438 57876 184871853 106180906 84081508 157014559 251021792
0 0 0 0 0 0 0 0 0 0 0 0 0 0 0 0 0 0 0 0 0 0 0 0 0 0 0 0 0 0 0 0 0 0 0 0 0 0 0 0 0 0 0 0 0 0 0 0 0 0 0 0 0 0 0 0 0 0 0 0 0 0 0 0 0 0 0 0 0 0 0 0 0 0 0 0 0 0 100612369
0 149766 0 0 0 115707 0 0 0 0 0 0 158 0 0 0 0 232691347 139599802 81517556 108154313 296841786 134291703 0 0 0 0 0 0 0 0 0 0 0 0 0 0 0 0 0 0 0 0 0 0 0 0 0 0 0 205 334090442 264318284 105637267 85553716 148690299 268032012 76424561 76385779 250500969 363299562 96637860 206525741 76526195 89426747 365856422 254835109 317320858 369351764 97587120 201056091 373856531 211617927 139574 202026779 277370766 194011749 241348825 195636366
0 403008 0 0 0 214788 0 0 0 0 0 0 294 0 0 0 0 322887709 282205438 204065073 312023573 26578752 333187701 0 0 0 0 0 0 0 0 0 0 0 0 0 0 0 0 0 0 0 0 0 0 0 0 0 0 0 552 258177053 162639203 362714553 220680418 37214184 233585346 0 0 0 0 0 0 0 0 0 0 0 0 0 0 0 0 0 0 0 0 0 0
0 454072 0 0 0 316844 0 0 0 0 0 0 434 0 0 0 0 203984789 169295196 159344416 344990117 114025701 356913784 0 0 0 0 0 0 0 0 0 0 0 0 0 0 0 0 0 0 0 0 0 0 0 0 0 0 0 622 362797009 281015430 273514160 173410804 79599219 181143623 305823746 305944853 377699859 46091619 144718543 288588052 305705155 250577264 22733629 306505784 86379084 146678327 261342518 214733626 339879592 120525220 139169 361002005 275157339 53426522 340754660 193309955
0 0 0 0 0 0 0 0 0 0 0 0 0 0 0 0 0 0 0 0 0 0 0 0 0 0 0 0 0 0 0 0 0 0 0 0 0 0 0 0 0 0 0 0 0 0 0 0 0 0 0 0 0 0 0 0 0 0 0 0 0 0 0 0 0 0 0 0 0 0 0 0 0 0 0 0 0 0 365562712
0 492911 0 0 0 0 0 0 0 0 0 0 380 0 0 0 0 227529751 299481018 208406051 366058409 151409457 82146579 0 0 0 0 0 0 0 0 0 0 0 0 0 0 0 0 0 0 0 0 0 0 0 0 0 0 0 0 0 0 0 0 0 0 242098239 241944065 311235835 166699913 103462379 379765595 242172003 282534095 74760150 224082945 187403231 199290792 334020331 241087993 373578546 88019972 148533 52655300 297747892 141524853 210741716 161710630
0 134336 0 0 0 0 0 0 0 0 0 0 98 0 0 0 0 301425735 94070521 280690024 328022989 346160991 245665905 0 0 0 0 0 0 0 0 0 0 0 0 0 0 0 0 0 0 0 0 0 0 0 0 0 0 0 0 0 0 0 0 0 0 292899732 293090581 132108540 155774003 165654669 210734738 293279287 324607936 314753439 333957573 177477754 363506299 283245383 278726638 383103023 87026916 50132 130655493 96909828 233202440 126598046 50582137
0 485771 0 0 0 0 0 0 0 0 0 0 333 0 0 0 0 261723892 39274450 145748697 322913131 304631244 213157664 0 0 0 0 0 0 0 0 0 0 0 0 0 0 0 0 0 0 0 0 0 0 0 0 0 0 0 0 0 0 0 0 0 0 334560697 334639464 102999790 144418237 319427001 80393716 334426063 367432735 192364818 21631338 251165533 112665695 7027379 311939508 335503730 189120438 57876 184871853 106180906 84081508 157014559 251021792
