2999
3031
3311
3447
3451
3543
3563
3771
3773
3805
3819
3955
4983
5023
5039
5079
5343
5595
5743
5757
5819
5853
5867
5949
5991
5995
5997
6045
6093
6495
6523
6619
6877
6893
6999
7027
7029
7079
7085
7123
7355
7389
7515
7545
7641
7865
7885
7993
8019
8037
9055
9071
9179
9195
9455
9535
9631
9661
9715
9903
9917
9943
9973
10141
10165
10195
10559
10615
10655
10679
10685
10847
10875
10971
11055
11087
11111
11129
11211
11219
11225
11375
11383
11387
11439
11479
11623
11883
11897
11975
12121
12133
12137
12195
12895
12959
13045
13049
13289
13423
13431
13435
13499
13557
13725
13911
14037
14151
14155
14229
14639
14765
14773
15003
15053
15065
15205
15269
15541
15655
15669
15693
15705
15817
15955
15973
15977
16019
16021
16165
16169
19187
19357
19367
19631
19701
20061
20307
21235
21309
21351
21403
21711
21747
22109
23861
