88991
89719
92015
93087
95191
95675
95695
96091
105847
109983
110043
110391
110439
112093
112359
112491
113501
118251
118491
120535
120733
121323
122101
122227
124765
126413
127851
127917
127925
154303
157535
157615
158455
158559
158959
159567
159575
160731
161213
161627
161687
162237
162525
163435
170431
170463
170479
170743
170927
171439
171707
171879
175567
177007
177055
177071
177131
177567
177651
177775
177871
177899
178607
178651
179613
179867
179911
181751
181951
182011
182751
183675
183787
183903
184043
185275
186167
186215
186799
186839
187111
187629
188187
188189
188211
189303
189421
190187
190197
190365
190955
191865
192295
192299
192331
193267
193431
193451
193779
193895
194169
194233
194343
194987
195283
195411
206319
207295
207355
207607
207741
208223
208253
209659
209901
210299
210335
210363
210607
211915
212157
212285
212315
212661
212811
215519
216029
216051
216695
216947
217583
217979
218077
218599
218749
218941
219607
219611
219641
220343
220573
220597
220621
220765
220877
220981
222189
222709
223987
224059
224185
224875
224885
225081
226007
226139
226789
226995
227015
227117
228019
228045
228139
228167
228659
228743
228749
228947
231163
232315
232891
232949
234223
234231
234429
234461
234735
235951
236221
236461
236517
236909
237227
239421
239545
240601
240855
240955
241207
241259
241261
242135
242605
242923
244171
244509
245031
245075
245081
245093
245389
248793
249269
249557
251315
251495
251501
251509
251621
251701
251749
251801
252341
252725
253095
253145
253223
253483
253541
253587
255667
255669
255797
256461
256723
256857
256921
257611
257613
257637
259433
259469
259667
259685
277855
277919
278127
278191
285503
286127
286423
286543
286615
288479
290463
290711
292093
292587
293245
293725
294075
294509
302039
302767
302775
302935
304607
304991
306427
307101
307707
308151
309885
309943
309997
310131
310173
310941
312767
312815
313839
314287
314301
316655
316831
317341
318183
318351
318699
318781
318799
319127
319147
319277
319303
319371
320239
320351
320501
321359
322297
322471
322933
323405
324085
324565
325019
325229
325291
325447
326003
326059
326101
326329
326499
326547
326835
333551
334703
335071
335293
335719
337599
337783
339891
340477
340831
340911
341679
341963
342431
342651
343607
345851
346043
346559
346591
347359
347375
347623
347867
348115
348991
350575
351091
351187
351439
351481
351835
351865
353695
353887
354719
355503
355741
356135
356795
357817
358283
358291
358835
359545
359629
359993
360013
360075
362365
362999
363501
363773
363895
365023
365557
366199
366311
366451
366521
366943
367093
367565
367799
367927
368333
368483
370649
372391
373423
373625
373745
374557
375529
376147
376371
376461
378733
379311
379379
379881
380341
380649
380761
380841
382705
383347
383715
383843
383907
384179
384451
384787
386483
386521
387495
387739
388307
388549
388761
389865
389927
389971
389987
390385
390539
390819
390925
391507
391537
391565
392293
400315
400861
402911
403191
404191
404349
404407
404443
405115
405213
406143
407165
407261
407289
407501
407871
408285
411119
411613
412383
413419
413433
413557
414911
414973
415135
415213
415357
416189
417493
417685
418527
418797
420317
420345
421039
421109
421181
421199
421463
421543
421797
423133
423161
423637
423657
423757
425117
428511
428527
429045
429431
429435
429437
429547
429941
430041
432559
434021
435127
435179
435947
436639
437047
437113
437209
437497
438903
439127
439191
440793
440887
441111
441131
441201
441235
441627
441739
441895
441899
443759
443883
445117
445817
447445
447675
447847
449429
450211
452955
453105
453749
454421
455397
455587
456075
457129
457493
457833
464761
464857
467679
467947
468605
468917
469615
469933
469939
470205
470713
472411
472663
473029
473817
473933
474517
476907
477559
478169
478319
478827
479153
479185
480103
480179
480875
481225
482257
483017
484075
484325
484663
484813
485035
485837
485967
486121
486345
486955
487017
487075
488043
488269
488599
488843
488845
489253
490275
490637
495321
496311
497075
497113
497465
497617
498133
502195
502197
502381
502629
502729
502941
502987
503249
503397
503449
504215
504487
505045
505115
505541
506201
506261
506425
506693
507019
507033
507155
507161
510897
511147
511157
511205
511285
511315
511321
512821
513229
513593
513637
513833
514453
514501
514599
514611
514707
514723
514865
515149
515211
515221
515363
515369
517347
517717
517841
518483
518949
519317
519449
520803
563951
564831
565159
570103
570207
570615
571227
571759
572027
572207
572605
572733
572987
573019
575451
576319
576471
579407
580221
580333
580579
580733
580943
581213
583161
584047
584119
584659
585039
585111
585517
585549
586423
586427
586475
586973
587415
587421
587609
588409
588493
589011
596943
597627
599983
600991
601047
601063
601215
601943
602013
602055
604661
604887
605307
605373
606091
608759
609087
609255
609743
609917
611183
611197
612247
613237
613501
613859
613967
613981
614009
614221
615231
615355
616863
617421
619765
619837
620317
621033
621159
621963
621965
625405
627183
628287
628407
628707
629343
629885
631543
632127
632383
633263
633319
634317
634787
636079
636821
637163
637173
637639
638123
638125
638279
638309
638627
638629
641839
642021
643947
644699
645365
645455
645753
646445
648053
648633
648677
649129
649451
650023
650413
650693
650797
650893
652709
653093
653667
653963
654485
668411
668511
668799
669651
670585
671411
671627
674543
675549
675577
676223
676349
676671
676727
676829
677849
678303
678649
678715
678813
679007
679283
679751
680695
681661
682335
682783
682969
683183
683343
683599
685239
685367
685797
686493
686713
686771
686871
686995
687285
687411
687417
687501
687661
693241
694221
694227
694703
695719
695917
696019
696025
701599
702179
702253
702355
703783
704075
706285
706939
707051
707555
707919
709407
709479
709533
709605
711227
711311
711859
713519
714151
714319
714541
715897
716195
716201
717241
717273
717467
717545
717715
718035
718227
718407
719305
719651
720013
726905
727391
727759
728013
728037
728041
728411
730045
732775
733097
734871
735895
735901
736089
736617
736653
736917
738803
738941
739193
739301
739791
740281
740981
741077
742265
742361
743645
743823
744599
745011
746227
747055
747413
748087
748135
749219
751157
757481
758367
758503
759101
759245
760293
761013
761253
761673
762715
762731
763055
763123
763451
763817
764239
765035
765283
766381
766675
767143
767781
768331
769189
772311
772467
772765
772841
774759
774859
775113
775781
779035
779161
779177
780073
780615
780643
781091
781481
782947
782995
783641
812285
813437
813561
813917
816853
818089
818459
818485
818841
824511
824573
824687
824819
826039
826101
826551
826613
826703
826853
827093
828349
829263
829815
830047
830419
831179
832063
832245
832733
832799
833429
834103
834135
834155
834731
834899
835221
837549
838629
840629
841189
841359
842301
842539
846141
846757
848477
849005
850219
850579
858967
859113
859755
859987
860105
861047
861171
861311
862165
862685
864831
864927
864955
865469
866131
870775
870899
871831
871859
873427
873433
877405
877855
878035
879801
881113
882247
882997
890101
892199
894649
904613
905815
906443
910281
910621
911669
933705
936859
936917
937337
938717
940661
940949
943293
943469
943593
943949
945333
947357
948569
949545
949577
955309
955517
955703
955853
956109
957227
958121
959443
959675
959955
962377
964041
965961
969367
969445
971493
971667
972179
972441
977195
977235
978085
981289
992885
993125
993193
993629
993721
994101
994149
994195
994899
997677
998185
1002809
1004125
1004249
1004389
1005913
1005973
1007177
1010323
1010857
1013029
1020629
1021131
1022313
1022373
1023305
1025181
1025363
1025433
1026405
1034841
1035429
1035561
1036947
1198839
1199861
1201055
1201471
1201615
1201979
1207015
1207925
1209259
1209679
1210711
1210837
1211621
1211989
1218991
1222975
1227111
1234291
1260205
1284725
1300069
1354555
1367253
