7607
11127
11167
11191
11727
11899
11901
11991
12007
12091
12135
12189
13151
13551
14141
14237
14247
14715
14781
14813
15063
15069
15221
15285
15597
15819
15989
16051
19167
19387
19887
20285
20311
20317
20391
20397
21359
21751
21755
22141
22327
22375
22423
22427
22451
22483
22767
22903
23159
23227
23289
23399
23771
23929
24019
24185
24373
24467
25279
25847
25853
26077
26101
26287
26357
27255
27447
27893
27995
28061
28333
28393
28565
29433
29549
29557
29941
30073
30315
30325
30507
30509
30541
30611
30613
31411
31449
31589
31629
32169
32419
35679
36191
36271
36279
36571
36699
36779
36781
37727
37867
38111
38351
38645
38813
38883
39165
39645
39823
40569
40787
41791
41851
41971
42237
42683
42963
42981
43327
44269
44439
44493
44755
44839
44905
45501
45549
45727
45811
45855
45997
46005
46199
46541
46547
46819
46875
46901
46931
46989
47439
47593
47719
47947
47961
48307
48331
48525
48723
48787
48921
48933
51053
51177
51581
51691
51837
51949
51961
52055
52085
52141
52179
52197
52511
52527
52541
53069
53981
53995
54077
54479
54491
54863
55115
55187
55241
55533
56107
56677
58613
58973
59829
60115
60559
62059
62109
62251
62377
62643
63821
64201
64297
64661
75607
76275
76701
77171
77429
78511
78765
78821
79023
81227
81235
86831
86995
88487
91815
