13 36 42
7 4 6 7 8 10 11 12
6 0 1 4 6 7 9
6 0 2 3 5 8 9
7 1 6 7 8 10 11 12
7 3 6 7 9 10 11 12
6 0 1 3 5 7 8
6 0 1 2 4 7 9
6 0 2 5 7 8 9
7 1 2 5 9 10 11 12
7 1 2 7 8 10 11 12
7 3 5 7 8 10 11 12
6 0 1 2 3 6 9
6 0 3 6 7 8 9
7 1 2 4 6 10 11 12
7 2 4 7 8 10 11 12
6 0 1 2 4 6 7
6 0 1 3 5 6 7
7 1 2 5 7 10 11 12
7 3 5 8 9 10 11 12
6 0 1 3 5 6 9
6 0 3 4 6 8 9
7 2 4 8 9 10 11 12
7 4 5 7 8 10 11 12
6 0 1 2 4 6 9
6 0 3 5 7 8 9
7 1 2 4 5 10 11 12
7 2 4 6 9 10 11 12
6 0 1 2 4 5 8
6 0 3 4 6 7 8
6 0 3 4 5 6 9
7 3 5 6 8 10 11 12
7 1 3 4 6 10 11 12
7 2 3 5 8 10 11 12
6 0 1 2 3 5 9
6 0 2 3 4 5 9
7 1 4 6 7 10 11 12
0 1 0 0
0 2 0 1
3 1 1 0
3 2 1 1
4 5 2 0
4 6 2 1
4 7 2 2
8 5 3 0
8 6 3 1
8 7 3 2
9 5 4 0
9 6 4 1
9 7 4 2
10 11 5 0
10 12 5 1
13 11 6 0
13 12 6 1
14 15 7 0
14 16 7 1
17 15 8 0
17 16 8 1
18 19 9 0
18 20 9 1
21 19 10 0
21 20 10 1
22 23 11 0
22 24 11 1
25 23 12 0
25 24 12 1
26 27 13 0
26 28 13 1
26 29 13 2
30 27 14 0
30 28 14 1
30 29 14 2
31 27 15 0
31 28 15 1
31 29 15 2
32 33 16 0
32 34 16 1
35 33 17 0
35 34 17 1
