17 292 322
9 1 3 4 10 11 13 14 15 16
8 0 1 2 5 8 9 11 13
8 0 2 4 5 8 11 12 13
9 1 2 8 9 11 13 14 15 16
9 3 6 9 10 11 13 14 15 16
8 0 1 2 4 6 9 10 12
8 0 2 3 6 8 10 11 12
9 1 2 3 6 9 13 14 15 16
9 4 7 8 10 11 12 14 15 16
8 0 1 2 4 6 9 11 12
8 0 1 3 6 8 10 11 12
9 1 2 5 10 11 12 14 15 16
9 1 3 7 10 11 13 14 15 16
8 0 1 2 6 7 9 10 12
8 0 2 3 5 6 10 11 12
9 1 2 5 9 11 13 14 15 16
9 1 5 8 10 11 13 14 15 16
8 0 2 3 4 8 9 10 13
8 0 3 4 5 9 10 11 13
9 1 2 4 7 11 13 14 15 16
9 5 6 9 10 11 13 14 15 16
8 0 2 3 5 7 10 11 13
8 0 2 3 6 8 10 11 13
9 1 2 3 6 7 13 14 15 16
9 3 7 8 10 12 13 14 15 16
8 0 2 3 5 6 10 11 13
8 0 2 3 7 8 10 11 13
9 1 3 4 8 12 13 14 15 16
9 2 3 7 10 12 13 14 15 16
8 0 1 2 4 7 8 10 12
8 0 2 4 5 8 10 11 12
8 0 1 2 3 6 9 11 13
8 0 2 4 7 10 11 12 13
9 1 4 8 9 12 13 14 15 16
9 3 7 8 10 11 13 14 15 16
9 1 2 4 5 9 13 14 15 16
9 4 6 9 10 12 13 14 15 16
8 0 1 4 6 9 10 11 13
8 0 2 3 4 7 9 12 13
9 1 2 5 7 12 13 14 15 16
9 5 6 8 10 11 12 14 15 16
8 0 2 3 5 8 9 10 13
8 0 3 4 5 8 10 11 13
9 1 3 4 10 11 12 14 15 16
9 1 3 8 9 11 12 14 15 16
8 0 1 2 4 7 8 9 12
8 0 3 4 5 8 10 11 12
9 1 2 4 5 10 12 14 15 16
9 2 7 8 9 11 13 14 15 16
8 0 1 3 4 7 8 10 12
8 0 2 4 5 8 9 11 12
9 1 3 4 5 10 13 14 15 16
9 1 4 5 10 11 13 14 15 16
8 0 1 2 4 5 8 10 12
8 0 2 4 7 8 10 11 12
9 1 2 7 8 11 13 14 15 16
9 1 3 4 9 11 12 14 15 16
8 0 2 3 4 5 9 10 13
8 0 3 4 8 9 10 11 13
9 1 2 4 9 10 12 14 15 16
9 3 5 8 10 11 12 14 15 16
8 0 1 2 3 5 8 9 12
8 0 3 4 7 9 10 11 12
9 1 4 6 10 11 12 14 15 16
9 2 3 8 9 11 12 14 15 16
8 0 1 2 4 6 8 9 11
8 0 2 3 5 7 9 10 11
9 1 2 4 5 10 11 14 15 16
9 3 5 8 9 11 12 14 15 16
8 0 1 5 7 8 9 10 12
8 0 2 3 4 5 7 11 12
9 1 2 4 5 8 10 14 15 16
9 5 7 8 9 11 12 14 15 16
8 0 1 2 4 7 9 12 13
8 0 1 4 6 9 11 12 13
9 1 7 8 9 11 12 14 15 16
9 1 7 8 9 11 13 14 15 16
8 0 1 3 5 6 9 12 13
8 0 1 4 7 8 10 12 13
9 1 3 4 5 11 13 14 15 16
9 2 3 5 10 12 13 14 15 16
8 0 1 2 4 6 9 12 13
8 0 1 4 7 9 11 12 13
9 1 6 8 9 12 13 14 15 16
9 1 6 8 9 11 12 14 15 16
8 0 1 2 4 7 8 9 13
8 0 1 2 5 7 8 9 13
9 1 2 4 5 7 12 14 15 16
9 1 5 8 9 11 13 14 15 16
8 0 1 2 5 6 8 10 11
8 0 1 3 5 6 9 10 11
9 1 3 4 7 11 13 14 15 16
9 4 7 8 9 11 13 14 15 16
8 0 1 2 4 5 8 11 13
8 0 2 5 8 9 11 12 13
9 1 3 4 5 8 13 14 15 16
9 1 4 5 9 11 13 14 15 16
8 0 1 2 5 6 8 9 11
8 0 2 3 5 6 9 10 11
9 1 3 7 8 11 13 14 15 16
9 2 3 6 9 11 13 14 15 16
8 0 1 2 3 6 7 9 11
8 0 2 4 5 8 9 10 11
9 1 3 6 9 10 13 14 15 16
9 1 3 4 5 11 12 14 15 16
8 0 1 4 5 7 9 10 12
8 0 2 3 5 7 8 11 12
9 1 2 8 9 10 12 14 15 16
9 3 6 8 9 12 13 14 15 16
8 0 1 3 5 7 8 9 12
8 0 3 4 5 7 9 11 12
9 2 3 5 8 12 13 14 15 16
9 3 5 8 9 12 13 14 15 16
8 0 2 3 4 5 8 10 13
8 0 2 5 7 8 9 10 13
8 0 3 4 5 6 8 11 13
8 0 3 5 8 9 10 11 13
9 2 3 6 8 12 13 14 15 16
9 2 6 8 9 10 13 14 15 16
9 2 3 4 6 10 13 14 15 16
9 3 5 7 9 10 12 13 15 16
8 0 1 2 3 5 6 10 11
8 0 1 5 6 8 9 10 11
9 1 3 5 9 10 12 13 15 16
9 2 4 5 9 11 13 14 15 16
8 0 1 3 4 5 8 9 11
8 0 2 3 6 7 8 10 11
9 1 3 7 8 10 13 14 15 16
9 2 3 4 6 9 12 14 15 16
8 0 2 3 4 7 8 9 11
9 2 4 6 9 10 13 14 15 16
8 0 1 2 4 6 7 9 10
8 0 1 3 4 6 8 9 10
9 2 3 6 8 10 13 14 15 16
9 3 5 6 9 10 12 14 15 16
8 0 1 2 4 5 7 9 10
8 0 1 3 5 6 8 9 10
9 1 3 4 7 8 10 14 15 16
9 3 4 6 10 11 13 14 15 16
8 0 2 3 4 6 8 9 12
8 0 3 4 6 8 9 10 12
9 1 2 6 8 9 13 14 15 16
9 1 4 5 6 11 12 14 15 16
8 0 1 3 4 5 7 9 12
8 0 3 5 7 8 9 11 12
9 1 2 7 8 9 12 14 15 16
9 2 6 8 10 11 13 14 15 16
8 0 2 3 7 8 9 10 13
8 0 3 4 5 6 10 11 13
9 1 2 4 6 10 13 14 15 16
9 1 5 7 10 11 13 14 15 16
8 0 1 2 5 7 8 9 12
8 0 3 4 5 7 10 11 12
9 1 2 5 7 11 13 14 15 16
9 3 6 8 11 12 13 14 15 16
8 0 1 2 4 7 8 11 13
8 0 2 5 6 9 11 12 13
9 2 4 7 11 12 13 14 15 16
9 3 5 8 11 12 13 14 15 16
8 0 1 3 5 7 8 11 12
8 0 1 4 5 7 9 11 12
9 2 5 7 11 12 13 14 15 16
9 1 5 6 10 12 13 14 15 16
8 0 1 5 7 8 10 11 13
9 2 6 7 10 12 13 14 15 16
8 0 1 3 6 7 8 10 12
8 0 2 4 5 6 9 11 12
9 1 4 5 9 12 13 14 15 16
9 4 7 8 9 12 13 14 15 16
8 0 1 2 4 6 8 11 14
8 0 2 4 6 7 8 11 14
9 2 3 4 7 12 13 14 15 16
9 1 6 7 9 11 12 14 15 16
8 0 1 2 4 6 7 10 11
8 0 1 4 5 7 9 10 11
8 0 1 3 4 5 7 11 12
8 0 1 5 7 8 9 11 12
9 1 3 4 6 11 12 14 15 16
9 1 2 7 9 10 12 14 15 16
9 1 2 4 6 7 12 14 15 16
9 2 4 6 10 11 13 14 15 16
8 0 1 2 4 5 7 10 11
8 0 1 4 6 7 9 10 11
9 1 2 6 8 10 13 14 15 16
9 2 3 6 8 11 13 14 15 16
8 0 2 6 7 8 9 10 13
8 0 3 4 5 6 7 11 13
9 1 4 6 9 10 13 14 15 16
9 4 5 8 10 12 13 14 15 16
8 0 1 4 5 7 8 10 12
8 0 2 4 5 7 8 11 12
9 1 3 6 7 12 13 14 15 16
9 3 4 7 10 12 13 14 15 16
8 0 2 3 6 7 8 10 12
8 0 2 4 5 6 9 10 12
9 1 4 7 8 12 13 14 15 16
9 3 6 7 9 10 12 14 15 16
8 0 1 2 3 5 6 10 12
8 0 2 6 7 9 10 11 12
9 1 3 4 6 7 10 14 15 16
9 3 4 7 9 12 13 14 15 16
8 0 2 3 4 6 7 10 12
8 0 2 5 6 8 9 10 12
9 2 4 7 8 12 13 14 15 16
9 3 5 6 10 11 12 14 15 16
8 0 2 3 4 5 7 10 13
8 0 3 6 8 9 10 11 13
9 3 4 6 10 11 12 14 15 16
9 3 5 7 8 10 11 14 15 16
8 0 1 4 6 7 8 9 11
8 0 2 3 4 5 7 10 11
9 2 3 5 6 8 10 14 15 16
9 2 4 7 8 10 11 14 15 16
8 0 2 3 4 5 6 10 12
8 0 2 6 7 8 9 10 12
9 2 3 5 6 9 11 14 15 16
9 3 5 6 8 10 11 14 15 16
8 0 1 2 3 4 6 10 13
8 0 2 3 4 5 6 10 13
9 2 3 5 7 8 10 14 15 16
9 2 3 4 6 11 13 14 15 16
8 0 1 2 4 6 7 10 13
8 0 3 6 7 9 11 12 13
9 1 6 8 9 10 13 14 15 16
9 3 5 7 10 12 13 14 15 16
8 0 1 4 5 6 7 10 13
8 0 3 6 7 8 9 12 13
9 1 4 6 8 12 13 14 15 16
9 4 6 7 10 11 13 14 15 16
8 0 1 2 4 6 7 9 13
8 0 2 3 5 7 8 9 13
9 1 2 5 6 8 13 14 15 16
9 1 6 7 8 11 12 14 15 16
8 0 2 5 6 7 8 10 13
8 0 3 5 6 7 8 11 13
9 1 2 5 6 7 12 14 15 16
9 3 6 7 9 11 13 14 15 16
8 0 2 3 6 7 8 9 12
8 0 3 4 5 6 9 10 12
9 1 3 5 6 9 13 14 15 16
9 2 5 6 9 11 13 14 15 16
8 0 1 3 4 5 6 10 12
8 0 2 6 7 8 9 11 12
9 1 3 6 7 10 13 14 15 16
9 3 5 6 10 11 13 14 15 16
8 0 2 4 5 6 7 10 13
8 0 3 6 7 8 9 11 13
9 1 2 6 7 9 13 14 15 16
9 1 4 6 7 11 12 14 15 16
8 0 1 2 3 4 7 9 13
8 0 2 5 6 7 8 9 13
9 1 2 6 7 9 12 14 15 16
9 2 3 5 7 8 12 14 15 16
8 0 1 2 3 5 7 8 11
8 0 3 4 6 8 9 10 11
9 1 5 6 8 10 11 14 15 16
9 3 5 6 9 11 13 14 15 16
8 0 1 4 5 6 8 9 11
8 0 2 3 5 6 7 10 11
8 0 1 2 4 5 6 9 12
8 0 3 6 7 8 10 11 12
9 1 3 6 7 9 13 14 15 16
9 4 5 7 8 10 12 14 15 16
9 1 3 5 6 8 9 14 15 16
9 1 4 7 8 9 12 14 15 16
8 0 1 2 4 5 6 9 11
8 0 2 5 6 7 9 10 11
9 1 4 5 6 9 12 14 15 16
9 1 4 6 8 9 12 14 15 16
8 0 1 2 3 4 7 8 12
8 0 4 5 8 9 10 11 12
9 1 4 5 7 9 12 14 15 16
9 1 5 6 7 11 12 14 15 16
8 0 2 3 4 6 7 9 12
8 0 3 5 6 8 9 10 12
9 1 2 6 7 8 12 14 15 16
9 3 4 5 8 11 13 14 15 16
8 0 2 4 5 6 8 9 12
8 0 3 4 6 7 8 10 12
9 1 4 7 8 9 13 14 15 16
9 3 5 7 8 10 13 14 15 16
8 0 1 2 3 5 6 9 13
8 0 3 4 6 7 8 9 13
9 2 4 5 7 9 13 14 15 16
9 3 5 7 8 11 13 14 15 16
8 0 1 2 4 5 7 8 12
8 0 4 5 7 8 10 11 12
9 1 4 5 7 9 13 14 15 16
9 3 4 6 7 10 12 14 15 16
8 0 2 5 6 7 8 9 12
8 0 3 4 5 6 7 10 12
9 1 3 6 7 9 10 14 15 16
0 1 0 0
0 2 0 1
3 1 1 0
3 2 1 1
4 5 2 0
4 6 2 1
7 5 3 0
7 6 3 1
8 9 4 0
8 10 4 1
11 9 5 0
11 10 5 1
12 13 6 0
12 14 6 1
15 13 7 0
15 14 7 1
16 17 8 0
16 18 8 1
19 17 9 0
19 18 9 1
20 21 10 0
20 22 10 1
23 21 11 0
23 22 11 1
24 25 12 0
24 26 12 1
27 25 13 0
27 26 13 1
28 29 14 0
28 30 14 1
28 31 14 2
28 32 14 3
33 29 15 0
33 30 15 1
33 31 15 2
33 32 15 3
34 29 16 0
34 30 16 1
34 31 16 2
34 32 16 3
35 29 17 0
35 30 17 1
35 31 17 2
35 32 17 3
36 37 18 0
36 38 18 1
39 37 19 0
39 38 19 1
40 41 20 0
40 42 20 1
43 41 21 0
43 42 21 1
44 45 22 0
44 46 22 1
47 45 23 0
47 46 23 1
48 49 24 0
48 50 24 1
51 49 25 0
51 50 25 1
52 53 26 0
52 54 26 1
55 53 27 0
55 54 27 1
56 57 28 0
56 58 28 1
59 57 29 0
59 58 29 1
60 61 30 0
60 62 30 1
63 61 31 0
63 62 31 1
64 65 32 0
64 66 32 1
67 65 33 0
67 66 33 1
68 69 34 0
68 70 34 1
71 69 35 0
71 70 35 1
72 73 36 0
72 74 36 1
75 73 37 0
75 74 37 1
76 77 38 0
76 78 38 1
79 77 39 0
79 78 39 1
80 81 40 0
80 82 40 1
83 81 41 0
83 82 41 1
84 85 42 0
84 86 42 1
87 85 43 0
87 86 43 1
88 89 44 0
88 90 44 1
91 89 45 0
91 90 45 1
92 93 46 0
92 94 46 1
95 93 47 0
95 94 47 1
96 97 48 0
96 98 48 1
99 97 49 0
99 98 49 1
100 101 50 0
100 102 50 1
103 101 51 0
103 102 51 1
104 105 52 0
104 106 52 1
107 105 53 0
107 106 53 1
108 109 54 0
108 110 54 1
111 109 55 0
111 110 55 1
112 113 56 0
112 114 56 1
112 115 56 2
112 116 56 3
117 113 57 0
117 114 57 1
117 115 57 2
117 116 57 3
118 113 58 0
118 114 58 1
118 115 58 2
118 116 58 3
119 113 59 0
119 114 59 1
119 115 59 2
119 116 59 3
120 121 60 0
120 122 60 1
123 121 61 0
123 122 61 1
124 125 62 0
124 126 62 1
127 125 63 0
127 126 63 1
128 129 64 0
130 131 65 0
130 132 65 1
133 131 66 0
133 132 66 1
134 135 67 0
134 136 67 1
137 135 68 0
137 136 68 1
138 139 69 0
138 140 69 1
141 139 70 0
141 140 70 1
142 143 71 0
142 144 71 1
145 143 72 0
145 144 72 1
146 147 73 0
146 148 73 1
149 147 74 0
149 148 74 1
150 151 75 0
150 152 75 1
153 151 76 0
153 152 76 1
154 155 77 0
154 156 77 1
157 155 78 0
157 156 78 1
158 159 79 0
158 160 79 1
161 159 80 0
161 160 80 1
162 163 81 0
164 165 82 0
164 166 82 1
167 165 83 0
167 166 83 1
168 169 84 0
168 170 84 1
171 169 85 0
171 170 85 1
172 173 86 0
172 174 86 1
172 175 86 2
172 176 86 3
177 173 87 0
177 174 87 1
177 175 87 2
177 176 87 3
178 173 88 0
178 174 88 1
178 175 88 2
178 176 88 3
179 173 89 0
179 174 89 1
179 175 89 2
179 176 89 3
180 181 90 0
180 182 90 1
183 181 91 0
183 182 91 1
184 185 92 0
184 186 92 1
187 185 93 0
187 186 93 1
188 189 94 0
188 190 94 1
191 189 95 0
191 190 95 1
192 193 96 0
192 194 96 1
195 193 97 0
195 194 97 1
196 197 98 0
196 198 98 1
199 197 99 0
199 198 99 1
200 201 100 0
200 202 100 1
203 201 101 0
203 202 101 1
204 205 102 0
204 206 102 1
207 205 103 0
207 206 103 1
208 209 104 0
208 210 104 1
211 209 105 0
211 210 105 1
212 213 106 0
212 214 106 1
215 213 107 0
215 214 107 1
216 217 108 0
216 218 108 1
219 217 109 0
219 218 109 1
220 221 110 0
220 222 110 1
223 221 111 0
223 222 111 1
224 225 112 0
224 226 112 1
227 225 113 0
227 226 113 1
228 229 114 0
228 230 114 1
231 229 115 0
231 230 115 1
232 233 116 0
232 234 116 1
235 233 117 0
235 234 117 1
236 237 118 0
236 238 118 1
239 237 119 0
239 238 119 1
240 241 120 0
240 242 120 1
243 241 121 0
243 242 121 1
244 245 122 0
244 246 122 1
247 245 123 0
247 246 123 1
248 249 124 0
248 250 124 1
251 249 125 0
251 250 125 1
252 253 126 0
252 254 126 1
255 253 127 0
255 254 127 1
256 257 128 0
256 258 128 1
256 259 128 2
256 260 128 3
261 257 129 0
261 258 129 1
261 259 129 2
261 260 129 3
262 257 130 0
262 258 130 1
262 259 130 2
262 260 130 3
263 257 131 0
263 258 131 1
263 259 131 2
263 260 131 3
264 265 132 0
264 266 132 1
267 265 133 0
267 266 133 1
268 269 134 0
268 270 134 1
271 269 135 0
271 270 135 1
272 273 136 0
272 274 136 1
275 273 137 0
275 274 137 1
276 277 138 0
276 278 138 1
279 277 139 0
279 278 139 1
280 281 140 0
280 282 140 1
283 281 141 0
283 282 141 1
284 285 142 0
284 286 142 1
287 285 143 0
287 286 143 1
288 289 144 0
288 290 144 1
291 289 145 0
291 290 145 1
