21 816 984
11 3 5 10 11 13 14 15 17 18 19 20
10 0 1 2 4 7 10 12 13 14 17
10 0 3 4 5 7 10 13 15 16 17
11 1 2 3 5 6 11 13 17 18 19 20
11 2 3 4 6 11 14 16 17 18 19 20
10 0 1 2 5 8 11 12 13 15 17
10 0 2 4 5 6 9 12 15 16 17
11 1 4 9 11 12 13 16 17 18 19 20
11 5 7 10 11 12 14 15 17 18 19 20
11 1 2 4 5 6 9 11 17 18 19 20
11 2 3 4 5 7 11 15 17 18 19 20
10 0 1 2 4 5 7 11 12 14 17
10 0 2 3 5 6 7 11 14 16 17
11 2 3 4 7 11 14 16 17 18 19 20
10 0 1 2 3 6 8 10 12 13 16
10 0 3 4 6 8 10 13 14 15 16
11 1 4 8 11 12 13 16 17 18 19 20
11 5 7 10 11 12 14 16 17 18 19 20
10 0 1 4 5 9 11 12 14 15 17
11 1 3 4 5 8 10 16 17 18 19 20
11 2 4 8 11 12 13 16 17 18 19 20
10 0 1 2 4 5 8 10 11 13 15
10 0 2 4 5 7 10 11 13 14 15
11 2 3 4 7 11 13 16 17 18 19 20
11 2 3 6 11 12 13 15 17 18 19 20
11 1 3 4 5 10 13 14 17 18 19 20
11 3 4 9 11 12 13 15 16 18 19 20
11 1 6 7 11 12 13 15 16 18 19 20
11 1 5 7 10 13 14 15 17 18 19 20
10 0 1 2 5 6 8 11 12 13 15
10 0 2 3 4 7 9 10 13 14 15
10 0 1 2 3 7 8 10 11 13 17
10 0 2 3 5 6 10 11 12 13 17
11 1 3 5 6 11 14 15 17 18 19 20
11 1 2 5 10 11 13 15 17 18 19 20
11 1 2 3 6 9 11 15 17 18 19 20
11 4 5 8 12 13 14 16 17 18 19 20
10 0 1 3 6 8 10 11 12 14 17
10 0 3 5 6 7 9 11 14 16 17
11 1 2 3 7 10 11 16 17 18 19 20
11 4 7 9 11 12 13 16 17 18 19 20
10 0 1 4 7 10 11 12 13 15 17
10 0 2 4 5 6 7 10 13 16 17
11 2 3 4 6 8 11 16 17 18 19 20
11 2 3 4 10 11 13 15 16 18 19 20
10 0 1 3 4 5 7 10 11 13 15
10 0 2 4 5 8 10 11 12 14 15
11 1 2 4 6 7 13 14 15 18 19 20
11 1 5 7 11 12 14 15 17 18 19 20
10 0 1 2 4 5 9 10 11 13 16
10 0 3 5 6 7 11 12 14 15 16
11 1 2 4 5 9 11 15 17 18 19 20
11 1 3 7 10 13 14 15 17 18 19 20
10 0 1 2 3 7 10 11 13 15 16
10 0 1 3 5 6 9 13 14 15 16
11 1 2 3 6 9 13 15 17 18 19 20
11 2 4 9 10 13 14 16 17 18 19 20
10 0 1 2 5 8 10 12 13 14 16
10 0 2 3 4 6 8 11 14 15 16
11 1 2 5 6 11 13 16 17 18 19 20
11 3 8 9 11 12 13 15 16 18 19 20
10 0 1 2 3 6 9 11 13 15 16
10 0 1 2 4 8 10 11 13 15 16
10 0 1 3 5 6 8 12 14 15 16
10 0 1 2 4 6 9 12 14 15 16
10 0 1 2 4 7 10 12 14 15 16
10 0 1 3 5 7 10 13 14 15 16
11 1 2 7 11 12 13 15 16 18 19 20
11 2 3 5 10 13 14 15 17 18 19 20
10 0 1 2 3 6 9 10 12 14 16
10 0 2 4 6 7 10 13 14 15 16
11 1 2 3 6 11 13 14 17 18 19 20
11 2 7 10 11 12 13 16 17 18 19 20
10 0 1 2 4 7 9 11 13 14 17
10 0 3 4 6 8 10 13 15 16 17
11 2 3 4 5 8 13 16 17 18 19 20
11 1 6 7 11 13 14 16 17 18 19 20
10 0 1 4 5 6 8 12 14 15 17
10 0 2 3 4 7 8 12 14 15 17
11 1 2 4 8 9 14 16 17 18 19 20
11 2 4 8 10 13 15 16 17 18 19 20
10 0 1 3 4 8 10 11 12 15 16
10 0 1 4 5 6 8 12 13 15 16
10 0 1 4 5 7 11 12 13 14 17
10 0 3 4 5 6 10 12 13 16 17
11 1 4 6 10 12 15 16 17 18 19 20
11 3 4 7 12 13 14 16 17 18 19 20
10 0 1 3 4 7 9 11 13 14 16
10 0 2 3 5 7 9 12 13 15 16
10 0 2 3 5 9 10 12 13 15 17
10 0 2 4 5 7 8 12 14 15 17
10 0 1 3 5 8 11 13 14 15 17
10 0 2 3 4 6 9 12 14 16 17
11 1 2 3 8 11 12 16 17 18 19 20
11 3 5 8 12 13 14 16 17 18 19 20
10 0 1 2 3 6 9 10 12 14 17
10 0 3 5 7 8 11 14 15 16 17
11 1 2 3 7 10 12 16 17 18 19 20
11 2 3 9 10 12 14 15 16 18 19 20
10 0 1 2 3 5 7 10 13 14 16
10 0 2 3 6 9 11 13 14 15 16
11 1 3 4 10 11 14 15 16 18 19 20
11 1 3 4 9 12 13 15 17 18 19 20
10 0 1 2 6 9 10 12 13 14 16
10 0 2 3 4 6 7 10 14 15 16
10 0 1 2 3 4 8 10 13 14 17
10 0 1 2 3 4 8 11 12 15 17
11 1 3 4 7 12 13 15 17 18 19 20
11 2 3 9 11 12 13 15 17 18 19 20
10 0 2 3 4 7 8 11 13 14 16
10 0 2 3 5 8 9 12 13 14 16
11 1 3 4 5 7 13 14 17 18 19 20
11 3 6 9 11 13 15 16 17 18 19 20
10 0 1 2 3 6 8 11 12 15 16
10 0 1 2 4 5 9 10 13 15 16
10 0 1 3 6 7 11 12 14 15 16
10 0 1 4 5 8 10 13 14 15 16
11 2 4 6 10 13 15 16 17 18 19 20
11 1 4 8 10 12 15 16 17 18 19 20
11 1 3 5 8 11 15 16 17 18 19 20
11 2 3 4 6 12 13 15 17 18 19 20
10 0 2 3 4 5 8 10 13 14 17
10 0 3 4 7 9 12 13 14 15 17
11 1 3 4 10 12 13 14 17 18 19 20
11 2 3 4 5 8 12 15 17 18 19 20
10 0 2 3 4 5 7 11 12 15 17
10 0 2 5 6 10 12 13 14 15 17
11 1 4 8 11 12 13 14 17 18 19 20
11 2 4 8 11 12 13 15 17 18 19 20
10 0 1 2 4 5 6 9 12 14 15
10 0 1 3 6 9 10 11 13 14 15
11 1 3 4 5 8 12 14 17 18 19 20
11 3 4 8 11 12 14 15 17 18 19 20
10 0 1 3 7 9 11 12 13 14 16
10 0 2 3 4 5 7 9 13 15 16
11 1 4 5 10 11 14 15 17 18 19 20
11 1 2 5 6 11 12 15 17 18 19 20
11 1 2 4 5 8 12 13 17 18 19 20
11 1 2 6 7 12 13 15 16 18 19 20
11 1 2 4 5 10 11 15 16 18 19 20
11 2 5 9 10 12 14 16 17 18 19 20
10 0 1 3 4 5 9 10 11 13 16
10 0 3 5 6 7 11 12 13 15 16
11 1 3 5 6 10 13 16 17 18 19 20
11 2 3 6 10 12 13 15 17 18 19 20
10 0 2 3 4 8 9 10 12 13 15
10 0 2 3 5 6 7 11 12 13 15
11 1 3 4 6 10 13 14 17 18 19 20
11 2 3 5 9 10 14 16 17 18 19 20
10 0 1 3 4 5 6 9 12 14 16
10 0 2 4 7 10 11 12 13 15 16
11 1 5 6 10 12 13 16 17 18 19 20
11 3 5 9 10 12 13 15 17 18 19 20
10 0 2 3 4 5 8 9 12 13 15
10 0 2 3 6 7 10 11 12 13 15
10 0 1 2 3 4 6 9 12 13 17
10 0 1 4 7 9 10 11 12 13 17
11 1 3 4 6 7 11 13 17 18 19 20
11 3 8 9 11 12 14 16 17 18 19 20
10 0 1 2 4 7 8 11 12 14 16
10 0 2 4 5 8 9 12 14 15 16
11 1 3 4 6 7 12 16 17 18 19 20
11 2 3 4 6 12 14 15 17 18 19 20
11 1 2 4 10 12 13 14 17 18 19 20
11 2 5 7 11 12 15 16 17 18 19 20
10 0 1 3 7 9 10 11 12 15 17
10 0 2 3 7 9 12 13 14 15 17
11 2 3 7 9 12 15 16 17 18 19 20
11 1 2 5 10 11 13 15 16 18 19 20
10 0 1 2 7 8 10 11 12 14 16
10 0 1 2 7 9 11 12 13 15 16
11 1 2 4 6 7 12 15 16 18 19 20
11 1 4 5 7 13 14 15 17 18 19 20
10 0 1 3 4 5 8 10 12 15 16
10 0 1 4 6 8 11 12 13 15 16
11 1 2 3 9 11 12 15 17 18 19 20
11 2 3 4 10 12 13 15 16 18 19 20
10 0 1 2 3 5 7 9 12 13 16
10 0 3 4 7 9 11 13 14 15 16
11 1 2 4 5 7 13 14 15 18 19 20
11 1 4 6 10 11 14 16 17 18 19 20
10 0 1 2 4 5 6 9 13 15 16
10 0 1 3 7 10 11 12 14 15 16
11 1 4 5 9 11 14 16 17 18 19 20
11 5 6 9 11 13 14 16 17 18 19 20
10 0 1 4 5 6 7 10 13 15 17
10 0 2 4 7 10 11 12 13 16 17
11 1 2 4 6 9 10 16 17 18 19 20
11 1 2 5 6 7 13 15 16 18 19 20
10 0 1 2 5 7 9 10 11 13 16
10 0 3 5 6 7 9 11 14 15 16
11 1 2 4 10 11 12 15 16 18 19 20
11 4 6 9 11 12 15 16 17 18 19 20
10 0 2 4 7 8 11 12 13 14 17
10 0 3 4 5 6 9 10 13 15 17
11 2 3 5 8 10 15 16 17 18 19 20
11 1 4 6 7 13 14 15 17 18 19 20
11 1 2 3 9 10 12 15 17 18 19 20
11 1 4 5 6 11 14 15 17 18 19 20
10 0 1 2 4 6 7 10 11 13 15
10 0 2 4 5 8 9 11 13 14 15
11 1 2 5 10 11 12 15 17 18 19 20
11 2 5 9 10 12 13 14 17 18 19 20
10 0 1 2 3 4 6 10 12 15 17
10 0 2 3 4 5 6 10 12 15 17
11 2 3 4 6 7 11 14 17 18 19 20
11 4 6 8 11 12 14 15 17 18 19 20
10 0 1 2 4 5 6 9 11 14 15
10 0 1 4 6 9 10 11 13 14 15
11 1 2 4 5 8 10 12 17 18 19 20
11 1 3 5 6 11 12 15 16 18 19 20
10 0 1 2 3 6 7 9 11 12 14
10 0 2 3 5 7 8 11 12 13 14
10 0 1 2 3 4 6 9 11 12 16
10 0 4 5 7 10 12 13 14 15 16
11 2 6 7 10 12 13 14 16 18 19 20
11 1 4 5 9 12 13 14 16 18 19 20
11 1 2 5 6 11 12 14 16 18 19 20
11 3 4 6 10 12 14 15 17 18 19 20
10 0 1 3 4 5 6 8 12 15 16
10 0 1 4 8 10 11 12 13 15 16
11 1 2 4 6 10 12 13 17 18 19 20
11 5 6 9 10 12 13 15 17 18 19 20
10 0 1 3 5 6 9 10 11 13 15
10 0 2 4 5 6 9 10 12 14 15
10 0 1 4 6 8 10 11 12 13 16
10 0 3 4 5 6 8 10 12 15 16
11 1 3 4 6 7 10 11 17 18 19 20
11 3 4 7 10 11 13 15 17 18 19 20
10 0 1 3 5 6 9 10 11 12 14
10 0 2 3 4 5 8 9 11 13 14
11 1 3 5 6 9 12 13 17 18 19 20
11 1 6 7 9 12 14 15 16 18 19 20
10 0 1 5 7 10 11 12 13 14 17
10 0 1 5 8 9 10 11 12 15 17
11 1 4 6 7 12 14 15 16 18 19 20
11 2 3 5 6 8 11 12 16 18 19 20
10 0 1 2 4 6 7 9 11 12 13
11 1 5 6 9 11 12 14 15 18 19 20
11 4 8 9 11 13 14 16 17 18 19 20
10 0 1 2 4 8 9 11 12 15 17
10 0 2 3 4 8 10 13 14 16 17
11 1 2 4 6 7 11 16 17 18 19 20
11 2 6 7 11 13 14 16 17 18 19 20
10 0 1 2 4 6 7 10 12 14 15
10 0 1 3 5 8 9 11 13 14 15
11 2 4 5 9 13 14 16 17 18 19 20
11 1 2 6 10 11 13 16 17 18 19 20
11 1 2 4 8 9 13 16 17 18 19 20
11 1 4 5 8 13 14 15 17 18 19 20
11 1 2 3 8 11 12 15 17 18 19 20
11 2 7 8 11 13 15 16 17 18 19 20
10 0 1 2 5 7 9 12 13 15 16
10 0 1 3 4 7 9 11 14 15 16
11 1 3 6 7 12 15 16 17 18 19 20
11 2 6 8 11 12 15 16 17 18 19 20
10 0 1 2 6 8 9 11 12 14 16
10 0 2 4 5 7 8 10 14 15 16
11 2 3 6 8 12 15 16 17 18 19 20
11 1 4 6 8 13 14 16 17 18 19 20
10 0 1 4 5 6 7 11 13 14 17
10 0 1 2 3 6 7 11 14 15 17
11 1 2 7 9 11 14 16 17 18 19 20
11 5 8 9 10 12 13 14 17 18 19 20
10 0 2 3 7 9 10 12 13 15 17
10 0 2 4 5 7 8 10 14 15 17
11 2 3 4 6 7 8 11 17 18 19 20
11 2 3 5 7 12 14 15 17 18 19 20
10 0 1 2 6 8 9 10 12 13 16
10 0 3 4 6 7 8 10 14 15 16
11 1 2 4 9 11 13 14 17 18 19 20
11 2 6 7 11 12 14 16 17 18 19 20
10 0 1 2 4 7 8 10 11 13 15
10 0 2 4 5 7 8 11 13 14 15
10 0 1 3 7 9 10 11 13 14 16
10 0 2 3 5 6 7 9 13 15 16
10 0 1 2 3 4 7 10 13 15 17
10 0 2 4 7 10 13 14 15 16 17
11 1 3 4 8 9 13 16 17 18 19 20
11 2 3 4 6 8 12 15 17 18 19 20
10 0 1 2 3 5 8 9 11 12 16
10 0 4 5 7 8 11 13 14 15 16
11 1 4 8 10 12 13 14 17 18 19 20
11 3 4 8 10 12 13 15 16 18 19 20
10 0 1 2 3 4 6 8 11 14 15
10 0 1 4 7 9 11 12 13 14 15
11 1 2 4 5 7 9 13 14 18 19 20
11 1 2 9 10 11 13 15 16 18 19 20
10 0 1 2 4 6 9 12 15 16 17
10 0 1 2 5 8 11 13 15 16 17
11 1 2 4 6 7 8 15 16 18 19 20
11 3 8 9 10 12 15 16 17 18 19 20
10 0 1 4 6 8 9 11 12 15 17
10 0 2 5 6 8 9 11 13 16 17
10 0 1 2 5 6 8 10 12 15 18
10 0 2 4 6 7 10 11 12 15 18
11 2 4 5 6 11 15 16 17 18 19 20
11 6 7 8 11 13 14 15 17 18 19 20
11 1 2 3 5 8 9 10 17 18 19 20
11 2 3 4 6 12 13 15 16 18 19 20
10 0 1 2 3 6 8 9 11 13 17
10 0 2 4 5 7 10 11 12 13 17
11 2 3 4 6 7 9 10 16 18 19 20
11 1 3 4 6 8 12 15 16 18 19 20
10 0 3 4 5 6 10 11 12 13 16
11 1 2 5 9 11 13 14 16 18 19 20
11 2 3 4 6 9 10 15 16 18 19 20
10 0 1 2 4 6 8 9 11 12 14
10 0 2 3 5 6 8 10 12 13 14
11 2 3 4 6 7 12 13 16 18 19 20
11 1 4 6 10 11 12 15 16 18 19 20
10 0 2 3 4 5 8 10 11 12 15
10 0 3 4 5 7 10 11 12 13 15
11 1 2 5 6 7 11 13 16 18 19 20
11 3 5 6 10 12 15 16 17 18 19 20
10 0 1 2 4 5 6 9 12 15 17
10 0 2 5 8 11 12 13 15 16 17
11 2 4 8 9 11 15 16 17 18 19 20
11 1 2 6 7 8 13 15 16 18 19 20
10 0 2 3 5 6 9 10 11 13 15
10 0 2 4 5 6 9 10 12 13 15
11 1 2 4 9 10 11 15 16 18 19 20
11 1 3 5 6 9 14 15 17 18 19 20
10 0 3 4 5 6 10 11 12 14 17
10 0 3 5 6 7 11 12 13 14 17
11 1 2 7 10 11 13 15 17 18 19 20
11 1 5 9 10 11 14 16 17 18 19 20
10 0 1 2 4 5 7 9 12 15 16
10 0 1 4 7 9 11 12 14 15 16
11 1 4 5 6 10 14 16 17 18 19 20
11 1 5 6 10 11 14 16 17 18 19 20
10 0 2 3 4 6 9 10 11 13 16
10 0 3 5 6 7 10 12 13 14 16
11 1 4 5 9 10 14 16 17 18 19 20
11 6 7 8 11 12 14 15 17 18 19 20
10 0 1 4 6 7 8 10 12 15 17
10 0 1 5 7 8 10 11 13 15 17
10 0 1 5 7 9 11 12 14 15 17
10 0 2 5 7 9 10 11 13 16 17
11 1 2 4 5 8 9 10 17 18 19 20
11 4 7 8 11 12 14 16 17 18 19 20
10 0 1 2 3 6 7 9 11 13 16
10 0 3 5 7 9 10 13 14 15 16
11 1 3 4 7 8 11 16 17 18 19 20
11 1 6 8 10 11 13 14 16 18 19 20
10 0 1 4 5 6 7 8 12 15 16
10 0 1 4 8 9 10 11 12 15 16
11 1 3 4 6 7 9 11 16 18 19 20
11 2 3 4 6 8 11 14 16 18 19 20
10 0 1 2 3 4 7 8 10 13 14
10 0 1 4 6 7 10 11 12 13 14
11 2 4 5 6 10 14 16 17 18 19 20
10 0 1 3 5 6 8 10 11 14 15
10 0 1 4 5 7 9 10 12 14 15
10 0 2 3 5 6 9 10 11 14 16
10 0 2 5 6 7 10 11 13 14 16
11 1 5 9 10 11 13 16 17 18 19 20
11 5 7 9 10 11 13 14 17 18 19 20
11 2 3 5 6 7 9 11 17 18 19 20
11 5 7 8 11 12 13 16 17 18 19 20
10 0 1 3 5 7 8 10 11 13 17
10 0 2 3 5 6 8 10 12 13 17
11 2 3 4 7 8 10 16 17 18 19 20
11 1 4 5 6 7 13 15 17 18 19 20
10 0 1 4 5 6 8 10 11 14 17
10 0 3 6 7 9 11 12 13 16 17
11 1 3 9 10 11 12 15 17 18 19 20
11 3 5 8 10 11 15 16 17 18 19 20
10 0 1 4 6 7 9 10 11 13 17
10 0 2 3 4 6 7 9 12 13 17
11 3 4 6 9 11 15 16 17 18 19 20
11 2 3 5 9 10 11 14 16 18 19 20
10 0 1 3 6 7 9 10 11 12 14
10 0 2 3 4 5 7 8 11 13 14
11 1 3 6 7 8 12 14 15 18 19 20
11 2 3 4 8 10 11 13 16 18 19 20
10 0 2 6 9 10 11 12 13 14 17
11 1 4 6 7 9 13 14 15 18 19 20
11 4 6 7 10 11 13 15 17 18 19 20
10 0 1 2 4 5 6 9 10 12 15
10 0 3 5 6 9 10 11 13 14 15
11 1 3 5 6 9 10 12 17 18 19 20
11 3 4 6 7 11 13 14 16 18 19 20
10 0 2 3 4 5 6 9 10 13 15
10 0 2 5 6 9 10 11 12 13 15
11 1 3 4 6 10 11 13 14 18 19 20
11 2 6 9 10 11 12 15 17 18 19 20
10 0 1 5 7 8 10 11 12 14 16
10 0 2 4 5 6 8 9 11 15 16
10 0 2 6 7 9 11 12 13 14 17
10 0 3 4 5 6 8 10 11 15 17
11 2 6 9 10 11 12 14 17 18 19 20
11 3 4 5 7 12 13 15 16 18 19 20
10 0 2 6 7 9 10 11 12 14 17
10 0 3 5 6 7 8 10 11 15 17
11 3 4 5 7 8 10 11 16 18 19 20
11 2 5 6 7 10 12 14 17 18 19 20
10 0 1 4 6 8 9 10 11 12 15
10 0 3 4 5 6 7 9 11 14 15
10 0 1 3 4 5 6 7 10 14 16
10 0 2 6 9 10 11 12 13 15 16
11 2 4 6 9 10 11 14 17 18 19 20
11 3 4 6 8 9 11 12 16 18 19 20
11 1 5 6 8 9 11 13 14 18 19 20
11 2 6 8 10 11 12 15 17 18 19 20
10 0 1 4 5 6 7 8 11 14 16
10 0 2 5 8 9 10 11 12 15 16
11 1 4 5 6 8 10 14 17 18 19 20
11 2 3 9 10 12 13 15 17 18 19 20
10 0 1 3 4 5 7 9 13 14 16
10 0 2 3 7 9 11 12 13 15 16
11 1 3 4 6 7 13 14 17 18 19 20
11 2 3 5 7 13 14 16 17 18 19 20
10 0 1 3 4 8 9 11 13 15 16
10 0 1 3 5 7 8 12 13 15 16
10 0 1 2 5 7 10 13 14 15 17
10 0 2 3 4 7 10 12 15 16 17
11 1 2 8 10 12 13 16 17 18 19 20
11 2 8 9 11 12 13 15 17 18 19 20
11 1 3 4 5 7 8 14 17 18 19 20
11 1 3 4 5 8 13 15 16 18 19 20
10 0 1 2 6 8 9 10 11 14 17
10 0 1 2 6 9 12 13 14 15 17
11 1 2 4 9 12 13 14 16 18 19 20
11 2 3 4 6 9 13 15 17 18 19 20
10 0 1 3 4 5 7 8 13 14 16
10 0 1 3 4 5 7 8 13 15 16
11 1 3 7 10 12 13 14 17 18 19 20
11 1 3 4 5 8 10 15 16 18 19 20
11 1 2 7 9 12 13 14 16 18 19 20
11 1 7 8 11 12 14 16 17 18 19 20
10 0 1 2 5 8 9 10 12 15 17
10 0 2 5 7 8 9 12 15 16 17
11 1 3 4 7 8 14 16 17 18 19 20
11 3 7 8 11 13 14 16 17 18 19 20
10 0 1 2 3 5 8 9 12 14 16
10 0 2 4 7 8 11 13 14 15 16
11 1 2 4 7 8 12 16 17 18 19 20
11 1 3 4 5 7 8 15 16 18 19 20
10 0 1 5 6 7 9 12 14 15 17
10 0 2 3 5 8 10 11 12 16 17
11 2 4 5 8 13 15 16 17 18 19 20
10 0 1 4 6 7 8 12 13 15 17
10 0 2 4 5 9 10 11 13 16 17
11 1 6 9 10 12 15 16 17 18 19 20
11 2 3 5 8 12 14 15 16 18 19 20
10 0 1 2 4 6 7 9 12 13 14
10 0 1 2 5 7 8 10 12 13 14
11 1 5 8 10 11 14 15 16 18 19 20
11 2 3 7 9 12 13 15 16 18 19 20
10 0 2 3 8 9 10 11 12 14 16
10 0 2 4 5 6 7 8 13 14 16
11 1 2 4 5 8 10 14 15 18 19 20
11 2 4 6 9 12 14 15 16 18 19 20
10 0 1 2 3 4 6 9 10 14 15
10 0 1 5 6 9 11 12 13 14 15
11 1 4 7 9 11 14 15 16 18 19 20
11 2 4 7 9 12 13 16 17 18 19 20
10 0 1 3 7 8 9 11 12 13 15
10 0 2 3 4 6 7 8 12 14 15
10 0 1 2 3 4 6 8 12 15 16
10 0 1 4 8 10 12 13 14 15 16
11 2 3 6 8 11 13 16 17 18 19 20
11 1 4 7 8 12 13 15 17 18 19 20
11 1 3 4 8 9 12 15 17 18 19 20
11 5 6 9 11 12 15 16 17 18 19 20
10 0 1 5 7 9 10 12 13 15 17
11 2 3 5 8 9 15 16 17 18 19 20
11 2 3 9 10 11 13 14 17 18 19 20
10 0 2 3 4 5 7 9 12 15 17
10 0 2 5 8 10 12 13 14 15 17
11 2 3 5 6 7 13 14 17 18 19 20
11 4 5 8 10 12 14 15 17 18 19 20
10 0 1 2 3 5 6 9 10 13 15
10 0 2 5 6 9 10 12 13 14 15
11 1 2 4 6 8 11 12 17 18 19 20
11 2 3 5 9 11 13 14 16 18 19 20
10 0 1 2 3 4 5 9 10 13 16
10 0 3 6 7 11 12 13 14 15 16
11 2 3 4 6 9 12 14 16 18 19 20
11 2 3 4 6 8 10 13 16 18 19 20
11 1 3 4 6 8 12 14 15 18 19 20
11 1 5 7 8 12 14 15 17 18 19 20
10 0 2 3 4 7 8 9 12 13 15
10 0 2 3 6 7 8 11 12 13 15
11 1 2 4 8 9 11 15 17 18 19 20
11 3 6 8 10 11 13 14 17 18 19 20
10 0 2 3 4 6 7 8 12 13 15
10 0 2 3 7 8 9 11 12 13 15
11 2 3 5 6 8 10 13 17 18 19 20
11 1 2 7 8 9 13 15 16 18 19 20
10 0 2 4 7 8 10 11 12 13 16
10 0 3 4 5 6 8 9 12 14 16
11 1 2 4 8 9 10 15 16 18 19 20
11 1 4 7 8 12 14 16 17 18 19 20
10 0 3 4 5 9 10 11 12 14 17
10 0 3 5 6 7 8 12 13 14 17
11 1 3 7 8 11 14 16 17 18 19 20
11 3 7 8 10 11 13 14 16 18 19 20
10 0 1 2 4 7 8 9 11 13 14
10 0 1 3 5 6 7 10 12 13 14
11 1 3 4 6 7 9 10 14 18 19 20
11 1 6 7 9 13 14 16 17 18 19 20
10 0 2 3 5 7 8 9 13 14 17
10 0 3 4 8 9 10 12 14 15 17
11 1 2 6 8 9 14 16 17 18 19 20
11 3 5 7 10 13 15 16 17 18 19 20
10 0 1 5 7 8 11 12 13 14 17
10 0 1 5 8 9 10 11 14 15 17
11 1 4 7 9 11 15 16 17 18 19 20
11 1 2 7 8 9 14 15 17 18 19 20
10 0 2 5 7 9 10 11 13 14 17
10 0 3 4 6 7 8 10 12 15 17
11 4 5 7 10 12 14 15 16 18 19 20
10 0 1 5 7 8 9 10 11 14 17
10 0 1 5 8 11 12 13 14 15 17
11 1 3 6 8 9 14 15 16 18 19 20
11 2 3 5 7 10 13 14 16 18 19 20
10 0 1 2 4 5 6 7 11 13 14
10 0 1 3 7 8 9 10 12 13 14
10 0 1 2 3 4 5 9 10 12 16
10 0 4 6 7 11 12 13 14 15 16
11 1 3 4 7 10 12 14 15 18 19 20
11 3 4 7 9 11 13 14 16 17 19 20
11 1 3 5 8 9 13 14 16 17 19 20
11 3 5 7 8 10 11 13 14 18 19 20
10 0 3 4 5 6 7 8 12 14 17
10 0 3 5 9 10 11 12 13 14 17
11 3 4 6 7 9 10 12 14 18 19 20
11 5 7 9 10 12 13 16 17 18 19 20
10 0 1 2 5 6 7 9 11 14 17
10 0 3 6 8 10 11 12 15 16 17
11 2 3 5 6 8 10 16 17 18 19 20
11 4 6 7 10 13 14 15 17 18 19 20
10 0 1 5 7 9 10 11 13 14 16
10 0 2 3 5 6 7 9 11 15 16
11 1 2 3 6 9 10 12 17 18 19 20
11 3 5 6 9 12 14 16 17 18 19 20
10 0 1 3 4 5 8 9 10 13 15
10 0 2 5 6 7 10 11 12 14 15
11 1 3 6 9 10 12 16 17 18 19 20
11 2 4 5 6 8 12 15 17 18 19 20
11 1 4 8 10 11 12 14 17 18 19 20
11 5 6 8 9 11 12 14 16 18 19 20
11 1 3 5 6 8 9 11 12 18 19 20
11 3 4 5 7 11 14 15 17 18 19 20
10 0 1 4 6 8 9 10 11 13 16
10 0 3 5 6 7 8 10 12 15 16
11 1 2 5 9 11 12 13 17 18 19 20
11 1 4 5 6 8 11 14 16 18 19 20
10 0 1 2 3 4 6 7 11 15 16
10 0 1 5 9 10 12 13 14 15 16
11 1 3 6 9 11 12 13 16 18 19 20
11 2 3 8 9 10 12 15 16 18 19 20
10 0 2 3 5 7 9 10 11 12 15
10 0 3 4 5 6 8 10 12 13 15
11 4 5 8 9 10 12 13 16 18 19 20
11 3 4 5 7 10 13 15 17 18 19 20
10 0 1 3 4 5 7 9 10 13 14
10 0 1 4 5 7 9 10 11 13 14
11 1 3 6 9 11 12 13 17 18 19 20
11 3 4 6 8 10 11 14 17 18 19 20
10 0 1 3 4 5 6 9 10 12 14
10 0 2 4 5 8 9 10 11 13 14
11 2 5 6 8 10 12 13 17 18 19 20
11 3 5 8 9 11 13 16 17 18 19 20
10 0 1 3 4 5 8 9 10 12 15
10 0 1 3 6 7 8 10 11 12 15
10 0 3 4 5 7 8 9 12 14 15
10 0 3 5 6 7 10 11 12 14 15
10 0 2 3 6 7 9 10 11 12 16
10 0 4 5 6 7 9 10 13 14 16
11 2 4 6 7 10 12 16 17 18 19 20
11 3 5 6 7 10 13 14 16 18 19 20
10 0 1 2 3 5 6 7 10 12 15
10 0 3 5 8 9 10 12 13 14 15
11 1 5 6 7 9 11 12 15 18 19 20
11 3 5 8 10 14 15 16 17 18 19 20
10 0 1 4 7 9 10 13 14 15 17
10 0 2 3 4 7 8 10 13 16 17
11 2 3 4 6 8 9 15 16 18 19 20
10 0 2 3 4 5 8 10 11 13 17
10 0 2 3 5 8 9 10 11 13 17
11 2 3 4 6 7 13 14 16 18 19 20
11 2 4 7 8 13 15 16 17 18 19 20
10 0 1 2 5 6 8 9 12 14 16
10 0 2 4 7 8 10 11 14 15 16
11 1 6 7 10 12 15 16 17 18 19 20
11 2 4 7 8 12 14 16 17 18 19 20
10 0 1 2 3 4 7 8 11 14 16
10 0 2 5 8 9 12 13 14 15 16
11 1 3 7 8 11 13 16 17 18 19 20
11 2 3 5 7 9 14 15 17 18 19 20
11 1 2 7 9 11 13 14 17 18 19 20
11 2 7 9 10 11 13 14 17 18 19 20
10 0 1 2 5 7 8 9 11 13 16
10 0 3 5 7 8 9 11 14 15 16
11 2 3 5 6 7 9 14 17 18 19 20
11 4 5 8 10 13 15 16 17 18 19 20
10 0 2 4 7 8 9 10 13 14 17
10 0 1 3 4 5 8 9 11 15 17
10 0 2 3 6 7 8 10 11 15 17
10 0 3 4 7 8 9 10 13 15 17
11 1 4 6 9 10 15 16 17 18 19 20
11 5 7 8 10 13 14 15 17 18 19 20
11 1 2 3 6 8 9 11 17 18 19 20
11 3 7 8 10 12 13 16 17 18 19 20
10 0 1 2 3 5 7 9 10 13 16
10 0 3 6 7 9 11 13 14 15 16
11 2 3 5 7 8 12 16 17 18 19 20
11 5 7 8 9 11 13 14 16 18 19 20
10 0 1 3 4 6 7 8 11 15 16
10 0 1 5 8 9 10 12 13 15 16
11 1 7 8 9 11 13 14 16 18 19 20
11 3 5 8 9 12 14 16 17 18 19 20
10 0 2 3 7 8 9 10 12 13 16
10 0 3 4 6 7 8 9 13 14 16
11 1 3 6 7 10 12 16 17 18 19 20
11 1 3 5 6 9 10 15 16 18 19 20
10 0 1 2 3 5 7 8 10 13 14
10 0 1 4 6 7 9 11 12 13 14
10 0 2 3 5 8 9 10 11 12 16
10 0 4 5 6 7 8 11 13 14 16
11 1 2 7 8 11 12 14 16 18 19 20
11 3 4 6 8 12 14 15 17 18 19 20
10 0 3 4 8 9 10 11 12 14 17
10 0 3 5 6 7 8 9 13 14 17
11 1 2 4 8 10 12 13 17 18 19 20
11 2 3 8 9 11 12 14 16 18 19 20
10 0 1 2 3 4 7 8 10 12 15
10 0 3 5 7 8 11 12 13 14 15
11 1 3 5 6 8 9 14 15 18 19 20
11 3 7 8 10 11 12 14 17 18 19 20
10 0 2 3 5 7 8 9 12 13 15
10 0 2 3 6 7 8 10 12 13 15
11 2 4 5 6 8 9 13 17 18 19 20
11 4 6 8 10 11 14 15 17 18 19 20
10 0 1 5 6 7 8 9 11 14 17
10 0 3 6 8 9 10 11 12 16 17
11 1 2 5 6 8 10 12 17 18 19 20
11 2 6 7 9 11 13 14 17 18 19 20
10 0 2 3 6 8 9 10 11 12 16
10 0 4 5 6 7 8 10 13 14 16
11 2 3 5 7 9 10 14 17 18 19 20
11 3 4 5 6 9 13 15 17 18 19 20
10 0 3 4 6 7 8 9 12 14 17
10 0 3 5 8 9 10 11 13 14 17
11 3 4 5 6 8 10 14 17 18 19 20
11 2 4 5 6 8 13 14 16 18 19 20
10 0 1 3 4 6 8 9 10 13 14
10 0 1 4 5 6 8 10 11 13 14
11 1 4 5 6 8 10 11 16 18 19 20
11 3 5 6 9 10 13 15 17 18 19 20
10 0 1 2 4 5 6 7 10 13 15
10 0 2 5 8 9 10 11 13 14 15
10 0 1 5 7 8 9 10 11 13 16
10 0 3 5 6 7 8 9 11 15 16
11 1 3 6 7 10 11 13 17 18 19 20
11 1 6 7 10 11 14 16 17 18 19 20
10 0 1 2 4 6 7 8 11 14 16
10 0 2 5 8 9 10 12 14 15 16
11 1 4 5 8 9 14 16 17 18 19 20
11 5 7 8 10 11 14 15 16 18 19 20
11 2 3 5 6 8 14 15 16 18 19 20
11 2 7 8 10 11 13 15 17 18 19 20
10 0 1 4 6 7 8 11 12 13 15
10 0 2 3 4 7 8 9 11 14 15
11 1 3 5 6 8 9 14 17 18 19 20
11 1 5 6 7 11 14 16 17 18 19 20
10 0 1 4 5 7 8 9 11 14 16
10 0 2 5 7 8 9 11 12 15 16
11 1 4 8 9 10 14 16 17 18 19 20
11 2 6 7 8 12 14 15 17 18 19 20
10 0 1 3 4 6 7 8 11 13 15
10 0 2 4 7 8 9 11 12 14 15
11 1 2 4 8 9 10 14 17 18 19 20
11 2 4 5 6 8 10 15 17 18 19 20
10 0 1 2 5 6 7 9 10 13 16
10 0 2 3 6 7 8 9 12 13 16
10 0 3 4 7 8 9 10 13 14 16
10 0 3 6 7 9 10 11 14 15 16
10 0 3 4 5 8 9 10 11 14 17
10 0 3 6 7 8 9 12 13 14 17
11 1 6 8 10 11 12 14 17 18 19 20
11 3 7 8 10 11 13 16 17 18 19 20
10 0 1 3 5 6 7 9 10 14 16
10 0 2 6 7 9 10 11 13 15 16
11 2 4 5 7 8 12 16 17 18 19 20
11 1 6 8 9 10 13 14 16 18 19 20
10 0 1 6 7 9 10 11 13 14 16
10 0 2 3 5 6 7 9 10 15 16
11 1 3 4 7 8 9 11 16 18 19 20
11 1 6 7 9 11 12 15 16 18 19 20
10 0 1 5 7 8 9 10 11 14 16
10 0 2 5 6 7 8 9 11 15 16
11 1 2 5 6 8 10 11 16 18 19 20
11 4 5 7 9 10 13 14 17 18 19 20
10 0 1 2 4 5 7 8 10 12 14
10 0 1 3 5 7 8 9 11 12 14
10 0 2 3 5 6 7 9 11 13 14
10 0 2 4 6 7 9 10 12 13 14
11 3 6 7 8 11 12 14 17 18 19 20
11 2 4 5 8 9 10 13 17 18 19 20
11 2 3 6 7 9 11 12 17 18 19 20
11 1 5 6 9 10 12 15 17 18 19 20
10 0 1 4 5 6 7 8 10 14 16
10 0 2 6 8 9 10 11 12 15 16
11 1 4 6 7 10 11 15 17 18 19 20
11 3 4 5 7 8 11 15 17 18 19 20
10 0 2 5 6 7 8 10 11 14 16
10 0 2 5 6 8 9 10 11 14 16
11 1 5 8 9 11 12 13 17 18 19 20
11 5 6 7 9 11 12 15 16 18 19 20
11 5 6 7 9 10 13 14 16 18 19 20
11 4 6 8 9 11 12 15 17 18 19 20
10 0 1 4 5 6 7 8 11 13 17
10 0 2 5 6 7 8 9 12 13 17
11 1 4 5 7 8 10 12 17 18 19 20
11 4 5 7 8 11 13 15 16 18 19 20
10 0 1 2 4 6 7 9 10 11 15
10 0 4 5 6 8 9 11 13 14 15
11 1 2 4 6 9 10 12 13 18 19 20
11 2 5 6 8 10 12 15 17 18 19 20
10 0 1 2 5 6 8 9 10 11 15
10 0 4 5 6 7 9 10 13 14 15
11 1 4 6 8 10 11 14 17 18 19 20
11 1 4 6 7 8 11 14 16 18 19 20
11 1 3 6 9 10 11 13 16 18 19 20
11 2 4 6 7 9 10 12 16 18 19 20
11 1 5 7 8 10 11 13 15 18 19 20
11 2 5 6 7 9 13 14 17 18 19 20
10 0 1 3 5 6 7 9 11 12 14
10 0 2 3 5 7 8 9 11 13 14
11 2 3 7 9 10 11 14 17 18 19 20
11 2 3 6 8 9 10 15 16 18 19 20
11 1 2 7 8 9 11 14 15 18 19 20
11 2 3 7 9 10 11 13 16 18 19 20
10 0 2 3 4 5 8 9 10 12 15
10 0 3 5 6 7 10 11 12 13 15
11 1 5 6 9 10 11 13 16 18 19 20
11 3 5 6 8 10 12 15 16 18 19 20
10 0 1 3 4 5 6 8 9 14 15
10 0 1 6 7 9 10 11 12 14 15
11 1 2 5 7 9 11 12 14 18 19 20
11 4 5 7 8 11 13 15 17 18 19 20
10 0 1 4 6 7 8 9 11 12 16
10 0 4 5 7 8 9 10 12 15 16
11 1 3 5 8 9 11 12 17 18 19 20
11 4 5 7 8 10 12 14 17 18 19 20
10 0 1 2 4 5 6 7 10 14 17
10 0 3 4 5 6 8 9 10 14 17
11 3 5 6 7 9 12 14 17 18 19 20
11 2 4 7 9 10 11 13 17 18 19 20
11 3 5 7 8 10 11 13 17 18 19 20
11 3 5 6 8 9 11 13 17 18 19 20
11 2 4 6 8 9 11 12 17 18 19 20
11 3 4 6 7 9 11 15 17 18 19 20
10 0 1 3 5 6 7 8 11 12 15
10 0 3 4 7 8 9 10 12 14 15
11 1 5 7 9 10 12 13 17 18 19 20
11 4 5 6 8 9 12 14 17 18 19 20
10 0 2 4 5 6 8 9 11 12 16
10 0 4 5 7 8 10 11 12 14 16
11 2 4 7 8 10 11 12 17 18 19 20
11 3 6 7 8 12 14 15 17 18 19 20
10 0 2 3 4 6 8 9 10 13 16
10 0 3 6 7 8 10 12 13 14 16
11 1 2 4 8 9 10 13 17 18 19 20
11 2 6 8 9 12 14 16 17 18 19 20
10 0 1 5 6 7 8 9 12 14 17
10 0 3 5 8 9 10 11 12 16 17
11 1 3 6 7 9 13 16 17 18 19 20
11 2 3 5 6 8 9 14 16 18 19 20
10 0 1 2 3 5 6 8 10 14 15
10 0 1 5 7 9 10 12 13 14 15
11 1 3 8 9 11 12 14 15 18 19 20
11 2 4 5 7 9 13 15 16 18 19 20
10 0 1 2 3 6 7 9 10 11 15
10 0 4 5 6 8 9 12 13 14 15
11 1 2 4 8 10 12 13 15 18 19 20
11 3 4 7 9 10 14 16 17 18 19 20
10 0 2 3 4 6 8 9 11 12 16
10 0 2 4 7 8 9 10 12 13 16
10 0 3 4 6 7 8 9 12 14 16
10 0 4 5 7 8 10 12 13 14 16
11 1 5 6 8 11 12 16 17 18 19 20
11 4 5 6 9 12 14 15 16 18 19 20
11 1 4 7 8 9 14 15 16 18 19 20
11 3 6 7 9 12 14 16 17 18 19 20
10 0 1 3 5 6 7 9 10 14 15
10 0 1 5 6 8 9 10 12 14 15
10 0 1 4 5 7 8 9 10 14 16
10 0 2 6 7 8 9 11 12 15 16
10 0 1 2 5 6 7 8 10 14 17
10 0 2 3 4 5 8 9 10 14 17
11 1 3 6 8 9 12 16 17 18 19 20
11 2 3 6 7 8 10 13 16 18 19 20
10 0 1 2 3 4 6 8 9 13 15
10 0 2 6 7 9 11 12 13 14 15
11 4 5 7 9 11 14 15 17 18 19 20
10 0 1 5 6 8 9 10 12 13 15
10 0 2 3 5 6 7 9 10 14 15
11 1 2 5 7 9 11 12 17 18 19 20
11 3 6 8 9 10 13 15 16 18 19 20
10 0 1 6 8 9 10 12 13 14 16
11 1 4 8 9 10 12 13 15 18 19 20
11 3 4 6 7 9 10 14 16 18 19 20
10 0 1 5 7 8 9 10 12 13 15
10 0 2 3 5 6 7 8 10 14 15
10 0 1 2 3 4 6 8 9 13 16
10 0 3 7 8 10 12 13 14 15 16
11 1 3 7 8 10 11 13 14 18 19 20
11 3 5 6 8 9 11 15 16 18 19 20
10 0 1 2 4 6 7 8 9 12 16
10 0 4 7 8 9 10 12 14 15 16
11 1 2 6 8 9 11 12 14 18 19 20
0 1 0 0
0 2 0 1
3 1 1 0
3 2 1 1
4 5 2 0
4 6 2 1
7 5 3 0
7 6 3 1
8 5 4 0
8 6 4 1
9 5 5 0
9 6 5 1
10 11 6 0
10 12 6 1
13 14 7 0
13 15 7 1
16 14 8 0
16 15 8 1
17 18 9 0
19 18 10 0
20 21 11 0
20 22 11 1
23 21 12 0
23 22 12 1
24 21 13 0
24 22 13 1
25 21 14 0
25 22 14 1
26 21 15 0
26 22 15 1
27 21 16 0
27 22 16 1
28 29 17 0
28 30 17 1
28 31 17 2
28 32 17 3
33 29 18 0
33 30 18 1
33 31 18 2
33 32 18 3
34 29 19 0
34 30 19 1
34 31 19 2
34 32 19 3
35 29 20 0
35 30 20 1
35 31 20 2
35 32 20 3
36 37 21 0
36 38 21 1
39 37 22 0
39 38 22 1
40 41 23 0
40 42 23 1
43 41 24 0
43 42 24 1
44 45 25 0
44 46 25 1
47 45 26 0
47 46 26 1
48 49 27 0
48 50 27 1
51 49 28 0
51 50 28 1
52 53 29 0
52 54 29 1
55 53 30 0
55 54 30 1
56 57 31 0
56 58 31 1
59 57 32 0
59 58 32 1
60 61 33 0
60 62 33 1
60 63 33 2
60 64 33 3
60 65 33 4
60 66 33 5
67 61 34 0
67 62 34 1
67 63 34 2
67 64 34 3
67 65 34 4
67 66 34 5
68 69 35 0
68 70 35 1
71 69 36 0
71 70 36 1
72 73 37 0
72 74 37 1
75 73 38 0
75 74 38 1
76 77 39 0
76 78 39 1
79 77 40 0
79 78 40 1
80 81 41 0
80 82 41 1
80 83 41 2
80 84 41 3
85 81 42 0
85 82 42 1
85 83 42 2
85 84 42 3
86 87 43 0
86 88 43 1
86 89 43 2
86 90 43 3
86 91 43 4
86 92 43 5
93 87 44 0
93 88 44 1
93 89 44 2
93 90 44 3
93 91 44 4
93 92 44 5
94 95 45 0
94 96 45 1
97 95 46 0
97 96 46 1
98 99 47 0
98 100 47 1
101 99 48 0
101 100 48 1
102 103 49 0
102 104 49 1
102 105 49 2
102 106 49 3
107 103 50 0
107 104 50 1
107 105 50 2
107 106 50 3
108 109 51 0
108 110 51 1
111 109 52 0
111 110 52 1
112 113 53 0
112 114 53 1
112 115 53 2
112 116 53 3
117 113 54 0
117 114 54 1
117 115 54 2
117 116 54 3
118 113 55 0
118 114 55 1
118 115 55 2
118 116 55 3
119 113 56 0
119 114 56 1
119 115 56 2
119 116 56 3
120 121 57 0
120 122 57 1
123 121 58 0
123 122 58 1
124 125 59 0
124 126 59 1
127 125 60 0
127 126 60 1
128 129 61 0
128 130 61 1
131 129 62 0
131 130 62 1
132 133 63 0
132 134 63 1
135 133 64 0
135 134 64 1
136 133 65 0
136 134 65 1
137 133 66 0
137 134 66 1
138 133 67 0
138 134 67 1
139 133 68 0
139 134 68 1
140 141 69 0
140 142 69 1
143 141 70 0
143 142 70 1
144 145 71 0
144 146 71 1
147 145 72 0
147 146 72 1
148 149 73 0
148 150 73 1
151 149 74 0
151 150 74 1
152 153 75 0
152 154 75 1
152 155 75 2
152 156 75 3
157 153 76 0
157 154 76 1
157 155 76 2
157 156 76 3
158 159 77 0
158 160 77 1
161 159 78 0
161 160 78 1
162 159 79 0
162 160 79 1
163 159 80 0
163 160 80 1
164 165 81 0
164 166 81 1
167 165 82 0
167 166 82 1
168 169 83 0
168 170 83 1
171 169 84 0
171 170 84 1
172 173 85 0
172 174 85 1
175 173 86 0
175 174 86 1
176 177 87 0
176 178 87 1
179 177 88 0
179 178 88 1
180 181 89 0
180 182 89 1
183 181 90 0
183 182 90 1
184 185 91 0
184 186 91 1
187 185 92 0
187 186 92 1
188 189 93 0
188 190 93 1
191 189 94 0
191 190 94 1
192 193 95 0
192 194 95 1
195 193 96 0
195 194 96 1
196 193 97 0
196 194 97 1
197 193 98 0
197 194 98 1
198 199 99 0
198 200 99 1
201 199 100 0
201 200 100 1
202 203 101 0
202 204 101 1
205 203 102 0
205 204 102 1
206 207 103 0
206 208 103 1
209 207 104 0
209 208 104 1
210 211 105 0
210 212 105 1
210 213 105 2
210 214 105 3
215 211 106 0
215 212 106 1
215 213 106 2
215 214 106 3
216 211 107 0
216 212 107 1
216 213 107 2
216 214 107 3
217 211 108 0
217 212 108 1
217 213 108 2
217 214 108 3
218 219 109 0
218 220 109 1
221 219 110 0
221 220 110 1
222 223 111 0
222 224 111 1
222 225 111 2
222 226 111 3
227 223 112 0
227 224 112 1
227 225 112 2
227 226 112 3
228 229 113 0
228 230 113 1
231 229 114 0
231 230 114 1
232 233 115 0
232 234 115 1
235 233 116 0
235 234 116 1
236 237 117 0
238 237 118 0
239 240 119 0
239 241 119 1
242 240 120 0
242 241 120 1
243 244 121 0
243 245 121 1
246 244 122 0
246 245 122 1
247 244 123 0
247 245 123 1
248 244 124 0
248 245 124 1
249 244 125 0
249 245 125 1
250 244 126 0
250 245 126 1
251 252 127 0
251 253 127 1
254 252 128 0
254 253 128 1
255 256 129 0
255 257 129 1
258 256 130 0
258 257 130 1
259 260 131 0
259 261 131 1
262 260 132 0
262 261 132 1
263 264 133 0
263 265 133 1
266 264 134 0
266 265 134 1
267 268 135 0
267 269 135 1
270 268 136 0
270 269 136 1
271 272 137 0
271 273 137 1
271 274 137 2
271 275 137 3
271 276 137 4
271 277 137 5
278 272 138 0
278 273 138 1
278 274 138 2
278 275 138 3
278 276 138 4
278 277 138 5
279 280 139 0
279 281 139 1
282 280 140 0
282 281 140 1
283 284 141 0
283 285 141 1
286 284 142 0
286 285 142 1
287 288 143 0
287 289 143 1
290 288 144 0
290 289 144 1
291 292 145 0
291 293 145 1
291 294 145 2
291 295 145 3
296 292 146 0
296 293 146 1
296 294 146 2
296 295 146 3
297 292 147 0
297 293 147 1
297 294 147 2
297 295 147 3
298 292 148 0
298 293 148 1
298 294 148 2
298 295 148 3
299 300 149 0
299 301 149 1
302 300 150 0
302 301 150 1
303 304 151 0
305 304 152 0
306 307 153 0
306 308 153 1
309 307 154 0
309 308 154 1
310 311 155 0
310 312 155 1
313 311 156 0
313 312 156 1
314 315 157 0
314 316 157 1
317 315 158 0
317 316 158 1
318 319 159 0
318 320 159 1
321 319 160 0
321 320 160 1
322 323 161 0
322 324 161 1
325 323 162 0
325 324 162 1
326 327 163 0
326 328 163 1
329 327 164 0
329 328 164 1
330 331 165 0
330 332 165 1
333 331 166 0
333 332 166 1
334 335 167 0
334 336 167 1
334 337 167 2
334 338 167 3
339 335 168 0
339 336 168 1
339 337 168 2
339 338 168 3
340 341 169 0
340 342 169 1
343 341 170 0
343 342 170 1
344 345 171 0
344 346 171 1
347 345 172 0
347 346 172 1
348 349 173 0
348 350 173 1
351 352 174 0
351 353 174 1
351 354 174 2
351 355 174 3
356 352 175 0
356 353 175 1
356 354 175 2
356 355 175 3
357 352 176 0
357 353 176 1
357 354 176 2
357 355 176 3
358 352 177 0
358 353 177 1
358 354 177 2
358 355 177 3
359 360 178 0
359 361 178 1
362 360 179 0
362 361 179 1
363 364 180 0
363 365 180 1
366 364 181 0
366 365 181 1
367 368 182 0
367 369 182 1
370 368 183 0
370 369 183 1
371 372 184 0
371 373 184 1
374 372 185 0
374 373 185 1
375 376 186 0
377 376 187 0
378 379 188 0
378 380 188 1
381 379 189 0
381 380 189 1
382 383 190 0
382 384 190 1
385 383 191 0
385 384 191 1
386 387 192 0
386 388 192 1
386 389 192 2
386 390 192 3
391 387 193 0
391 388 193 1
391 389 193 2
391 390 193 3
392 393 194 0
392 394 194 1
395 393 195 0
395 394 195 1
396 397 196 0
396 398 196 1
396 399 196 2
396 400 196 3
401 397 197 0
401 398 197 1
401 399 197 2
401 400 197 3
402 397 198 0
402 398 198 1
402 399 198 2
402 400 198 3
403 397 199 0
403 398 199 1
403 399 199 2
403 400 199 3
404 405 200 0
404 406 200 1
407 405 201 0
407 406 201 1
408 409 202 0
408 410 202 1
411 409 203 0
411 410 203 1
412 413 204 0
412 414 204 1
412 415 204 2
412 416 204 3
417 413 205 0
417 414 205 1
417 415 205 2
417 416 205 3
418 413 206 0
418 414 206 1
418 415 206 2
418 416 206 3
419 413 207 0
419 414 207 1
419 415 207 2
419 416 207 3
420 421 208 0
420 422 208 1
423 421 209 0
423 422 209 1
424 425 210 0
424 426 210 1
427 425 211 0
427 426 211 1
428 425 212 0
428 426 212 1
429 425 213 0
429 426 213 1
430 431 214 0
430 432 214 1
433 431 215 0
433 432 215 1
434 435 216 0
434 436 216 1
437 435 217 0
437 436 217 1
438 439 218 0
438 440 218 1
441 442 219 0
441 443 219 1
444 442 220 0
444 443 220 1
445 446 221 0
445 447 221 1
448 446 222 0
448 447 222 1
449 450 223 0
449 451 223 1
452 450 224 0
452 451 224 1
453 454 225 0
453 455 225 1
456 454 226 0
456 455 226 1
457 458 227 0
457 459 227 1
457 460 227 2
457 461 227 3
462 458 228 0
462 459 228 1
462 460 228 2
462 461 228 3
463 458 229 0
463 459 229 1
463 460 229 2
463 461 229 3
464 458 230 0
464 459 230 1
464 460 230 2
464 461 230 3
465 466 231 0
467 466 232 0
468 469 233 0
468 470 233 1
471 469 234 0
471 470 234 1
472 473 235 0
472 474 235 1
475 473 236 0
475 474 236 1
476 477 237 0
476 478 237 1
479 477 238 0
479 478 238 1
480 477 239 0
480 478 239 1
481 477 240 0
481 478 240 1
482 483 241 0
482 484 241 1
485 483 242 0
485 484 242 1
486 487 243 0
486 488 243 1
489 487 244 0
489 488 244 1
490 491 245 0
490 492 245 1
493 491 246 0
493 492 246 1
494 495 247 0
494 496 247 1
497 495 248 0
497 496 248 1
498 499 249 0
498 500 249 1
501 499 250 0
501 500 250 1
502 503 251 0
502 504 251 1
505 503 252 0
505 504 252 1
506 507 253 0
506 508 253 1
509 507 254 0
509 508 254 1
510 511 255 0
510 512 255 1
513 514 256 0
513 515 256 1
516 514 257 0
516 515 257 1
517 518 258 0
517 519 258 1
517 520 258 2
517 521 258 3
522 518 259 0
522 519 259 1
522 520 259 2
522 521 259 3
523 518 260 0
523 519 260 1
523 520 260 2
523 521 260 3
524 518 261 0
524 519 261 1
524 520 261 2
524 521 261 3
525 526 262 0
525 527 262 1
528 526 263 0
528 527 263 1
529 530 264 0
529 531 264 1
532 530 265 0
532 531 265 1
533 534 266 0
533 535 266 1
536 534 267 0
536 535 267 1
537 538 268 0
537 539 268 1
540 538 269 0
540 539 269 1
541 538 270 0
541 539 270 1
542 538 271 0
542 539 271 1
543 538 272 0
543 539 272 1
544 538 273 0
544 539 273 1
545 546 274 0
545 547 274 1
548 546 275 0
548 547 275 1
549 550 276 0
549 551 276 1
552 550 277 0
552 551 277 1
553 554 278 0
553 555 278 1
556 554 279 0
556 555 279 1
557 558 280 0
557 559 280 1
560 558 281 0
560 559 281 1
561 562 282 0
561 563 282 1
564 562 283 0
564 563 283 1
565 566 284 0
565 567 284 1
565 568 284 2
565 569 284 3
565 570 284 4
565 571 284 5
572 566 285 0
572 567 285 1
572 568 285 2
572 569 285 3
572 570 285 4
572 571 285 5
573 574 286 0
573 575 286 1
576 574 287 0
576 575 287 1
577 578 288 0
577 579 288 1
580 581 289 0
580 582 289 1
583 581 290 0
583 582 290 1
584 585 291 0
584 586 291 1
587 585 292 0
587 586 292 1
588 589 293 0
588 590 293 1
591 589 294 0
591 590 294 1
592 589 295 0
592 590 295 1
593 589 296 0
593 590 296 1
594 595 297 0
594 596 297 1
597 595 298 0
597 596 298 1
598 599 299 0
598 600 299 1
598 601 299 2
598 602 299 3
603 599 300 0
603 600 300 1
603 601 300 2
603 602 300 3
604 599 301 0
604 600 301 1
604 601 301 2
604 602 301 3
605 599 302 0
605 600 302 1
605 601 302 2
605 602 302 3
606 607 303 0
606 608 303 1
609 607 304 0
609 608 304 1
610 611 305 0
610 612 305 1
613 611 306 0
613 612 306 1
614 615 307 0
614 616 307 1
617 615 308 0
617 616 308 1
618 619 309 0
618 620 309 1
618 621 309 2
618 622 309 3
623 619 310 0
623 620 310 1
623 621 310 2
623 622 310 3
624 625 311 0
624 626 311 1
627 625 312 0
627 626 312 1
628 629 313 0
628 630 313 1
631 629 314 0
631 630 314 1
632 633 315 0
632 634 315 1
635 633 316 0
635 634 316 1
636 637 317 0
636 638 317 1
639 637 318 0
639 638 318 1
640 641 319 0
640 642 319 1
643 641 320 0
643 642 320 1
644 645 321 0
644 646 321 1
647 645 322 0
647 646 322 1
648 649 323 0
648 650 323 1
651 649 324 0
651 650 324 1
652 653 325 0
652 654 325 1
652 655 325 2
652 656 325 3
657 653 326 0
657 654 326 1
657 655 326 2
657 656 326 3
658 659 327 0
658 660 327 1
661 659 328 0
661 660 328 1
662 659 329 0
662 660 329 1
663 659 330 0
663 660 330 1
664 665 331 0
664 666 331 1
667 665 332 0
667 666 332 1
668 669 333 0
668 670 333 1
671 669 334 0
671 670 334 1
672 673 335 0
672 674 335 1
675 673 336 0
675 674 336 1
676 677 337 0
676 678 337 1
676 679 337 2
676 680 337 3
676 681 337 4
676 682 337 5
683 677 338 0
683 678 338 1
683 679 338 2
683 680 338 3
683 681 338 4
683 682 338 5
684 685 339 0
684 686 339 1
687 685 340 0
687 686 340 1
688 689 341 0
688 690 341 1
691 689 342 0
691 690 342 1
692 693 343 0
692 694 343 1
695 693 344 0
695 694 344 1
696 697 345 0
696 698 345 1
696 699 345 2
696 700 345 3
701 697 346 0
701 698 346 1
701 699 346 2
701 700 346 3
702 697 347 0
702 698 347 1
702 699 347 2
702 700 347 3
703 697 348 0
703 698 348 1
703 699 348 2
703 700 348 3
704 705 349 0
704 706 349 1
707 705 350 0
707 706 350 1
708 709 351 0
708 710 351 1
711 709 352 0
711 710 352 1
712 709 353 0
712 710 353 1
713 709 354 0
713 710 354 1
714 715 355 0
714 716 355 1
717 715 356 0
717 716 356 1
718 719 357 0
718 720 357 1
721 719 358 0
721 720 358 1
722 723 359 0
722 724 359 1
725 723 360 0
725 724 360 1
726 723 361 0
726 724 361 1
727 723 362 0
727 724 362 1
728 723 363 0
728 724 363 1
729 723 364 0
729 724 364 1
730 731 365 0
730 732 365 1
733 731 366 0
733 732 366 1
734 731 367 0
734 732 367 1
735 731 368 0
735 732 368 1
736 737 369 0
736 738 369 1
739 737 370 0
739 738 370 1
740 741 371 0
740 742 371 1
743 741 372 0
743 742 372 1
744 745 373 0
744 746 373 1
747 745 374 0
747 746 374 1
748 749 375 0
748 750 375 1
751 749 376 0
751 750 376 1
752 749 377 0
752 750 377 1
753 749 378 0
753 750 378 1
754 749 379 0
754 750 379 1
755 749 380 0
755 750 380 1
756 757 381 0
756 758 381 1
759 757 382 0
759 758 382 1
760 761 383 0
760 762 383 1
763 761 384 0
763 762 384 1
764 765 385 0
764 766 385 1
767 765 386 0
767 766 386 1
768 769 387 0
768 770 387 1
771 769 388 0
771 770 388 1
772 773 389 0
772 774 389 1
775 773 390 0
775 774 390 1
776 777 391 0
776 778 391 1
779 777 392 0
779 778 392 1
780 781 393 0
780 782 393 1
780 783 393 2
780 784 393 3
785 781 394 0
785 782 394 1
785 783 394 2
785 784 394 3
786 781 395 0
786 782 395 1
786 783 395 2
786 784 395 3
787 781 396 0
787 782 396 1
787 783 396 2
787 784 396 3
788 789 397 0
788 790 397 1
788 791 397 2
788 792 397 3
788 793 397 4
788 794 397 5
795 789 398 0
795 790 398 1
795 791 398 2
795 792 398 3
795 793 398 4
795 794 398 5
796 797 399 0
796 798 399 1
799 800 400 0
799 801 400 1
802 800 401 0
802 801 401 1
803 804 402 0
805 804 403 0
806 807 404 0
806 808 404 1
806 809 404 2
806 810 404 3
811 807 405 0
811 808 405 1
811 809 405 2
811 810 405 3
812 813 406 0
812 814 406 1
815 813 407 0
815 814 407 1
