19 418 448
10 2 5 9 10 12 14 15 16 17 18
9 0 1 3 4 8 9 10 12 14
9 0 2 4 5 6 10 11 13 14
9 0 1 2 4 7 9 10 11 15
10 1 3 4 8 11 14 15 16 17 18
10 1 4 9 10 12 13 14 16 17 18
9 0 1 2 4 8 9 11 13 14
9 0 1 3 5 6 10 12 13 14
10 1 2 7 10 12 13 14 16 17 18
10 2 4 8 10 13 14 15 16 17 18
9 0 1 2 5 8 9 10 12 15
9 0 3 5 6 7 10 13 14 15
10 1 4 5 10 12 14 15 16 17 18
10 1 3 8 9 12 14 15 16 17 18
10 5 7 9 10 12 13 14 16 17 18
9 0 1 2 5 7 10 11 13 14
9 0 1 3 4 7 9 12 13 14
10 1 2 4 6 12 13 14 16 17 18
10 4 7 9 11 12 14 15 16 17 18
9 0 2 3 4 8 9 12 13 15
9 0 2 3 6 7 11 12 13 15
10 2 7 9 10 12 14 15 16 17 18
10 1 3 4 6 11 14 15 16 17 18
10 1 2 4 6 9 14 15 16 17 18
10 5 7 9 10 11 13 14 16 17 18
9 0 1 2 5 6 9 11 12 14
9 0 2 3 5 8 9 12 13 14
10 1 3 9 10 11 13 14 16 17 18
10 3 7 9 10 12 14 15 16 17 18
9 0 1 2 3 6 8 11 12 15
9 0 3 4 7 9 12 13 14 15
10 1 3 4 6 10 14 15 16 17 18
10 3 5 9 10 13 14 15 16 17 18
9 0 1 3 4 7 9 10 12 14
9 0 2 4 5 7 10 11 13 14
9 0 1 2 3 6 9 11 13 16
10 2 3 7 9 13 14 15 16 17 18
10 3 6 9 10 12 14 15 16 17 18
9 0 1 2 3 6 8 10 11 15
9 0 1 3 5 8 9 10 11 15
10 1 3 4 7 10 14 15 16 17 18
10 1 6 7 10 12 13 14 16 17 18
9 0 1 2 3 5 8 10 11 15
9 0 1 3 6 8 9 10 11 15
10 1 4 5 10 12 13 14 16 17 18
10 4 6 9 10 12 13 15 16 17 18
9 0 1 2 3 5 7 11 12 15
9 0 2 4 5 6 7 11 14 15
10 1 2 4 5 8 10 15 16 17 18
10 2 3 4 6 10 13 15 16 17 18
9 0 1 3 5 6 9 10 11 13
9 0 2 3 4 7 8 10 12 13
10 1 4 8 10 11 12 15 16 17 18
10 2 4 7 10 11 14 15 16 17 18
9 0 1 3 4 5 6 10 12 14
9 0 2 4 8 9 10 11 13 14
10 2 3 6 9 11 14 15 16 17 18
10 1 4 5 9 11 12 14 16 17 18
9 0 1 5 8 9 10 11 12 14
9 0 2 3 4 5 6 9 13 14
10 1 3 4 6 10 11 14 16 17 18
10 2 7 9 10 11 13 15 16 17 18
9 0 1 4 5 7 10 11 12 14
9 0 2 3 4 7 9 10 13 14
10 1 3 4 5 7 12 15 16 17 18
10 2 3 5 9 11 13 14 16 17 18
9 0 1 3 4 5 6 10 11 13
9 0 2 3 7 8 9 10 12 13
10 1 2 4 6 10 12 13 16 17 18
10 2 5 6 10 11 13 15 16 17 18
9 0 2 3 4 5 6 10 12 15
9 0 1 2 3 4 6 10 13 15
10 1 4 5 9 10 13 15 16 17 18
10 1 3 4 8 9 12 15 16 17 18
10 2 3 7 9 10 13 15 16 17 18
9 0 1 4 6 8 9 10 11 13
9 0 2 3 4 5 7 9 12 13
10 1 4 5 7 11 12 15 16 17 18
10 1 4 5 6 12 13 15 16 17 18
9 0 2 4 5 6 9 10 12 15
9 0 2 5 6 8 10 11 12 15
9 0 3 4 5 7 9 10 13 15
9 0 3 5 6 9 10 11 13 15
10 1 2 8 9 10 13 15 16 17 18
10 2 4 6 9 10 13 15 16 17 18
9 0 1 5 7 8 9 10 11 14
9 0 3 4 5 6 7 9 13 14
10 1 4 5 8 10 12 15 16 17 18
10 1 3 7 10 12 13 15 16 17 18
9 0 1 2 4 7 8 11 12 13
9 0 1 2 5 6 9 11 12 13
9 0 1 2 4 5 8 12 13 14
9 0 1 2 6 9 10 12 13 14
10 1 2 4 7 11 13 15 16 17 18
10 3 4 8 11 13 14 15 16 17 18
9 0 1 2 4 6 9 12 13 15
9 0 2 3 6 9 11 13 14 15
10 1 4 8 9 13 14 15 16 17 18
10 1 3 8 9 12 13 15 16 17 18
9 0 1 2 4 7 8 10 12 13
9 0 1 3 5 6 9 11 12 13
10 1 2 6 8 12 13 15 16 17 18
10 1 2 5 6 11 13 15 16 17 18
10 4 5 9 11 13 14 15 16 17 18
9 0 1 2 5 7 9 10 13 16
9 0 1 3 5 8 9 10 13 16
10 1 3 7 8 13 14 15 16 17 18
10 2 4 6 11 12 14 15 16 17 18
9 0 1 3 6 7 10 11 12 14
9 0 2 3 4 7 8 11 13 14
10 1 2 7 9 11 14 15 16 17 18
10 2 4 6 11 12 13 15 16 17 18
9 0 1 4 7 10 11 12 13 15
9 0 2 3 4 5 8 11 14 15
10 1 2 3 8 10 12 15 16 17 18
10 2 5 6 11 12 13 15 16 17 18
9 0 2 4 7 9 10 11 12 15
9 0 3 4 5 6 8 11 13 15
10 2 6 9 10 11 12 15 16 17 18
10 1 2 3 8 9 12 15 16 17 18
10 2 4 8 9 12 14 15 16 17 18
9 0 2 3 4 6 9 10 11 14
9 0 3 4 5 8 10 11 12 14
10 1 4 5 9 11 14 15 16 17 18
10 3 4 8 10 11 13 14 16 17 18
9 0 1 2 4 6 8 9 11 12
9 0 1 3 4 6 8 10 11 12
10 1 2 4 5 7 11 12 16 17 18
10 5 6 8 11 12 13 15 16 17 18
9 0 1 4 6 8 9 10 12 15
9 0 3 5 6 7 9 11 14 15
10 1 2 3 6 8 9 15 16 17 18
10 3 6 8 10 11 12 15 16 17 18
9 0 2 3 4 7 8 10 11 13
9 0 2 3 5 6 9 10 11 13
10 2 3 4 6 8 11 15 16 17 18
10 3 4 6 10 12 13 15 16 17 18
9 0 1 3 4 5 8 9 11 13
9 0 2 4 5 8 9 10 12 13
10 1 2 4 8 10 11 15 16 17 18
10 2 3 5 9 11 12 14 16 17 18
9 0 2 3 4 5 6 10 11 14
9 0 3 4 8 9 10 11 12 14
10 1 3 4 6 10 12 13 16 17 18
10 2 3 4 6 12 14 15 16 17 18
9 0 1 3 5 8 9 12 14 15
9 0 1 3 6 7 10 12 14 15
10 1 7 9 10 11 14 15 16 17 18
10 2 5 7 11 13 14 15 16 17 18
9 0 1 2 5 7 9 10 13 14
9 0 1 4 5 7 9 12 13 14
10 1 5 7 10 13 14 15 16 17 18
10 3 6 8 11 12 14 15 16 17 18
9 0 1 2 3 6 7 10 12 14
9 0 2 4 7 8 11 12 13 14
10 1 2 5 7 10 14 15 16 17 18
10 2 3 4 10 12 13 14 16 17 18
9 0 2 3 4 7 9 10 12 15
9 0 3 5 6 8 11 12 13 15
10 1 7 8 9 12 13 14 16 17 18
10 3 7 8 10 11 13 14 16 17 18
9 0 1 3 7 8 9 10 12 14
9 0 2 4 5 6 7 11 13 14
9 0 1 2 3 4 8 10 13 15
10 1 2 4 5 7 8 12 16 17 18
10 2 3 4 5 8 13 15 16 17 18
9 0 1 3 4 7 8 10 12 14
9 0 2 4 6 7 10 11 13 14
9 0 1 3 4 6 7 11 13 15
10 1 6 9 10 11 12 15 16 17 18
10 2 5 6 11 13 14 15 16 17 18
9 0 1 2 5 6 8 11 13 15
9 0 2 4 7 9 10 13 14 15
10 1 6 7 10 13 14 15 16 17 18
10 6 7 8 10 11 13 14 16 17 18
10 3 4 7 11 13 14 15 16 17 18
9 0 2 3 5 8 9 10 13 15
9 0 2 5 6 7 10 12 13 15
10 1 5 8 9 13 14 15 16 17 18
10 3 7 8 10 12 14 15 16 17 18
9 0 1 2 3 5 8 11 14 15
9 0 1 4 7 10 12 13 14 15
10 1 3 5 6 10 14 15 16 17 18
10 3 7 8 10 11 13 15 16 17 18
9 0 1 2 3 5 8 9 11 15
9 0 2 3 6 8 9 10 11 15
10 1 3 4 6 7 11 15 16 17 18
10 5 7 9 10 11 14 15 16 17 18
9 0 1 4 5 7 8 10 13 15
9 0 2 5 7 8 10 11 14 15
10 2 3 4 6 8 14 15 16 17 18
10 5 6 9 10 12 14 15 16 17 18
9 0 1 5 7 8 10 11 13 15
9 0 1 5 7 9 10 12 13 15
10 1 3 4 7 8 14 15 16 17 18
10 1 5 8 9 11 13 14 16 17 18
9 0 1 2 3 5 8 9 10 14
9 0 4 5 6 9 11 12 13 14
10 1 2 4 6 7 10 14 16 17 18
10 5 7 8 10 11 12 15 16 17 18
9 0 2 4 5 8 9 10 12 15
9 0 3 5 6 7 10 11 13 15
10 2 3 4 6 7 9 15 16 17 18
10 4 7 8 10 11 13 15 16 17 18
9 0 2 4 5 6 7 11 12 15
9 0 3 4 8 9 10 11 13 15
10 1 3 4 6 7 10 15 16 17 18
10 2 3 5 6 11 13 15 16 17 18
9 0 1 4 7 8 9 10 12 14
9 0 2 4 5 6 7 10 13 14
10 1 3 8 9 11 12 15 16 17 18
10 1 3 8 9 10 13 14 16 17 18
9 0 1 2 3 5 6 9 12 14
9 0 2 5 8 9 11 12 13 14
10 1 2 5 6 7 12 14 16 17 18
10 1 3 6 7 11 13 14 16 17 18
9 0 1 2 3 4 6 9 13 14
9 0 1 5 8 10 11 12 13 14
10 1 2 4 8 9 12 14 16 17 18
10 4 6 7 11 12 13 15 16 17 18
9 0 2 3 4 6 7 10 12 15
9 0 3 5 8 9 11 12 13 15
10 1 2 3 7 8 10 15 16 17 18
10 2 3 4 6 9 12 14 16 17 18
9 0 1 2 3 4 7 8 11 13
9 0 2 5 6 9 10 11 12 13
10 2 3 4 6 8 11 14 16 17 18
10 2 3 6 9 11 12 14 16 17 18
9 0 1 2 3 4 6 8 12 13
9 0 1 5 7 9 10 11 12 13
10 1 3 4 6 9 12 13 16 17 18
10 4 6 7 10 12 13 14 16 17 18
9 0 1 2 4 5 6 9 12 14
9 0 2 5 8 9 10 12 13 14
10 1 4 5 7 12 13 14 16 17 18
10 4 6 7 9 10 12 13 16 17 18
9 0 1 2 4 5 6 9 11 13
9 0 2 4 7 8 9 11 12 13
10 2 3 5 6 8 9 11 16 17 18
10 1 4 6 7 11 12 14 16 17 18
9 0 1 2 5 6 8 9 10 12
9 0 2 3 4 6 7 10 11 12
10 1 3 4 8 9 11 14 16 17 18
10 3 4 7 9 10 12 14 16 17 18
9 0 1 3 4 7 8 9 10 12
9 0 2 3 4 5 8 9 11 12
9 0 1 2 3 4 5 9 12 15
10 1 3 5 6 8 11 12 16 17 18
10 2 5 6 9 11 13 15 16 17 18
9 0 1 6 7 9 10 11 12 14
9 0 2 3 4 5 7 8 13 14
10 1 3 5 8 9 12 15 16 17 18
10 2 5 8 9 10 12 14 16 17 18
10 2 4 5 6 11 13 15 16 17 18
9 0 1 2 4 5 6 9 12 15
9 0 3 6 9 10 11 13 14 15
10 1 3 8 9 10 12 15 16 17 18
10 5 6 7 9 11 12 14 16 17 18
10 1 5 6 8 11 13 14 16 17 18
9 0 1 5 6 7 8 9 11 15
9 0 2 3 4 5 6 10 11 15
10 1 2 4 7 9 10 14 16 17 18
10 4 5 8 9 11 13 15 16 17 18
9 0 1 2 4 5 7 9 10 13
9 0 3 4 6 8 9 11 12 13
10 1 3 5 6 9 10 15 16 17 18
10 3 4 6 8 11 12 15 16 17 18
9 0 1 3 4 6 8 9 10 12
9 0 2 3 4 6 8 9 11 12
10 2 3 6 8 10 11 15 16 17 18
10 2 4 6 7 10 11 13 16 17 18
9 0 1 5 7 8 9 10 11 13
9 0 2 3 4 5 6 8 12 13
10 2 4 5 8 9 11 13 16 17 18
10 1 7 8 9 12 13 15 16 17 18
9 0 1 4 6 7 8 10 13 15
9 0 2 5 7 8 9 11 14 15
10 1 2 5 6 7 13 15 16 17 18
10 2 6 7 10 12 14 15 16 17 18
9 0 1 2 5 7 8 9 11 14
9 0 3 5 6 7 9 12 13 14
10 1 3 6 7 11 14 15 16 17 18
10 1 5 6 9 12 14 15 16 17 18
9 0 1 2 4 5 7 9 13 14
9 0 1 5 7 9 10 12 13 14
10 1 4 7 8 12 14 15 16 17 18
10 2 3 5 7 11 13 14 16 17 18
9 0 1 2 3 4 7 9 10 14
9 0 4 5 7 10 11 12 13 14
10 1 2 4 8 10 12 13 16 17 18
10 3 5 7 10 13 14 15 16 17 18
9 0 1 2 5 6 7 9 12 15
9 0 3 6 8 9 10 13 14 15
10 2 5 7 9 13 14 15 16 17 18
10 1 5 7 8 12 13 15 16 17 18
9 0 1 3 5 6 7 10 11 13
9 0 2 3 6 7 8 10 12 13
10 1 2 6 7 9 13 15 16 17 18
10 1 3 5 6 8 13 14 16 17 18
9 0 1 3 4 7 8 9 10 14
9 0 1 3 4 5 7 8 13 14
9 0 4 5 6 7 10 11 13 14
10 1 2 7 9 10 12 14 16 17 18
10 2 3 5 6 8 9 14 16 17 18
9 0 1 3 5 7 8 9 10 14
9 0 4 5 6 7 9 11 13 14
10 1 6 7 9 10 12 13 16 17 18
10 2 4 5 8 9 13 15 16 17 18
9 0 1 3 5 7 8 9 10 13
9 0 3 4 5 6 8 10 12 13
10 1 5 6 9 10 12 15 16 17 18
10 3 4 6 8 11 12 14 15 17 18
9 0 1 2 3 6 7 8 10 12
9 0 2 4 5 6 9 10 11 12
10 2 4 6 7 11 12 14 15 17 18
10 3 5 6 9 11 14 15 16 17 18
9 0 2 4 5 6 7 10 11 14
9 0 3 4 5 7 9 10 11 14
9 0 3 4 7 8 9 10 12 14
10 2 4 7 8 10 14 15 16 17 18
10 3 5 7 8 10 11 14 16 17 18
9 0 1 2 5 6 7 9 10 12
9 0 2 3 5 6 7 10 11 12
10 1 4 5 7 8 10 12 16 17 18
10 3 5 6 9 10 14 15 16 17 18
9 0 2 4 5 6 8 9 11 14
9 0 3 5 6 8 9 10 12 14
10 3 4 7 8 10 14 15 16 17 18
10 3 6 7 9 10 11 15 16 17 18
10 3 4 5 7 8 11 15 16 17 18
10 2 3 4 6 12 13 15 16 17 18
9 0 1 3 5 7 8 11 12 14
9 0 2 3 6 7 9 11 13 14
10 1 2 8 10 11 12 15 16 17 18
10 1 3 7 8 11 13 14 16 17 18
9 0 2 3 7 8 9 10 11 14
9 0 3 4 5 6 7 11 12 14
10 1 3 4 7 9 13 14 16 17 18
10 1 2 6 8 11 12 14 16 17 18
10 1 2 4 7 8 12 14 16 17 18
10 2 3 5 7 12 14 15 16 17 18
9 0 1 4 5 6 8 11 12 14
9 0 2 3 6 8 9 10 13 14
10 1 6 8 10 11 14 15 16 17 18
10 1 7 8 9 11 13 14 16 17 18
9 0 1 3 4 7 8 9 12 14
9 0 2 3 6 7 8 11 12 14
9 0 2 5 6 7 10 11 13 14
10 5 7 8 9 11 12 14 16 17 18
10 2 7 8 9 12 14 15 16 17 18
9 0 1 4 6 7 8 10 12 15
9 0 3 5 7 8 9 11 14 15
10 1 4 5 6 11 14 15 16 17 18
10 2 3 6 8 9 13 15 16 17 18
9 0 1 3 4 5 6 8 12 14
9 0 2 6 8 9 10 11 13 14
10 1 5 6 8 11 12 15 16 17 18
10 2 3 4 6 7 13 15 16 17 18
9 0 2 3 6 7 8 10 13 15
9 0 2 5 7 8 9 12 13 15
10 1 7 8 10 11 12 15 16 17 18
10 2 7 8 9 11 13 15 16 17 18
9 0 1 3 5 6 8 9 12 13
9 0 1 4 5 7 8 10 12 13
10 1 3 5 6 7 12 15 16 17 18
10 2 4 7 8 12 14 15 16 17 18
9 0 1 5 7 8 9 11 12 14
9 0 2 3 5 6 7 9 13 14
10 1 5 6 9 11 14 15 16 17 18
10 4 6 8 9 10 13 14 16 17 18
9 0 1 2 3 5 7 8 11 14
9 0 3 6 7 9 11 12 13 14
10 1 3 8 9 10 12 13 16 17 18
10 4 6 7 9 12 13 14 16 17 18
9 0 2 3 4 5 8 9 11 15
9 0 2 3 6 7 8 9 11 15
10 2 4 5 7 12 13 14 16 17 18
10 4 5 7 9 12 13 14 16 17 18
9 0 1 2 4 5 7 8 11 13
9 0 2 5 6 8 9 11 12 13
10 2 4 6 7 12 13 14 16 17 18
10 2 5 6 8 11 13 15 16 17 18
9 0 1 2 4 6 7 8 11 12
9 0 1 4 5 6 8 10 11 12
10 1 3 6 8 9 12 15 16 17 18
10 4 5 7 8 10 12 14 15 17 18
10 4 5 7 9 10 13 14 16 17 18
9 0 1 2 4 5 6 8 11 13
9 0 2 5 7 8 9 11 12 13
10 1 2 5 6 8 10 11 16 17 18
10 3 4 7 8 10 13 15 16 17 18
9 0 1 2 3 4 6 8 12 15
9 0 2 4 5 6 7 8 12 15
10 1 4 6 7 10 11 15 16 17 18
10 1 5 6 7 10 11 14 16 17 18
9 0 1 2 3 5 6 8 10 13
9 0 1 3 4 5 6 8 11 13
9 0 2 5 7 8 9 10 12 13
9 0 3 5 7 8 10 11 12 13
10 1 4 5 8 9 10 14 16 17 18
10 3 4 6 8 9 12 15 16 17 18
9 0 1 2 3 4 6 8 11 15
9 0 3 5 7 8 9 10 11 15
10 2 5 6 8 10 11 15 16 17 18
10 3 4 6 7 11 13 14 16 17 18
9 0 1 3 5 6 7 9 11 12
9 0 2 3 6 7 8 9 11 13
9 0 2 4 5 6 7 10 11 13
10 1 2 4 8 9 11 12 16 17 18
10 3 5 6 7 10 12 15 16 17 18
9 0 2 3 5 6 7 8 11 15
9 0 3 4 5 6 8 9 11 15
10 2 4 7 8 9 11 15 16 17 18
10 2 5 6 7 11 13 15 16 17 18
9 0 1 3 4 6 7 8 11 13
9 0 2 5 6 7 9 10 12 13
10 1 3 7 8 9 12 15 16 17 18
10 3 5 6 8 12 13 14 16 17 18
0 1 0 0
0 2 0 1
0 3 0 2
4 1 1 0
4 2 1 1
4 3 1 2
5 6 2 0
5 7 2 1
8 6 3 0
8 7 3 1
9 10 4 0
9 11 4 1
12 10 5 0
12 11 5 1
13 10 6 0
13 11 6 1
14 15 7 0
14 16 7 1
17 15 8 0
17 16 8 1
18 19 9 0
18 20 9 1
21 19 10 0
21 20 10 1
22 19 11 0
22 20 11 1
23 19 12 0
23 20 12 1
24 25 13 0
24 26 13 1
27 25 14 0
27 26 14 1
28 29 15 0
28 30 15 1
31 29 16 0
31 30 16 1
32 33 17 0
32 34 17 1
32 35 17 2
36 33 18 0
36 34 18 1
36 35 18 2
37 38 19 0
37 39 19 1
40 38 20 0
40 39 20 1
41 42 21 0
41 43 21 1
44 42 22 0
44 43 22 1
45 46 23 0
45 47 23 1
48 46 24 0
48 47 24 1
49 50 25 0
49 51 25 1
52 50 26 0
52 51 26 1
53 54 27 0
53 55 27 1
56 54 28 0
56 55 28 1
57 58 29 0
57 59 29 1
60 58 30 0
60 59 30 1
61 62 31 0
61 63 31 1
64 62 32 0
64 63 32 1
65 66 33 0
65 67 33 1
68 66 34 0
68 67 34 1
69 70 35 0
69 71 35 1
72 70 36 0
72 71 36 1
73 70 37 0
73 71 37 1
74 75 38 0
74 76 38 1
77 75 39 0
77 76 39 1
78 79 40 0
78 80 40 1
78 81 40 2
78 82 40 3
83 79 41 0
83 80 41 1
83 81 41 2
83 82 41 3
84 85 42 0
84 86 42 1
87 85 43 0
87 86 43 1
88 89 44 0
88 90 44 1
88 91 44 2
88 92 44 3
93 89 45 0
93 90 45 1
93 91 45 2
93 92 45 3
94 95 46 0
94 96 46 1
97 95 47 0
97 96 47 1
98 99 48 0
98 100 48 1
101 99 49 0
101 100 49 1
102 99 50 0
102 100 50 1
103 104 51 0
103 105 51 1
106 104 52 0
106 105 52 1
107 108 53 0
107 109 53 1
110 108 54 0
110 109 54 1
111 112 55 0
111 113 55 1
114 112 56 0
114 113 56 1
115 116 57 0
115 117 57 1
118 116 58 0
118 117 58 1
119 116 59 0
119 117 59 1
120 121 60 0
120 122 60 1
123 121 61 0
123 122 61 1
124 125 62 0
124 126 62 1
127 125 63 0
127 126 63 1
128 129 64 0
128 130 64 1
131 129 65 0
131 130 65 1
132 133 66 0
132 134 66 1
135 133 67 0
135 134 67 1
136 137 68 0
136 138 68 1
139 137 69 0
139 138 69 1
140 141 70 0
140 142 70 1
143 141 71 0
143 142 71 1
144 145 72 0
144 146 72 1
147 145 73 0
147 146 73 1
148 149 74 0
148 150 74 1
151 149 75 0
151 150 75 1
152 153 76 0
152 154 76 1
155 153 77 0
155 154 77 1
156 157 78 0
156 158 78 1
159 157 79 0
159 158 79 1
160 161 80 0
160 162 80 1
160 163 80 2
164 161 81 0
164 162 81 1
164 163 81 2
165 166 82 0
165 167 82 1
165 168 82 2
169 166 83 0
169 167 83 1
169 168 83 2
170 171 84 0
170 172 84 1
173 171 85 0
173 172 85 1
174 171 86 0
174 172 86 1
175 176 87 0
175 177 87 1
178 176 88 0
178 177 88 1
179 180 89 0
179 181 89 1
182 180 90 0
182 181 90 1
183 184 91 0
183 185 91 1
186 184 92 0
186 185 92 1
187 188 93 0
187 189 93 1
190 188 94 0
190 189 94 1
191 192 95 0
191 193 95 1
194 192 96 0
194 193 96 1
195 196 97 0
195 197 97 1
198 196 98 0
198 197 98 1
199 200 99 0
199 201 99 1
202 200 100 0
202 201 100 1
203 204 101 0
203 205 101 1
206 204 102 0
206 205 102 1
207 208 103 0
207 209 103 1
210 208 104 0
210 209 104 1
211 212 105 0
211 213 105 1
214 212 106 0
214 213 106 1
215 216 107 0
215 217 107 1
218 216 108 0
218 217 108 1
219 220 109 0
219 221 109 1
222 220 110 0
222 221 110 1
223 224 111 0
223 225 111 1
226 224 112 0
226 225 112 1
227 228 113 0
227 229 113 1
230 228 114 0
230 229 114 1
231 232 115 0
231 233 115 1
234 232 116 0
234 233 116 1
235 236 117 0
235 237 117 1
238 236 118 0
238 237 118 1
239 240 119 0
239 241 119 1
242 240 120 0
242 241 120 1
243 244 121 0
243 245 121 1
243 246 121 2
247 244 122 0
247 245 122 1
247 246 122 2
248 249 123 0
248 250 123 1
251 249 124 0
251 250 124 1
252 249 125 0
252 250 125 1
253 254 126 0
253 255 126 1
256 254 127 0
256 255 127 1
257 254 128 0
257 255 128 1
258 259 129 0
258 260 129 1
261 259 130 0
261 260 130 1
262 263 131 0
262 264 131 1
265 263 132 0
265 264 132 1
266 267 133 0
266 268 133 1
269 267 134 0
269 268 134 1
270 271 135 0
270 272 135 1
273 271 136 0
273 272 136 1
274 275 137 0
274 276 137 1
277 275 138 0
277 276 138 1
278 279 139 0
278 280 139 1
281 279 140 0
281 280 140 1
282 283 141 0
282 284 141 1
285 283 142 0
285 284 142 1
286 287 143 0
286 288 143 1
289 287 144 0
289 288 144 1
290 291 145 0
290 292 145 1
293 291 146 0
293 292 146 1
294 295 147 0
294 296 147 1
297 295 148 0
297 296 148 1
298 299 149 0
298 300 149 1
298 301 149 2
302 299 150 0
302 300 150 1
302 301 150 2
303 304 151 0
303 305 151 1
306 304 152 0
306 305 152 1
307 308 153 0
307 309 153 1
310 308 154 0
310 309 154 1
311 312 155 0
311 313 155 1
314 312 156 0
314 313 156 1
315 316 157 0
315 317 157 1
315 318 157 2
319 316 158 0
319 317 158 1
319 318 158 2
320 321 159 0
320 322 159 1
323 321 160 0
323 322 160 1
324 325 161 0
324 326 161 1
327 325 162 0
327 326 162 1
328 325 163 0
328 326 163 1
329 325 164 0
329 326 164 1
330 331 165 0
330 332 165 1
333 331 166 0
333 332 166 1
334 335 167 0
334 336 167 1
337 335 168 0
337 336 168 1
338 335 169 0
338 336 169 1
339 335 170 0
339 336 170 1
340 341 171 0
340 342 171 1
343 341 172 0
343 342 172 1
344 345 173 0
344 346 173 1
344 347 173 2
348 345 174 0
348 346 174 1
348 347 174 2
349 350 175 0
349 351 175 1
352 350 176 0
352 351 176 1
353 354 177 0
353 355 177 1
356 354 178 0
356 355 178 1
357 358 179 0
357 359 179 1
360 358 180 0
360 359 180 1
361 362 181 0
361 363 181 1
364 362 182 0
364 363 182 1
365 366 183 0
365 367 183 1
368 366 184 0
368 367 184 1
369 370 185 0
369 371 185 1
372 370 186 0
372 371 186 1
373 374 187 0
373 375 187 1
376 374 188 0
376 375 188 1
377 378 189 0
377 379 189 1
380 378 190 0
380 379 190 1
381 382 191 0
381 383 191 1
384 382 192 0
384 383 192 1
385 382 193 0
385 383 193 1
386 387 194 0
386 388 194 1
389 387 195 0
389 388 195 1
390 391 196 0
390 392 196 1
393 391 197 0
393 392 197 1
394 395 198 0
394 396 198 1
394 397 198 2
394 398 198 3
399 395 199 0
399 396 199 1
399 397 199 2
399 398 199 3
400 401 200 0
400 402 200 1
403 401 201 0
403 402 201 1
404 405 202 0
404 406 202 1
404 407 202 2
408 405 203 0
408 406 203 1
408 407 203 2
409 410 204 0
409 411 204 1
412 410 205 0
412 411 205 1
413 414 206 0
413 415 206 1
416 414 207 0
416 415 207 1
417 414 208 0
417 415 208 1
