127 194 556
64 0 5 7 9 10 11 14 15 17 18 19 20 22 23 25 28 29 30 33 34 36 38 39 40 43 44 45 46 49 50 53 56 57 58 60 66 67 68 69 71 72 73 75 76 78 80 83 85 86 88 90 92 97 98 99 100 101 105 106 112 113 114 116 120
63 1 2 4 8 9 11 13 16 17 18 19 21 22 25 26 32 34 35 36 37 38 41 42 43 44 45 47 49 50 52 53 61 63 64 68 69 70 72 73 74 76 81 82 84 85 86 87 88 90 94 95 98 100 104 106 107 111 117 119 122 123 125 126
63 1 2 4 5 8 10 16 20 21 23 27 29 32 33 37 39 40 41 42 43 45 46 51 53 54 55 57 58 59 63 64 66 74 75 77 78 80 82 83 84 85 86 89 90 91 92 93 95 101 102 105 106 108 109 110 111 114 116 118 119 123 125 126
64 0 3 5 6 10 11 12 15 20 22 23 24 30 31 33 40 43 44 45 46 47 48 49 53 55 57 59 60 61 62 65 66 69 71 75 79 80 85 86 87 88 90 91 92 93 94 96 98 99 101 103 106 107 109 110 113 114 115 117 118 120 121 122 124
63 1 2 3 4 6 7 8 9 12 13 14 16 17 18 19 24 25 26 27 28 31 32 34 35 36 38 47 48 50 51 52 54 56 61 62 64 65 67 68 70 72 73 76 77 79 81 87 89 94 96 97 100 102 103 104 107 108 112 115 117 121 122 124
63 1 2 3 4 6 7 8 9 12 14 15 16 17 18 24 27 28 29 30 31 32 34 36 39 47 48 51 54 56 58 60 61 62 64 65 67 68 71 72 77 78 79 83 87 89 94 96 97 99 102 103 105 107 108 112 113 115 116 117 120 121 122 124
63 1 2 3 4 6 8 9 12 16 17 18 24 27 29 32 34 36 39 43 45 47 48 51 53 54 55 58 59 61 63 64 65 68 72 77 78 83 85 86 87 89 90 91 93 94 95 96 102 105 106 107 108 109 110 111 116 117 118 119 122 123 125 126
63 1 2 3 4 5 6 8 9 10 12 15 16 17 18 19 20 24 25 27 29 30 32 33 34 36 38 39 40 48 50 51 54 55 58 59 60 64 65 66 68 71 72 73 76 77 78 80 83 89 91 93 96 99 100 102 105 108 109 110 113 116 118 120
63 1 2 3 4 5 6 8 9 10 12 13 16 17 18 20 24 26 29 32 33 34 35 36 39 40 43 45 47 48 52 53 58 61 63 64 65 66 68 70 72 78 80 81 83 85 86 87 90 94 95 96 104 105 106 107 111 116 117 119 122 123 125 126
63 1 2 3 4 6 8 9 12 13 15 16 17 18 21 24 26 29 30 31 32 34 35 36 37 39 41 42 43 45 48 52 53 58 60 62 64 65 68 70 71 72 74 78 79 81 82 83 84 85 86 90 96 99 103 104 105 106 113 115 116 120 121 124
63 1 2 3 4 5 6 8 9 10 11 12 13 16 17 18 20 22 24 26 31 32 33 34 35 36 40 43 44 45 48 49 52 53 55 59 62 64 65 66 68 69 70 72 79 80 81 85 86 88 90 91 93 96 98 103 104 106 109 110 115 118 121 124
63 1 2 3 4 5 6 8 9 10 11 12 15 16 17 18 20 22 23 24 29 30 32 33 34 36 39 40 44 46 48 49 55 57 58 59 60 64 65 66 68 69 71 72 75 78 80 83 88 91 92 93 96 98 99 101 105 109 110 113 114 116 118 120
63 1 2 3 4 5 6 8 10 11 12 13 16 20 21 22 24 26 27 29 32 33 35 37 39 40 41 42 44 47 48 49 51 52 54 58 61 64 65 66 69 70 74 77 78 80 81 82 83 84 87 88 89 94 96 98 102 104 105 107 108 116 117 122
63 1 2 3 4 6 8 11 12 13 15 16 21 22 24 26 27 29 30 32 35 37 39 41 42 43 44 45 48 49 51 52 53 54 58 60 64 65 69 70 71 74 77 78 81 82 83 84 85 86 88 89 90 96 98 99 102 104 105 106 108 113 116 120
63 1 2 3 4 5 6 7 8 10 12 13 14 15 16 20 24 26 27 28 30 32 33 35 40 43 45 48 51 52 53 54 56 60 63 64 65 66 67 70 71 77 80 81 85 86 89 90 95 96 97 99 102 104 106 108 111 112 113 119 120 123 125 126
63 1 2 3 4 5 6 8 10 11 12 16 19 20 21 22 24 25 27 29 32 33 37 38 39 40 41 42 44 48 49 50 51 54 58 63 64 65 66 69 73 74 76 77 78 80 82 83 84 88 89 95 96 98 100 102 105 108 111 116 119 123 125 126
63 1 2 3 4 5 6 7 8 10 12 14 16 19 20 23 24 25 27 28 32 33 38 40 46 47 48 50 51 54 56 57 61 63 64 65 66 67 73 75 76 77 80 87 89 92 94 95 96 97 100 101 102 107 108 111 112 114 117 119 122 123 125 126
63 1 2 3 4 6 8 11 12 15 16 22 23 24 27 30 31 32 43 44 45 46 48 49 51 53 54 57 60 62 63 64 65 69 71 75 77 79 85 86 88 89 90 92 95 96 98 99 101 102 103 106 108 111 113 114 115 119 120 121 123 124 125 126
63 1 2 3 4 6 7 8 12 13 14 16 19 21 24 25 26 28 29 31 32 35 37 38 39 41 42 48 50 52 56 58 62 63 64 65 67 70 73 74 76 78 79 81 82 83 84 95 96 97 100 103 104 105 111 112 115 116 119 121 123 124 125 126
63 1 2 3 4 6 7 8 12 13 14 15 16 19 23 24 25 26 28 29 30 32 35 38 39 46 48 50 52 56 57 58 60 63 64 65 67 70 71 73 75 76 78 81 83 92 95 96 97 99 100 101 104 105 111 112 113 114 116 119 120 123 125 126
63 1 2 3 4 5 6 7 8 10 12 13 14 16 20 23 24 26 28 31 32 33 35 40 46 47 48 52 55 56 57 59 61 62 64 65 66 67 70 75 79 80 81 87 91 92 93 94 96 97 101 103 104 107 109 110 112 114 115 117 118 121 122 124
63 1 2 3 4 5 6 8 10 11 12 13 15 16 19 20 22 23 24 25 26 30 32 33 35 38 40 44 46 47 48 49 50 52 57 60 61 64 65 66 69 70 71 73 75 76 80 81 87 88 92 94 96 98 99 100 101 104 107 113 114 117 120 122
63 1 2 3 4 5 6 8 10 11 12 13 16 19 20 22 23 24 25 26 31 32 33 35 38 40 43 44 45 46 48 49 50 52 53 57 62 64 65 66 69 70 73 75 76 79 80 81 85 86 88 90 92 96 98 100 101 103 104 106 114 115 121 124
63 1 2 4 7 8 9 13 14 16 17 18 19 21 25 26 27 28 29 32 34 35 36 37 38 39 41 42 50 51 52 54 56 58 63 64 67 68 70 72 73 74 76 77 78 81 82 83 84 89 95 97 100 102 104 105 108 111 112 116 119 123 125 126
63 1 2 4 7 8 9 11 13 14 16 17 18 22 23 26 27 28 29 32 34 35 36 39 43 44 45 46 49 51 52 53 54 56 57 58 64 67 68 69 70 72 75 77 78 81 83 85 86 88 89 90 92 97 98 101 102 104 105 106 108 112 114 116
63 1 2 4 5 7 8 9 10 13 14 15 16 17 18 20 23 26 27 28 30 32 33 34 35 36 40 43 45 46 51 52 53 54 56 57 60 64 66 67 68 70 71 72 75 77 80 81 85 86 89 90 92 97 99 101 102 104 106 108 112 113 114 120
63 1 2 4 5 7 8 9 10 11 14 16 17 18 20 22 27 28 32 33 34 36 40 44 47 49 51 54 55 56 59 61 63 64 66 67 68 69 72 77 80 87 88 89 91 93 94 95 97 98 102 107 108 109 110 111 112 117 118 119 122 123 125 126
63 1 2 4 5 8 9 10 11 15 16 17 18 20 21 22 27 30 32 33 34 36 37 40 41 42 43 44 45 47 49 51 53 54 60 61 64 66 68 69 71 72 74 77 80 82 84 85 86 87 88 89 90 94 98 99 102 106 107 108 113 117 120 122
63 1 2 4 8 9 11 13 15 16 17 18 19 21 22 25 26 30 31 32 34 35 36 37 38 41 42 44 47 49 50 52 60 61 62 64 68 69 70 71 72 73 74 76 79 81 82 84 87 88 94 98 99 100 103 104 107 113 115 117 120 121 122 124
63 1 2 4 7 8 9 11 13 14 16 17 18 21 22 23 26 28 32 34 35 36 37 41 42 43 44 45 46 49 52 53 55 56 57 59 64 67 68 69 70 72 74 75 81 82 84 85 86 88 90 91 92 93 97 98 101 104 106 109 110 112 114 118
63 1 2 4 8 9 11 16 17 18 19 21 22 25 29 32 34 36 37 38 39 41 42 43 44 45 47 49 50 53 55 58 59 61 64 68 69 72 73 74 76 78 82 83 84 85 86 87 88 90 91 93 94 98 100 105 106 107 109 110 116 117 118 122
63 1 2 4 5 8 9 10 15 16 17 18 19 20 25 29 30 32 33 34 36 38 39 40 47 50 55 58 59 60 61 63 64 66 68 71 72 73 76 78 80 83 87 91 93 94 95 99 100 105 107 109 110 111 113 116 117 118 119 120 122 123 125 126
63 1 2 4 5 8 9 10 11 16 17 18 19 20 21 22 25 31 32 33 34 36 37 38 40 41 42 44 49 50 55 59 62 63 64 66 68 69 72 73 74 76 79 80 82 84 88 91 93 95 98 100 103 109 110 111 115 118 119 121 123 124 125 126
63 1 2 4 5 8 9 10 15 16 17 18 19 20 21 23 25 30 32 33 34 36 37 38 40 41 42 43 45 46 50 53 57 60 63 64 66 68 71 72 73 74 75 76 80 82 84 85 86 90 92 95 99 100 101 106 111 113 114 119 120 123 125 126
63 1 2 4 7 8 13 14 16 21 26 27 28 32 35 37 41 42 43 45 47 51 52 53 54 55 56 59 61 63 64 67 70 74 77 81 82 84 85 86 87 89 90 91 93 94 95 97 102 104 106 107 108 109 110 111 112 117 118 119 122 123 125 126
63 1 2 4 5 8 10 13 16 19 20 21 25 26 27 32 33 35 37 38 40 41 42 43 45 47 50 51 52 53 54 55 59 61 64 66 70 73 74 76 77 80 81 82 84 85 86 87 89 90 91 93 94 100 102 104 106 107 108 109 110 117 118 122
63 1 2 4 5 8 10 13 15 16 19 20 25 26 27 30 31 32 33 35 38 40 47 50 51 52 54 60 61 62 63 64 66 70 71 73 76 77 79 80 81 87 89 94 95 99 100 102 103 104 107 108 111 113 115 117 119 120 121 122 123 124 125 126
63 1 2 4 7 8 11 13 14 15 16 22 23 26 27 28 30 31 32 35 44 46 49 51 52 54 56 57 60 62 63 64 67 69 70 71 75 77 79 81 88 89 92 95 97 98 99 101 102 103 104 108 111 112 113 114 115 119 120 121 123 124 125 126
63 1 2 4 8 11 16 19 22 25 27 29 31 32 38 39 43 44 45 47 49 50 51 53 54 58 61 62 63 64 69 73 76 77 78 79 83 85 86 87 88 89 90 94 95 98 100 102 103 105 106 107 108 111 115 116 117 119 121 122 123 124 125 126
63 1 2 4 5 8 10 11 16 19 20 22 23 25 27 29 32 33 38 39 40 43 44 45 46 49 50 51 53 54 55 57 58 59 64 66 69 73 75 76 77 78 80 83 85 86 88 89 90 91 92 93 98 100 101 102 105 106 108 109 110 114 116 118
63 1 2 4 8 11 15 16 19 22 23 25 27 30 32 38 43 44 45 46 49 50 51 53 54 55 57 59 60 63 64 69 71 73 75 76 77 85 86 88 89 90 91 92 93 95 98 99 100 101 102 106 108 109 110 111 113 114 118 119 120 123 125 126
63 1 2 4 7 8 14 15 16 19 21 23 25 28 30 31 32 37 38 41 42 46 47 50 56 57 60 61 62 63 64 67 71 73 74 75 76 79 82 84 87 92 94 95 97 99 100 101 103 107 111 112 113 114 115 117 119 120 121 122 123 124 125 126
63 1 2 4 5 7 8 10 11 14 15 16 20 22 23 28 30 31 32 33 40 44 46 47 49 55 56 57 59 60 61 62 64 66 67 69 71 75 79 80 87 88 91 92 93 94 97 98 99 101 103 107 109 110 112 113 114 115 117 118 120 121 122 124
63 1 2 4 5 8 10 11 16 20 21 22 23 31 32 33 37 40 41 42 44 46 47 49 55 57 59 61 62 63 64 66 69 74 75 79 80 82 84 87 88 91 92 93 94 95 98 101 103 107 109 110 111 114 115 117 118 119 121 122 123 124 125 126
63 3 6 7 9 12 13 14 17 18 21 23 24 26 27 28 29 34 35 36 37 39 41 42 46 48 51 52 54 55 56 57 58 59 65 67 68 70 72 74 75 77 78 81 82 83 84 89 91 92 93 96 97 101 102 104 105 108 109 110 112 114 116 118
63 3 6 7 9 12 13 14 17 18 21 24 26 27 28 34 35 36 37 41 42 43 45 47 48 51 52 53 54 55 56 59 61 65 67 68 70 72 74 77 81 82 84 85 86 87 89 90 91 93 94 96 97 102 104 106 107 108 109 110 112 117 118 122
63 3 6 9 12 13 15 17 18 19 23 24 25 26 27 30 34 35 36 38 43 45 46 47 48 50 51 52 53 54 57 60 61 65 68 70 71 72 73 75 76 77 81 85 86 87 89 90 92 94 96 99 100 101 102 104 106 107 108 113 114 117 120 122
63 3 5 6 9 10 11 12 15 17 18 19 20 22 24 25 27 30 33 34 36 38 40 43 44 45 47 48 49 50 51 53 54 60 61 65 66 68 69 71 72 73 76 77 80 85 86 87 88 89 90 94 96 98 99 100 102 106 107 108 113 117 120 122
63 3 5 6 7 9 10 12 13 14 15 17 18 20 24 26 28 29 30 33 34 35 36 39 40 47 48 52 56 58 60 61 63 65 66 67 68 70 71 72 78 80 81 83 87 94 95 96 97 99 104 105 107 111 112 113 116 117 119 120 122 123 125 126
63 3 5 6 9 10 12 13 15 17 18 20 23 24 26 30 31 33 34 35 36 40 46 47 48 52 57 60 61 62 63 65 66 68 70 71 72 75 79 80 81 87 92 94 95 96 99 101 103 104 107 111 113 114 115 117 119 120 121 122 123 124 125 126
63 3 6 7 9 11 12 13 14 15 17 18 21 22 23 24 26 28 30 31 34 35 36 37 41 42 44 46 48 49 52 56 57 60 62 65 67 68 69 70 71 72 74 75 79 81 82 84 88 92 96 97 98 99 101 103 104 112 113 114 115 120 121 124
63 3 6 9 12 17 18 21 23 24 29 31 34 36 37 39 41 42 46 47 48 55 57 58 59 61 62 63 65 68 72 74 75 78 79 82 83 84 87 91 92 93 94 95 96 101 103 105 107 109 110 111 114 115 116 117 118 119 121 122 123 124 125 126
63 3 6 9 11 12 17 18 21 22 23 24 29 31 34 36 37 39 41 42 43 44 45 46 47 48 49 53 57 58 61 62 65 68 69 72 74 75 78 79 82 83 84 85 86 87 88 90 92 94 96 98 101 103 105 106 107 114 115 116 117 121 122 124
63 3 6 7 9 11 12 14 15 17 18 19 21 22 24 25 28 29 30 34 36 37 38 39 41 42 44 48 49 50 55 56 58 59 60 65 67 68 69 71 72 73 74 76 78 82 83 84 88 91 93 96 97 98 99 100 105 109 110 112 113 116 118 120
63 3 5 6 7 9 10 11 12 14 15 17 18 20 22 23 24 28 29 30 33 34 36 39 40 43 44 45 46 48 49 53 56 57 58 60 65 66 67 68 69 71 72 75 78 80 83 85 86 88 90 92 96 97 98 99 101 105 106 112 113 114 116 120
63 3 6 12 13 21 23 24 26 27 29 31 35 37 39 41 42 46 47 48 51 52 54 57 58 61 62 63 65 70 74 75 77 78 79 81 82 83 84 87 89 92 94 95 96 101 102 103 104 105 107 108 111 114 115 116 117 119 121 122 123 124 125 126
63 3 5 6 7 10 12 13 14 15 19 20 21 24 25 26 27 28 30 31 33 35 37 38 40 41 42 48 50 51 52 54 56 60 62 65 66 67 70 71 73 74 76 77 79 80 81 82 84 89 96 97 99 100 102 103 104 108 112 113 115 120 121 124
63 3 5 6 7 10 12 14 20 23 24 27 28 29 33 39 40 43 45 46 48 51 53 54 55 56 57 58 59 63 65 66 67 75 77 78 80 83 85 86 89 90 91 92 93 95 96 97 101 102 105 106 108 109 110 111 112 114 116 118 119 123 125 126
63 3 6 7 12 14 15 19 23 24 25 27 28 30 31 38 43 45 46 47 48 50 51 53 54 56 57 60 61 62 65 67 71 73 75 76 77 79 85 86 87 89 90 92 94 96 97 99 100 101 102 103 106 107 108 112 113 114 115 117 120 121 122 124
63 3 5 6 10 12 15 19 20 23 24 25 27 30 31 33 38 40 46 48 50 51 54 55 57 59 60 62 63 65 66 71 73 75 76 77 79 80 89 91 92 93 95 96 99 100 101 102 103 108 109 110 111 113 114 115 118 119 120 121 123 124 125 126
63 3 6 7 12 13 14 15 23 24 26 28 29 30 31 35 39 43 45 46 48 52 53 55 56 57 58 59 60 62 65 67 70 71 75 78 79 81 83 85 86 90 91 92 93 96 97 99 101 103 104 105 106 109 110 112 113 114 115 116 118 120 121 124
63 3 5 6 10 11 12 13 20 21 22 24 26 29 31 33 35 37 39 40 41 42 43 44 45 48 49 52 53 55 58 59 62 65 66 69 70 74 78 79 80 81 82 83 84 85 86 88 90 91 93 96 98 103 104 105 106 109 110 115 116 118 121 124
63 3 6 7 11 12 14 21 22 23 24 28 31 37 41 42 43 44 45 46 48 49 53 55 56 57 59 62 63 65 67 69 74 75 79 82 84 85 86 88 90 91 92 93 95 96 97 98 101 103 106 109 110 111 112 114 115 118 119 121 123 124 125 126
63 3 5 6 7 10 11 12 14 15 19 20 21 22 24 25 28 30 33 37 38 40 41 42 43 44 45 48 49 50 53 55 56 59 60 65 66 67 69 71 73 74 76 80 82 84 85 86 88 90 91 93 96 97 98 99 100 106 109 110 112 113 118 120
63 3 5 6 7 10 11 12 14 15 19 20 22 24 25 28 30 31 33 38 40 44 48 49 50 55 56 59 60 62 63 65 66 67 69 71 73 76 79 80 88 91 93 95 96 97 98 99 100 103 109 110 111 112 113 115 118 119 120 121 123 124 125 126
63 9 11 13 17 18 19 21 22 25 26 27 29 34 35 36 37 38 39 41 42 44 47 49 50 51 52 54 58 61 63 68 69 70 72 73 74 76 77 78 81 82 83 84 87 88 89 94 95 98 100 102 104 105 107 108 111 116 117 119 122 123 125 126
63 7 9 14 15 17 18 21 27 28 29 30 31 34 36 37 39 41 42 43 45 47 51 53 54 56 58 60 61 62 67 68 71 72 74 77 78 79 82 83 84 85 86 87 89 90 94 97 99 102 103 105 106 107 108 112 113 115 116 117 120 121 122 124
63 7 9 11 14 15 17 18 22 27 28 29 30 31 34 36 39 43 44 45 49 51 53 54 55 56 58 59 60 62 67 68 69 71 72 77 78 79 83 85 86 88 89 90 91 93 97 98 99 102 103 105 106 108 109 110 112 113 115 116 118 120 121 124
63 5 9 10 11 17 18 20 21 22 27 29 33 34 36 37 39 40 41 42 43 44 45 49 51 53 54 55 58 59 63 66 68 69 72 74 77 78 80 82 83 84 85 86 88 89 90 91 93 95 98 102 105 106 108 109 110 111 116 118 119 123 125 126
63 7 9 11 14 17 18 19 22 25 27 28 31 34 36 38 44 47 49 50 51 54 55 56 59 61 62 63 67 68 69 72 73 76 77 79 87 88 89 91 93 94 95 97 98 100 102 103 107 108 109 110 111 112 115 117 118 119 121 122 123 124 125 126
63 5 9 10 17 18 19 20 21 23 25 27 33 34 36 37 38 40 41 42 43 45 46 47 50 51 53 54 57 61 63 66 68 72 73 74 75 76 77 80 82 84 85 86 87 89 90 92 94 95 100 101 102 106 107 108 111 114 117 119 122 123 125 126
63 7 9 11 13 14 17 18 22 26 28 29 31 34 35 36 39 44 47 49 52 55 56 58 59 61 62 63 67 68 69 70 72 78 79 81 83 87 88 91 93 94 95 97 98 103 104 105 107 109 110 111 112 115 116 117 118 119 121 122 123 124 125 126
63 9 13 15 17 18 21 23 26 29 30 34 35 36 37 39 41 42 43 45 46 52 53 55 57 58 59 60 63 68 70 71 72 74 75 78 81 82 83 84 85 86 90 91 92 93 95 99 101 104 105 106 109 110 111 113 114 116 118 119 120 123 125 126
63 9 11 13 15 17 18 19 22 23 25 26 30 31 34 35 36 38 43 44 45 46 49 50 52 53 55 57 59 60 62 68 69 70 71 72 73 75 76 79 81 85 86 88 90 91 92 93 98 99 100 101 103 104 106 109 110 113 114 115 118 120 121 124
63 5 9 10 15 17 18 19 20 21 23 25 30 31 33 34 36 37 38 40 41 42 43 45 46 50 53 55 57 59 60 62 66 68 71 72 73 74 75 76 79 80 82 84 85 86 90 91 92 93 99 100 101 103 106 109 110 113 114 115 118 120 121 124
63 5 7 10 13 14 20 23 26 27 28 29 31 33 35 39 40 46 47 51 52 54 56 57 58 61 62 63 66 67 70 75 77 78 79 80 81 83 87 89 92 94 95 97 101 102 103 104 105 107 108 111 112 114 115 116 117 119 121 122 123 124 125 126
63 5 7 10 13 14 19 20 21 23 25 26 27 28 31 33 35 37 38 40 41 42 46 50 51 52 54 55 56 57 59 62 66 67 70 73 74 75 76 77 79 80 81 82 84 89 91 92 93 97 100 101 102 103 104 108 109 110 112 114 115 118 121 124
63 5 7 10 14 19 20 21 25 27 28 29 31 33 37 38 39 40 41 42 47 50 51 54 55 56 58 59 61 62 66 67 73 74 76 77 78 79 80 82 83 84 87 89 91 93 94 97 100 102 103 105 107 108 109 110 112 115 116 117 118 121 122 124
63 7 11 13 14 15 21 22 26 28 29 30 31 35 37 39 41 42 44 47 49 52 55 56 58 59 60 61 62 67 69 70 71 74 78 79 81 82 83 84 87 88 91 93 94 97 98 99 103 104 105 107 109 110 112 113 115 116 117 118 120 121 122 124
63 11 13 15 19 21 22 23 25 26 29 30 35 37 38 39 41 42 44 46 49 50 52 55 57 58 59 60 63 69 70 71 73 74 75 76 78 81 82 83 84 88 91 92 93 95 98 99 100 101 104 105 109 110 111 113 114 116 118 119 120 123 125 126
63 7 13 14 15 19 21 23 25 26 28 30 35 37 38 41 42 46 47 50 52 55 56 57 59 60 61 63 67 70 71 73 74 75 76 81 82 84 87 91 92 93 94 95 97 99 100 101 104 107 109 110 111 112 113 114 117 118 119 120 122 123 125 126
63 5 7 10 14 19 20 21 25 28 29 33 37 38 39 40 41 42 43 45 47 50 53 55 56 58 59 61 63 66 67 73 74 76 78 80 82 83 84 85 86 87 90 91 93 94 95 97 100 105 106 107 109 110 111 112 116 117 118 119 122 123 125 126
63 5 10 11 19 20 22 23 25 29 31 33 38 39 40 43 44 45 46 47 49 50 53 57 58 61 62 63 66 69 73 75 76 78 79 80 83 85 86 87 88 90 92 94 95 98 100 101 103 105 106 107 111 114 115 116 117 119 121 122 123 124 125 126
63 7 11 14 19 21 22 23 25 28 29 31 37 38 39 41 42 43 44 45 46 49 50 53 56 57 58 62 63 67 69 73 74 75 76 78 79 82 83 84 85 86 88 90 92 95 97 98 100 101 103 105 106 111 112 114 115 116 119 121 123 124 125 126
64 0 3 5 6 10 11 12 15 20 22 23 24 29 30 31 33 39 40 43 44 45 46 48 49 53 55 57 58 59 60 62 65 66 69 71 75 78 79 80 83 85 86 88 90 91 92 93 96 98 99 101 103 105 106 109 110 113 114 115 116 118 120 121 124
63 3 5 6 7 9 10 12 13 14 17 18 19 20 24 25 26 27 28 29 31 33 34 35 36 38 39 40 48 50 51 52 54 56 58 62 65 66 67 68 70 72 73 76 77 78 79 80 81 83 89 96 97 100 102 103 104 105 108 112 115 116 121 124
63 3 6 11 12 15 19 22 23 24 25 27 30 31 38 44 46 47 48 49 50 51 54 55 57 59 60 61 62 65 69 71 73 75 76 77 79 87 88 89 91 92 93 94 96 98 99 100 101 102 103 107 108 109 110 113 114 115 117 118 120 121 122 124
64 0 5 10 11 15 20 21 22 23 29 30 33 37 39 40 41 42 43 44 45 46 49 53 55 57 58 59 60 63 66 69 71 74 75 78 80 82 83 84 85 86 88 90 91 92 93 95 98 99 101 105 106 109 110 111 113 114 116 118 119 120 123 125 126
64 0 5 7 10 11 14 15 20 22 23 27 28 29 30 33 39 40 43 44 45 46 49 51 53 54 55 56 57 58 59 60 66 67 69 71 75 77 78 80 83 85 86 88 89 90 91 92 93 97 98 99 101 102 105 106 108 109 110 112 113 114 116 118 120
63 1 2 3 4 6 8 9 12 16 17 18 21 23 24 27 29 32 34 36 37 39 41 42 43 45 46 48 51 53 54 55 57 58 59 64 65 68 72 74 75 77 78 82 83 84 85 86 89 90 91 92 93 96 101 102 105 106 108 109 110 114 116 118
63 1 2 3 4 5 6 7 8 10 11 12 14 16 20 21 22 24 28 31 32 33 37 40 41 42 44 47 48 49 55 56 59 61 62 64 65 66 67 69 74 79 80 82 84 87 88 91 93 94 96 97 98 103 107 109 110 112 115 117 118 121 122 124
63 3 5 6 9 10 12 15 17 18 20 24 29 30 31 33 34 36 39 40 43 45 47 48 53 58 60 61 62 63 65 66 68 71 72 78 79 80 83 85 86 87 90 94 95 96 99 103 105 106 107 111 113 115 116 117 119 120 121 122 123 124 125 126
63 9 11 13 17 18 19 21 22 25 26 31 34 35 36 37 38 41 42 43 44 45 49 50 52 53 55 59 62 63 68 69 70 72 73 74 76 79 81 82 84 85 86 88 90 91 93 95 98 100 103 104 106 109 110 111 115 118 119 121 123 124 125 126
64 0 5 9 10 11 15 17 18 20 22 23 27 30 33 34 36 40 43 44 45 46 47 49 51 53 54 55 57 59 60 61 66 68 69 71 72 75 77 80 85 86 87 88 89 90 91 92 93 94 98 99 101 102 106 107 108 109 110 113 114 117 118 120 122
64 0 5 9 10 11 15 17 18 20 22 23 27 29 30 33 34 36 39 40 43 44 45 46 49 51 53 54 55 57 58 59 60 66 68 69 71 72 75 77 78 80 83 85 86 88 89 90 91 92 93 98 99 101 102 105 106 108 109 110 113 114 116 118 120
63 1 2 3 4 6 7 8 9 11 12 14 15 16 17 18 21 22 23 24 28 30 32 34 36 37 41 42 44 46 48 49 55 56 57 59 60 64 65 67 68 69 71 72 74 75 82 84 88 91 92 93 96 97 98 99 101 109 110 112 113 114 118 120
63 7 9 13 14 15 17 18 26 28 29 30 31 34 35 36 39 43 45 52 53 55 56 58 59 60 62 63 67 68 70 71 72 78 79 81 83 85 86 90 91 93 95 97 99 103 104 105 106 109 110 111 112 113 115 116 118 119 120 121 123 124 125 126
64 0 5 7 9 10 11 14 15 17 18 19 20 21 22 25 28 30 31 33 34 36 37 38 40 41 42 43 44 45 49 50 53 56 60 62 66 67 68 69 71 72 73 74 76 79 80 82 84 85 86 88 90 97 98 99 100 103 106 112 113 115 120 121 124
63 1 2 4 7 8 9 13 14 15 16 17 18 21 23 26 27 28 30 32 34 35 36 37 41 42 46 51 52 54 55 56 57 59 60 64 67 68 70 71 72 74 75 77 81 82 84 89 91 92 93 97 99 101 102 104 108 109 110 112 113 114 118 120
63 7 9 13 14 15 17 18 19 23 25 26 28 30 34 35 36 38 43 45 46 50 52 53 55 56 57 59 60 63 67 68 70 71 72 73 75 76 81 85 86 90 91 92 93 95 97 99 100 101 104 106 109 110 111 112 113 114 118 119 120 123 125 126
64 0 3 5 6 10 11 12 15 19 20 22 24 25 27 30 33 38 40 43 44 45 47 48 49 50 51 53 54 60 61 63 65 66 69 71 73 76 77 80 85 86 87 88 89 90 94 95 96 98 99 100 102 106 107 108 111 113 117 119 120 122 123 125 126
63 1 2 3 4 5 6 7 8 10 11 12 13 14 16 20 21 22 23 24 26 28 32 33 35 37 40 41 42 44 46 48 49 52 56 57 63 64 65 66 67 69 70 74 75 80 81 82 84 88 92 95 96 97 98 101 104 111 112 114 119 123 125 126
63 1 2 4 8 13 15 16 23 26 29 30 31 32 35 39 43 45 46 47 52 53 57 58 60 61 62 63 64 70 71 75 78 79 81 83 85 86 87 90 92 94 95 99 101 103 104 105 106 107 111 113 114 115 116 117 119 120 121 122 123 124 125 126
64 0 3 5 6 7 10 11 12 13 14 15 19 20 22 24 25 26 27 28 30 33 35 38 40 43 44 45 48 49 50 51 52 53 54 56 60 65 66 67 69 70 71 73 76 77 80 81 85 86 88 89 90 96 97 98 99 100 102 104 106 108 112 113 120
63 1 2 4 5 8 9 10 11 15 16 17 18 19 20 22 25 27 30 32 33 34 36 38 40 44 47 49 50 51 54 60 61 63 64 66 68 69 71 72 73 76 77 80 87 88 89 94 95 98 99 100 102 107 108 111 113 117 119 120 122 123 125 126
63 1 2 4 5 7 8 10 14 16 19 20 25 27 28 29 32 33 38 39 40 47 50 51 54 55 56 58 59 61 63 64 66 67 73 76 77 78 80 83 87 89 91 93 94 95 97 100 102 105 107 108 109 110 111 112 116 117 118 119 122 123 125 126
63 3 6 7 12 13 14 15 19 21 24 25 26 27 28 30 31 35 37 38 41 42 43 45 48 50 51 52 53 54 56 60 62 65 67 70 71 73 74 76 77 79 81 82 84 85 86 89 90 96 97 99 100 102 103 104 106 108 112 113 115 120 121 124
63 3 6 7 12 14 15 19 21 23 24 25 27 28 30 31 37 38 41 42 43 45 46 48 50 51 53 54 56 57 60 62 65 67 71 73 74 75 76 77 79 82 84 85 86 89 90 92 96 97 99 100 101 102 103 106 108 112 113 114 115 120 121 124
64 0 5 7 10 11 14 15 20 22 28 29 30 31 33 39 40 43 44 45 49 53 55 56 58 59 60 62 63 66 67 69 71 78 79 80 83 85 86 88 90 91 93 95 97 98 99 103 105 106 109 110 111 112 113 115 116 118 119 120 121 123 124 125 126
63 1 2 4 5 7 8 10 11 14 16 20 21 22 23 28 29 32 33 37 39 40 41 42 43 44 45 46 47 49 53 56 57 58 61 64 66 67 69 74 75 78 80 82 83 84 85 86 87 88 90 92 94 97 98 101 105 106 107 112 114 116 117 122
63 5 10 11 13 15 20 21 22 26 29 30 33 35 37 39 40 41 42 43 44 45 47 49 52 53 58 60 61 63 66 69 70 71 74 78 80 81 82 83 84 85 86 87 88 90 94 95 98 99 104 105 106 107 111 113 116 117 119 120 122 123 125 126
64 0 5 7 10 11 14 15 20 22 27 28 30 31 33 40 43 44 45 47 49 51 53 54 55 56 59 60 61 62 66 67 69 71 77 79 80 85 86 87 88 89 90 91 93 94 97 98 99 102 103 106 107 108 109 110 112 113 115 117 118 120 121 122 124
63 1 2 4 8 9 11 13 15 16 17 18 19 22 23 25 26 27 30 32 34 35 36 38 44 46 47 49 50 51 52 54 57 60 61 64 68 69 70 71 72 73 75 76 77 81 87 88 89 92 94 98 99 100 101 102 104 107 108 113 114 117 120 122
63 5 7 10 13 14 19 20 23 25 26 27 28 29 33 35 38 39 40 46 50 51 52 54 55 56 57 58 59 63 66 67 70 73 75 76 77 78 80 81 83 89 91 92 93 95 97 100 101 102 104 105 108 109 110 111 112 114 116 118 119 123 125 126
64 0 5 7 9 10 11 13 14 15 17 18 20 22 26 28 30 31 33 34 35 36 40 43 44 45 49 52 53 55 56 59 60 62 66 67 68 69 70 71 72 79 80 81 85 86 88 90 91 93 97 98 99 103 104 106 109 110 112 113 115 118 120 121 124
63 3 5 6 10 12 13 20 21 23 24 26 27 33 35 37 40 41 42 43 45 46 47 48 51 52 53 54 55 57 59 61 65 66 70 74 75 77 80 81 82 84 85 86 87 89 90 91 92 93 94 96 101 102 104 106 107 108 109 110 114 117 118 122
63 5 9 10 13 17 18 19 20 21 23 25 26 31 33 34 35 36 37 38 40 41 42 43 45 46 47 50 52 53 57 61 62 66 68 70 72 73 74 75 76 79 80 81 82 84 85 86 87 90 92 94 100 101 103 104 106 107 114 115 117 121 122 124
64 0 3 5 6 7 10 11 12 13 14 15 20 22 24 26 28 30 31 33 35 40 43 44 45 48 49 52 53 55 56 59 60 62 65 66 67 69 70 71 79 80 81 85 86 88 90 91 93 96 97 98 99 103 104 106 109 110 112 113 115 118 120 121 124
63 3 6 11 12 13 19 21 22 23 24 25 26 27 35 37 38 41 42 44 46 47 48 49 50 51 52 54 55 57 59 61 65 69 70 73 74 75 76 77 81 82 84 87 88 89 91 92 93 94 96 98 100 101 102 104 107 108 109 110 114 117 118 122
63 5 9 10 13 17 18 19 20 23 25 26 27 29 31 33 34 35 36 38 39 40 43 45 46 50 51 52 53 54 57 58 62 66 68 70 72 73 75 76 77 78 79 80 81 83 85 86 89 90 92 100 101 102 103 104 105 106 108 114 115 116 121 124
64 0 5 7 10 11 13 14 15 20 22 26 28 29 30 33 35 39 40 43 44 45 47 49 52 53 55 56 58 59 60 61 66 67 69 70 71 78 80 81 83 85 86 87 88 90 91 93 94 97 98 99 104 105 106 107 109 110 112 113 116 117 118 120 122
63 3 5 6 7 10 11 12 14 15 20 21 22 23 24 27 28 30 33 37 40 41 42 43 44 45 46 48 49 51 53 54 56 57 60 65 66 67 69 71 74 75 77 80 82 84 85 86 88 89 90 92 96 97 98 99 101 102 106 108 112 113 114 120
63 7 13 14 15 19 21 25 26 28 29 30 31 35 37 38 39 41 42 43 45 47 50 52 53 56 58 60 61 62 67 70 71 73 74 76 78 79 81 82 83 84 85 86 87 90 94 97 99 100 103 104 105 106 107 112 113 115 116 117 120 121 122 124
64 0 5 9 10 11 15 17 18 20 21 22 27 29 30 31 33 34 36 37 39 40 41 42 43 44 45 49 51 53 54 58 60 62 66 68 69 71 72 74 77 78 79 80 82 83 84 85 86 88 89 90 98 99 102 103 105 106 108 113 115 116 120 121 124
63 1 2 3 4 5 6 8 9 10 12 16 17 18 19 20 24 25 27 29 32 33 34 36 38 39 40 43 45 48 50 51 53 54 55 58 59 64 65 66 68 72 73 76 77 78 80 83 85 86 89 90 91 93 96 100 102 105 106 108 109 110 116 118
63 1 2 4 8 9 16 17 18 21 23 27 29 31 32 34 36 37 39 41 42 43 45 46 51 53 54 55 57 58 59 62 64 68 72 74 75 77 78 79 82 83 84 85 86 89 90 91 92 93 101 102 103 105 106 108 109 110 114 115 116 118 121 124
63 1 2 4 7 8 9 11 14 16 17 18 21 22 23 28 29 32 34 36 37 39 41 42 43 44 45 46 49 53 55 56 57 58 59 64 67 68 69 72 74 75 78 82 83 84 85 86 88 90 91 92 93 97 98 101 105 106 109 110 112 114 116 118
63 3 6 9 11 12 13 17 18 19 21 22 24 25 26 34 35 36 37 38 41 42 43 44 45 48 49 50 52 53 55 59 63 65 68 69 70 72 73 74 76 81 82 84 85 86 88 90 91 93 95 96 98 100 104 106 109 110 111 118 119 123 125 126
63 9 11 17 18 19 21 22 25 27 31 34 36 37 38 41 42 44 47 49 50 51 54 55 59 61 62 63 68 69 72 73 74 76 77 79 82 84 87 88 89 91 93 94 95 98 100 102 103 107 108 109 110 111 115 117 118 119 121 122 123 124 125 126
63 9 11 13 15 17 18 21 22 26 29 30 34 35 36 37 39 41 42 43 44 45 49 52 53 55 58 59 60 63 68 69 70 71 72 74 78 81 82 83 84 85 86 88 90 91 93 95 98 99 104 105 106 109 110 111 113 116 118 119 120 123 125 126
64 0 3 5 6 10 11 12 13 15 20 21 22 24 26 30 33 35 37 40 41 42 43 44 45 47 48 49 52 53 60 61 63 65 66 69 70 71 74 80 81 82 84 85 86 87 88 90 94 95 96 98 99 104 106 107 111 113 117 119 120 122 123 125 126
63 3 6 7 9 12 13 14 17 18 19 21 24 25 26 28 29 34 35 36 37 38 39 41 42 43 45 48 50 52 53 55 56 58 59 65 67 68 70 72 73 74 76 78 81 82 83 84 85 86 90 91 93 96 97 100 104 105 106 109 110 112 116 118
63 9 11 15 17 18 21 22 23 27 30 31 34 36 37 41 42 43 44 45 46 49 51 53 54 55 57 59 60 62 68 69 71 72 74 75 77 79 82 84 85 86 88 89 90 91 92 93 98 99 101 102 103 106 108 109 110 113 114 115 118 120 121 124
64 0 5 7 10 14 15 19 20 21 23 25 28 29 30 31 33 37 38 39 40 41 42 43 45 46 50 53 56 57 58 60 62 66 67 71 73 74 75 76 78 79 80 82 83 84 85 86 90 92 97 99 100 101 103 105 106 112 113 114 115 116 120 121 124
63 3 6 7 9 12 14 17 18 21 24 27 28 29 34 36 37 39 41 42 43 45 47 48 51 53 54 55 56 58 59 61 65 67 68 72 74 77 78 82 83 84 85 86 87 89 90 91 93 94 96 97 102 105 106 107 108 109 110 112 116 117 118 122
63 5 9 10 11 15 17 18 19 20 21 22 25 30 31 33 34 36 37 38 40 41 42 43 44 45 49 50 53 55 59 60 62 66 68 69 71 72 73 74 76 79 80 82 84 85 86 88 90 91 93 98 99 100 103 106 109 110 113 115 118 120 121 124
64 0 5 7 9 10 14 15 17 18 19 20 21 23 25 28 30 33 34 36 37 38 40 41 42 43 45 46 50 53 56 57 60 63 66 67 68 71 72 73 74 75 76 80 82 84 85 86 90 92 95 97 99 100 101 106 111 112 113 114 119 120 123 125 126
63 3 6 7 9 12 14 15 17 18 19 21 23 24 25 27 28 29 30 34 36 37 38 39 41 42 46 48 50 51 54 56 57 58 60 65 67 68 71 72 73 74 75 76 77 78 82 83 84 89 92 96 97 99 100 101 102 105 108 112 113 114 116 120
63 7 11 13 14 15 19 22 25 26 27 28 30 31 35 38 43 44 45 49 50 51 52 53 54 55 56 59 60 62 67 69 70 71 73 76 77 79 81 85 86 88 89 90 91 93 97 98 99 100 102 103 104 106 108 109 110 112 113 115 118 120 121 124
64 0 5 9 10 15 17 18 19 20 21 23 25 27 30 33 34 36 37 38 40 41 42 43 45 46 50 51 53 54 57 60 63 66 68 71 72 73 74 75 76 77 80 82 84 85 86 89 90 92 95 99 100 101 102 106 108 111 113 114 119 120 123 125 126
63 5 7 9 10 11 13 14 15 17 18 20 21 22 26 27 28 30 33 34 35 36 37 40 41 42 44 49 51 52 54 55 56 59 60 66 67 68 69 70 71 72 74 77 80 81 82 84 88 89 91 93 97 98 99 102 104 108 109 110 112 113 118 120
63 7 9 14 15 17 18 19 23 25 28 29 30 34 36 38 39 43 45 46 47 50 53 55 56 57 58 59 60 61 67 68 71 72 73 75 76 78 83 85 86 87 90 91 92 93 94 97 99 100 101 105 106 107 109 110 112 113 114 116 117 118 120 122
64 0 5 7 10 14 15 20 21 23 28 29 30 31 33 37 39 40 41 42 43 45 46 53 55 56 57 58 59 60 62 66 67 71 74 75 78 79 80 82 83 84 85 86 90 91 92 93 97 99 101 103 105 106 109 110 112 113 114 115 116 118 120 121 124
63 1 2 3 4 6 8 9 11 12 13 15 16 17 18 19 22 24 25 26 30 31 32 34 35 36 38 44 48 49 50 52 55 59 60 62 64 65 68 69 70 71 72 73 76 79 81 88 91 93 96 98 99 100 103 104 109 110 113 115 118 120 121 124
63 3 6 7 9 12 14 17 18 23 24 27 28 29 31 34 36 39 46 48 51 54 55 56 57 58 59 62 63 65 67 68 72 75 77 78 79 83 89 91 92 93 95 96 97 101 102 103 105 108 109 110 111 112 114 115 116 118 119 121 123 124 125 126
64 0 5 9 10 13 15 17 18 20 21 23 26 30 33 34 35 36 37 40 41 42 43 45 46 52 53 55 57 59 60 63 66 68 70 71 72 74 75 80 81 82 84 85 86 90 91 92 93 95 99 101 104 106 109 110 111 113 114 118 119 120 123 125 126
63 1 2 3 4 5 6 7 8 9 10 12 13 14 16 17 18 19 20 24 25 26 28 32 33 34 35 36 38 40 47 48 50 52 55 56 59 61 64 65 66 67 68 70 72 73 76 80 81 87 91 93 94 96 97 100 104 107 109 110 112 117 118 122
63 5 9 10 15 17 18 20 23 27 30 31 33 34 36 40 46 47 51 54 55 57 59 60 61 62 63 66 68 71 72 75 77 79 80 87 89 91 92 93 94 95 99 101 102 103 107 108 109 110 111 113 114 115 117 118 119 120 121 122 123 124 125 126
64 0 5 7 9 10 13 14 15 17 18 20 21 23 26 28 30 33 34 35 36 37 40 41 42 43 45 46 52 53 55 56 57 59 60 66 67 68 70 71 72 74 75 80 81 82 84 85 86 90 91 92 93 97 99 101 104 106 109 110 112 113 114 118 120
63 3 6 9 12 13 15 17 18 23 24 26 27 30 34 35 36 43 45 46 47 48 51 52 53 54 55 57 59 60 61 65 68 70 71 72 75 77 81 85 86 87 89 90 91 92 93 94 96 99 101 102 104 106 107 108 109 110 113 114 117 118 120 122
63 5 7 9 10 13 14 17 18 19 20 21 23 25 26 28 31 33 34 35 36 37 38 40 41 42 46 50 52 55 56 57 59 62 66 67 68 70 72 73 74 75 76 79 80 81 82 84 91 92 93 97 100 101 103 104 109 110 112 114 115 118 121 124
64 0 3 5 6 10 12 13 15 20 23 24 26 27 30 31 33 35 40 43 45 46 48 51 52 53 54 57 60 62 63 65 66 70 71 75 77 79 80 81 85 86 89 90 92 95 96 99 101 102 103 104 106 108 111 113 114 115 119 120 121 123 124 125 126
63 1 2 4 5 8 9 10 16 17 18 19 20 21 23 25 27 29 31 32 33 34 36 37 38 39 40 41 42 46 50 51 54 57 58 62 64 66 68 72 73 74 75 76 77 78 79 80 82 83 84 89 92 100 101 102 103 105 108 114 115 116 121 124
63 3 6 11 12 13 19 22 24 25 26 27 35 38 43 44 45 47 48 49 50 51 52 53 54 55 59 61 63 65 69 70 73 76 77 81 85 86 87 88 89 90 91 93 94 95 96 98 100 102 104 106 107 108 109 110 111 117 118 119 122 123 125 126
64 0 5 7 9 10 14 15 17 18 20 21 23 28 29 30 31 33 34 36 37 39 40 41 42 43 45 46 53 56 57 58 60 62 66 67 68 71 72 74 75 78 79 80 82 83 84 85 86 90 92 97 99 101 103 105 106 112 113 114 115 116 120 121 124
63 3 6 7 9 11 12 14 17 18 19 21 22 23 24 25 28 29 31 34 36 37 38 39 41 42 44 46 48 49 50 56 57 58 62 65 67 68 69 72 73 74 75 76 78 79 82 83 84 88 92 96 97 98 100 101 103 105 112 114 115 116 121 124
63 3 6 11 12 13 15 22 24 26 27 29 30 31 35 39 43 44 45 48 49 51 52 53 54 55 58 59 60 62 65 69 70 71 77 78 79 81 83 85 86 88 89 90 91 93 96 98 99 102 103 104 105 106 108 109 110 113 115 116 118 120 121 124
64 0 5 9 10 13 15 17 18 20 21 23 26 27 30 31 33 34 35 36 37 40 41 42 43 45 46 51 52 53 54 57 60 62 66 68 70 71 72 74 75 77 79 80 81 82 84 85 86 89 90 92 99 101 102 103 104 106 108 113 114 115 120 121 124
63 1 2 3 4 6 8 9 11 12 16 17 18 19 22 24 25 31 32 34 36 38 43 44 45 47 48 49 50 53 61 62 63 64 65 68 69 72 73 76 79 85 86 87 88 90 94 95 96 98 100 103 106 107 111 115 117 119 121 122 123 124 125 126
63 1 2 3 4 5 6 8 10 12 16 20 21 24 27 29 31 32 33 37 39 40 41 42 48 51 54 55 58 59 62 63 64 65 66 74 77 78 79 80 82 83 84 89 91 93 95 96 102 103 105 108 109 110 111 115 116 118 119 121 123 124 125 126
64 0 5 9 10 15 17 18 19 20 25 27 29 30 31 33 34 36 38 39 40 43 45 47 50 51 53 54 58 60 61 62 66 68 71 72 73 76 77 78 79 80 83 85 86 87 89 90 94 99 100 102 103 105 106 107 108 113 115 116 117 120 121 122 124
63 1 2 3 4 5 6 7 8 9 10 12 14 15 16 17 18 20 21 24 27 28 30 32 33 34 36 37 40 41 42 48 51 54 55 56 59 60 64 65 66 67 68 71 72 74 77 80 82 84 89 91 93 96 97 99 102 108 109 110 112 113 118 120
63 3 6 12 13 15 19 21 24 25 26 27 29 30 31 35 37 38 39 41 42 43 45 48 50 51 52 53 54 58 60 62 65 70 71 73 74 76 77 78 79 81 82 83 84 85 86 89 90 96 99 100 102 103 104 105 106 108 113 115 116 120 121 124
63 3 6 7 11 12 14 19 21 22 23 24 25 27 28 31 37 38 41 42 43 44 45 46 48 49 50 51 53 54 56 57 62 65 67 69 73 74 75 76 77 79 82 84 85 86 88 89 90 92 96 97 98 100 101 102 103 106 108 112 114 115 121 124
63 7 9 14 15 17 18 19 25 28 30 31 34 36 38 43 45 47 50 53 55 56 59 60 61 62 63 67 68 71 72 73 76 79 85 86 87 90 91 93 94 95 97 99 100 103 106 107 109 110 111 112 113 115 117 118 119 120 121 122 123 124 125 126
64 0 5 7 10 13 14 15 20 21 26 27 28 30 31 33 35 37 40 41 42 43 45 51 52 53 54 55 56 59 60 62 66 67 70 71 74 77 79 80 81 82 84 85 86 89 90 91 93 97 99 102 103 104 106 108 109 110 112 113 115 118 120 121 124
63 1 2 3 4 6 7 8 11 12 13 14 15 16 22 24 26 27 28 30 32 35 44 47 48 49 51 52 54 56 60 61 63 64 65 67 69 70 71 77 81 87 88 89 94 95 96 97 98 99 102 104 107 108 111 112 113 117 119 120 122 123 125 126
63 1 2 4 7 8 11 14 16 19 21 22 23 25 27 28 32 37 38 41 42 43 44 45 46 49 50 51 53 54 55 56 57 59 64 67 69 73 74 75 76 77 82 84 85 86 88 89 90 91 92 93 97 98 100 101 102 106 108 109 110 112 114 118
63 1 2 4 5 7 8 10 14 15 16 19 20 23 25 28 29 30 31 32 33 38 39 40 46 50 56 57 58 60 62 63 64 66 67 71 73 75 76 78 79 80 83 92 95 97 99 100 101 103 105 111 112 113 114 115 116 119 120 121 123 124 125 126
63 9 13 15 17 18 19 21 25 26 27 29 30 34 35 36 37 38 39 41 42 43 45 50 51 52 53 54 58 60 63 68 70 71 72 73 74 76 77 78 81 82 83 84 85 86 89 90 95 99 100 102 104 105 106 108 111 113 116 119 120 123 125 126
64 0 3 5 6 7 9 10 12 14 15 17 18 20 24 28 29 30 31 33 34 36 39 40 43 45 48 53 56 58 60 62 63 65 66 67 68 71 72 78 79 80 83 85 86 90 95 96 97 99 103 105 106 111 112 113 115 116 119 120 121 123 124 125 126
63 1 2 3 4 6 8 12 16 19 21 23 24 25 27 29 32 37 38 39 41 42 43 45 46 47 48 50 51 53 54 57 58 61 64 65 73 74 75 76 77 78 82 83 84 85 86 87 89 90 92 94 96 100 101 102 105 106 107 108 114 116 117 122
63 5 10 11 13 19 20 21 22 25 26 27 31 33 35 37 38 40 41 42 43 44 45 49 50 51 52 53 54 62 63 66 69 70 73 74 76 77 79 80 81 82 84 85 86 88 89 90 95 98 100 102 103 104 106 108 111 115 119 121 123 124 125 126
64 0 3 6 7 11 12 14 15 22 23 24 28 29 30 31 39 43 44 45 46 48 49 53 55 56 57 58 59 60 62 65 67 69 71 75 78 79 83 85 86 88 90 91 92 93 96 97 98 99 101 103 105 106 109 110 112 113 114 115 116 118 120 121 124
63 3 5 6 10 11 12 15 19 20 21 22 24 25 30 33 37 38 40 41 42 43 44 45 47 48 49 50 53 55 59 60 61 65 66 69 71 73 74 76 80 82 84 85 86 87 88 90 91 93 94 96 98 99 100 106 107 109 110 113 117 118 120 122
63 5 7 9 10 14 17 18 20 21 27 28 29 31 33 34 36 37 39 40 41 42 43 45 47 51 53 54 56 58 61 62 66 67 68 72 74 77 78 79 80 82 83 84 85 86 87 89 90 94 97 102 103 105 106 107 108 112 115 116 117 121 122 124
64 0 3 6 7 11 12 14 15 19 21 22 24 25 27 28 30 37 38 41 42 43 44 45 48 49 50 51 53 54 55 56 59 60 65 67 69 71 73 74 76 77 82 84 85 86 88 89 90 91 93 96 97 98 99 100 102 106 108 109 110 112 113 118 120
63 5 7 9 10 14 17 18 20 21 23 27 28 29 33 34 36 37 39 40 41 42 46 47 51 54 55 56 57 58 59 61 66 67 68 72 74 75 77 78 80 82 83 84 87 89 91 92 93 94 97 101 102 105 107 108 109 110 112 114 116 117 118 122
63 5 9 10 11 13 15 17 18 19 20 22 25 26 30 33 34 35 36 38 40 43 44 45 47 49 50 52 53 55 59 60 61 66 68 69 70 71 72 73 76 80 81 85 86 87 88 90 91 93 94 98 99 100 104 106 107 109 110 113 117 118 120 122
64 0 9 11 13 15 17 18 19 21 22 25 26 30 34 35 36 37 38 41 42 43 44 45 47 49 50 52 53 55 59 60 61 68 69 70 71 72 73 74 76 81 82 84 85 86 87 88 90 91 93 94 98 99 100 104 106 107 109 110 113 117 118 120 122
63 1 2 3 4 6 8 9 11 12 15 16 17 18 22 23 24 27 30 31 32 34 36 44 46 48 49 51 54 55 57 59 60 62 64 65 68 69 71 72 75 77 79 88 89 91 92 93 96 98 99 101 102 103 108 109 110 113 114 115 118 120 121 124
63 3 6 7 9 12 13 14 17 18 19 24 25 26 28 29 31 34 35 36 38 39 48 50 52 55 56 58 59 62 63 65 67 68 70 72 73 76 78 79 81 83 91 93 95 96 97 100 103 104 105 109 110 111 112 115 116 118 119 121 123 124 125 126
64 0 9 11 15 17 18 19 21 22 25 27 29 30 34 36 37 38 39 41 42 43 44 45 49 50 51 53 54 58 60 63 68 69 71 72 73 74 76 77 78 82 83 84 85 86 88 89 90 95 98 99 100 102 105 106 108 111 113 116 119 120 123 125 126
64 0 3 6 7 11 12 14 15 19 22 24 25 27 28 29 30 38 39 43 44 45 48 49 50 51 53 54 56 58 60 63 65 67 69 71 73 76 77 78 83 85 86 88 89 90 95 96 97 98 99 100 102 105 106 108 111 112 113 116 119 120 123 125 126
63 3 5 6 7 9 10 12 14 15 17 18 19 20 21 23 24 25 28 30 31 33 34 36 37 38 40 41 42 46 48 50 56 57 60 62 65 66 67 68 71 72 73 74 75 76 79 80 82 84 92 96 97 99 100 101 103 112 113 114 115 120 121 124
63 3 6 7 12 13 14 15 24 26 27 28 30 31 35 43 45 47 48 51 52 53 54 55 56 59 60 61 62 65 67 70 71 77 79 81 85 86 87 89 90 91 93 94 96 97 99 102 103 104 106 107 108 109 110 112 113 115 117 118 120 121 122 124
64 0 9 11 13 15 17 18 21 22 26 29 30 31 34 35 36 37 39 41 42 43 44 45 49 52 53 55 58 59 60 62 68 69 70 71 72 74 78 79 81 82 83 84 85 86 88 90 91 93 98 99 103 104 105 106 109 110 113 115 116 118 120 121 124
64 0 3 6 7 11 12 13 14 15 22 24 26 28 29 30 31 35 39 43 44 45 48 49 52 53 55 56 58 59 60 62 65 67 69 70 71 78 79 81 83 85 86 88 90 91 93 96 97 98 99 103 104 105 106 109 110 112 113 115 116 118 120 121 124
63 3 6 7 9 11 12 13 14 17 18 21 22 23 24 26 28 34 35 36 37 41 42 43 44 45 46 47 48 49 52 53 56 57 61 65 67 68 69 70 72 74 75 81 82 84 85 86 87 88 90 92 94 96 97 98 101 104 106 107 112 114 117 122
63 5 10 13 15 20 21 23 26 29 30 31 33 35 37 39 40 41 42 43 45 46 52 53 55 57 58 59 60 62 66 70 71 74 75 78 79 80 81 82 83 84 85 86 90 91 92 93 99 101 103 104 105 106 109 110 113 114 115 116 118 120 121 124
64 0 3 6 11 12 15 21 22 24 27 30 37 41 42 43 44 45 47 48 49 51 53 54 55 59 60 61 63 65 69 71 74 77 82 84 85 86 87 88 89 90 91 93 94 95 96 98 99 102 106 107 108 109 110 111 113 117 118 119 120 122 123 125 126
63 1 2 4 5 8 10 13 15 16 19 20 25 26 27 30 31 32 33 35 38 40 43 45 47 50 51 52 53 54 60 61 62 64 66 70 71 73 76 77 79 80 81 85 86 87 89 90 94 99 100 102 103 104 106 107 108 113 115 117 120 121 122 124
63 3 5 6 7 10 12 14 19 20 21 23 24 25 27 28 33 37 38 40 41 42 46 47 48 50 51 54 56 57 61 63 65 66 67 73 74 75 76 77 80 82 84 87 89 92 94 95 96 97 100 101 102 107 108 111 112 114 117 119 122 123 125 126
64 0 3 5 6 7 10 12 14 20 23 24 27 28 29 33 39 40 43 45 46 48 51 53 54 55 56 57 58 59 63 65 66 67 75 77 78 80 83 85 86 89 90 91 92 93 95 96 97 101 102 105 106 108 109 110 111 112 114 116 118 119 123 125 126
0 1 0 0
0 2 0 1
3 4 1 0
3 5 1 1
3 6 1 2
3 7 1 3
3 8 1 4
3 9 1 5
3 10 1 6
3 11 1 7
3 12 1 8
3 13 1 9
3 14 1 10
3 15 1 11
3 16 1 12
3 17 1 13
3 18 1 14
3 19 1 15
3 20 1 16
3 21 1 17
3 22 1 18
3 23 1 19
3 24 1 20
3 25 1 21
3 26 1 22
3 27 1 23
3 28 1 24
3 29 1 25
3 30 1 26
3 31 1 27
3 32 1 28
3 33 1 29
3 34 1 30
3 35 1 31
3 36 1 32
3 37 1 33
3 38 1 34
3 39 1 35
3 40 1 36
3 41 1 37
3 42 1 38
3 43 1 39
3 44 1 40
3 45 1 41
3 46 1 42
3 47 1 43
3 48 1 44
3 49 1 45
3 50 1 46
3 51 1 47
3 52 1 48
3 53 1 49
3 54 1 50
3 55 1 51
3 56 1 52
3 57 1 53
3 58 1 54
3 59 1 55
3 60 1 56
3 61 1 57
3 62 1 58
3 63 1 59
3 64 1 60
3 65 1 61
3 66 1 62
3 67 1 63
3 68 1 64
3 69 1 65
3 70 1 66
3 71 1 67
3 72 1 68
3 73 1 69
3 74 1 70
3 75 1 71
3 76 1 72
3 77 1 73
3 78 1 74
3 79 1 75
3 80 1 76
3 81 1 77
3 82 1 78
3 83 1 79
84 85 2 0
84 86 2 1
87 4 3 0
87 5 3 1
87 6 3 2
87 7 3 3
87 8 3 4
87 9 3 5
87 10 3 6
87 11 3 7
87 12 3 8
87 13 3 9
87 14 3 10
87 15 3 11
87 16 3 12
87 17 3 13
87 18 3 14
87 19 3 15
87 20 3 16
87 21 3 17
87 22 3 18
87 23 3 19
87 24 3 20
87 25 3 21
87 26 3 22
87 27 3 23
87 28 3 24
87 29 3 25
87 30 3 26
87 31 3 27
87 32 3 28
87 33 3 29
87 34 3 30
87 35 3 31
87 36 3 32
87 37 3 33
87 38 3 34
87 39 3 35
87 40 3 36
87 41 3 37
87 42 3 38
87 43 3 39
87 44 3 40
87 45 3 41
87 46 3 42
87 47 3 43
87 48 3 44
87 49 3 45
87 50 3 46
87 51 3 47
87 52 3 48
87 53 3 49
87 54 3 50
87 55 3 51
87 56 3 52
87 57 3 53
87 58 3 54
87 59 3 55
87 60 3 56
87 61 3 57
87 62 3 58
87 63 3 59
87 64 3 60
87 65 3 61
87 66 3 62
87 67 3 63
87 68 3 64
87 69 3 65
87 70 3 66
87 71 3 67
87 72 3 68
87 73 3 69
87 74 3 70
87 75 3 71
87 76 3 72
87 77 3 73
87 78 3 74
87 79 3 75
87 80 3 76
87 81 3 77
87 82 3 78
87 83 3 79
88 89 4 0
88 90 4 1
88 91 4 2
88 92 4 3
93 4 5 0
93 5 5 1
93 6 5 2
93 7 5 3
93 8 5 4
93 9 5 5
93 10 5 6
93 11 5 7
93 12 5 8
93 13 5 9
93 14 5 10
93 15 5 11
93 16 5 12
93 17 5 13
93 18 5 14
93 19 5 15
93 20 5 16
93 21 5 17
93 22 5 18
93 23 5 19
93 24 5 20
93 25 5 21
93 26 5 22
93 27 5 23
93 28 5 24
93 29 5 25
93 30 5 26
93 31 5 27
93 32 5 28
93 33 5 29
93 34 5 30
93 35 5 31
93 36 5 32
93 37 5 33
93 38 5 34
93 39 5 35
93 40 5 36
93 41 5 37
93 42 5 38
93 43 5 39
93 44 5 40
93 45 5 41
93 46 5 42
93 47 5 43
93 48 5 44
93 49 5 45
93 50 5 46
93 51 5 47
93 52 5 48
93 53 5 49
93 54 5 50
93 55 5 51
93 56 5 52
93 57 5 53
93 58 5 54
93 59 5 55
93 60 5 56
93 61 5 57
93 62 5 58
93 63 5 59
93 64 5 60
93 65 5 61
93 66 5 62
93 67 5 63
93 68 5 64
93 69 5 65
93 70 5 66
93 71 5 67
93 72 5 68
93 73 5 69
93 74 5 70
93 75 5 71
93 76 5 72
93 77 5 73
93 78 5 74
93 79 5 75
93 80 5 76
93 81 5 77
93 82 5 78
93 83 5 79
94 95 6 0
94 96 6 1
97 98 7 0
97 99 7 1
100 101 8 0
100 102 8 1
103 104 9 0
103 105 9 1
103 106 9 2
103 107 9 3
108 109 10 0
108 110 10 1
111 112 11 0
111 113 11 1
114 115 12 0
114 116 12 1
117 118 13 0
117 119 13 1
120 121 14 0
120 122 14 1
123 124 15 0
123 125 15 1
123 126 15 2
123 127 15 3
123 128 15 4
123 129 15 5
130 131 16 0
130 132 16 1
133 134 17 0
133 135 17 1
136 137 18 0
136 138 18 1
139 140 19 0
139 141 19 1
142 143 20 0
142 144 20 1
145 146 21 0
145 147 21 1
148 149 22 0
148 150 22 1
151 152 23 0
151 153 23 1
154 155 24 0
154 156 24 1
157 158 25 0
157 159 25 1
160 161 26 0
160 162 26 1
160 163 26 2
160 164 26 3
165 166 27 0
165 167 27 1
165 168 27 2
165 169 27 3
170 171 28 0
170 172 28 1
173 174 29 0
173 175 29 1
176 177 30 0
176 178 30 1
179 180 31 0
179 181 31 1
182 4 32 0
182 5 32 1
182 6 32 2
182 7 32 3
182 8 32 4
182 9 32 5
182 10 32 6
182 11 32 7
182 12 32 8
182 13 32 9
182 14 32 10
182 15 32 11
182 16 32 12
182 17 32 13
182 18 32 14
182 19 32 15
182 20 32 16
182 21 32 17
182 22 32 18
182 23 32 19
182 24 32 20
182 25 32 21
182 26 32 22
182 27 32 23
182 28 32 24
182 29 32 25
182 30 32 26
182 31 32 27
182 32 32 28
182 33 32 29
182 34 32 30
182 35 32 31
182 36 32 32
182 37 32 33
182 38 32 34
182 39 32 35
182 40 32 36
182 41 32 37
182 42 32 38
182 43 32 39
182 44 32 40
182 45 32 41
182 46 32 42
182 47 32 43
182 48 32 44
182 49 32 45
182 50 32 46
182 51 32 47
182 52 32 48
182 53 32 49
182 54 32 50
182 55 32 51
182 56 32 52
182 57 32 53
182 58 32 54
182 59 32 55
182 60 32 56
182 61 32 57
182 62 32 58
182 63 32 59
182 64 32 60
182 65 32 61
182 66 32 62
182 67 32 63
182 68 32 64
182 69 32 65
182 70 32 66
182 71 32 67
182 72 32 68
182 73 32 69
182 74 32 70
182 75 32 71
182 76 32 72
182 77 32 73
182 78 32 74
182 79 32 75
182 80 32 76
182 81 32 77
182 82 32 78
182 83 32 79
183 184 33 0
183 185 33 1
186 4 34 0
186 5 34 1
186 6 34 2
186 7 34 3
186 8 34 4
186 9 34 5
186 10 34 6
186 11 34 7
186 12 34 8
186 13 34 9
186 14 34 10
186 15 34 11
186 16 34 12
186 17 34 13
186 18 34 14
186 19 34 15
186 20 34 16
186 21 34 17
186 22 34 18
186 23 34 19
186 24 34 20
186 25 34 21
186 26 34 22
186 27 34 23
186 28 34 24
186 29 34 25
186 30 34 26
186 31 34 27
186 32 34 28
186 33 34 29
186 34 34 30
186 35 34 31
186 36 34 32
186 37 34 33
186 38 34 34
186 39 34 35
186 40 34 36
186 41 34 37
186 42 34 38
186 43 34 39
186 44 34 40
186 45 34 41
186 46 34 42
186 47 34 43
186 48 34 44
186 49 34 45
186 50 34 46
186 51 34 47
186 52 34 48
186 53 34 49
186 54 34 50
186 55 34 51
186 56 34 52
186 57 34 53
186 58 34 54
186 59 34 55
186 60 34 56
186 61 34 57
186 62 34 58
186 63 34 59
186 64 34 60
186 65 34 61
186 66 34 62
186 67 34 63
186 68 34 64
186 69 34 65
186 70 34 66
186 71 34 67
186 72 34 68
186 73 34 69
186 74 34 70
186 75 34 71
186 76 34 72
186 77 34 73
186 78 34 74
186 79 34 75
186 80 34 76
186 81 34 77
186 82 34 78
186 83 34 79
187 188 35 0
187 189 35 1
190 191 36 0
190 192 36 1
193 4 37 0
193 5 37 1
193 6 37 2
193 7 37 3
193 8 37 4
193 9 37 5
193 10 37 6
193 11 37 7
193 12 37 8
193 13 37 9
193 14 37 10
193 15 37 11
193 16 37 12
193 17 37 13
193 18 37 14
193 19 37 15
193 20 37 16
193 21 37 17
193 22 37 18
193 23 37 19
193 24 37 20
193 25 37 21
193 26 37 22
193 27 37 23
193 28 37 24
193 29 37 25
193 30 37 26
193 31 37 27
193 32 37 28
193 33 37 29
193 34 37 30
193 35 37 31
193 36 37 32
193 37 37 33
193 38 37 34
193 39 37 35
193 40 37 36
193 41 37 37
193 42 37 38
193 43 37 39
193 44 37 40
193 45 37 41
193 46 37 42
193 47 37 43
193 48 37 44
193 49 37 45
193 50 37 46
193 51 37 47
193 52 37 48
193 53 37 49
193 54 37 50
193 55 37 51
193 56 37 52
193 57 37 53
193 58 37 54
193 59 37 55
193 60 37 56
193 61 37 57
193 62 37 58
193 63 37 59
193 64 37 60
193 65 37 61
193 66 37 62
193 67 37 63
193 68 37 64
193 69 37 65
193 70 37 66
193 71 37 67
193 72 37 68
193 73 37 69
193 74 37 70
193 75 37 71
193 76 37 72
193 77 37 73
193 78 37 74
193 79 37 75
193 80 37 76
193 81 37 77
193 82 37 78
193 83 37 79
