15 164 172
8 1 3 8 9 11 12 13 14
7 0 1 2 5 8 9 11
7 0 2 3 6 9 10 11
8 1 2 7 9 11 12 13 14
8 2 3 8 10 11 12 13 14
7 0 1 3 5 8 9 11
7 0 2 3 6 8 10 11
8 1 6 7 10 11 12 13 14
8 3 6 8 9 10 12 13 14
7 0 1 3 6 7 8 10
7 0 2 3 4 7 9 10
8 1 4 8 9 10 12 13 14
8 3 6 8 9 11 12 13 14
7 0 1 5 7 8 9 11
8 1 2 4 7 11 12 13 14
8 2 4 8 10 11 12 13 14
7 0 1 3 6 7 8 11
7 0 3 4 5 8 10 11
8 1 5 7 10 11 12 13 14
8 3 5 8 9 11 12 13 14
7 0 2 3 4 7 8 10
7 0 2 3 6 7 8 10
8 1 2 5 7 11 12 13 14
8 1 3 4 9 10 12 13 14
8 1 2 7 8 10 12 13 14
8 2 4 7 8 10 12 13 14
7 0 1 2 3 4 8 11
8 1 3 4 7 9 12 13 14
8 1 6 8 9 10 12 13 14
7 0 1 2 5 8 10 11
7 0 1 3 6 9 10 11
8 3 6 8 10 11 12 13 14
7 0 1 2 5 7 8 11
7 0 1 2 4 7 10 11
7 0 3 4 6 9 10 11
7 0 1 4 7 9 10 11
8 1 3 6 10 11 12 13 14
8 1 2 7 9 10 12 13 14
7 0 1 2 4 6 9 10
7 0 1 4 6 8 9 10
8 1 2 4 9 10 12 13 14
8 2 6 7 9 11 12 13 14
7 0 1 4 6 7 8 10
7 0 2 3 4 6 9 10
8 1 3 4 8 11 12 13 14
8 5 6 8 9 11 12 13 14
7 0 1 3 5 7 10 11
7 0 1 4 6 8 10 11
8 1 2 4 5 11 12 13 14
8 3 5 9 10 11 12 13 14
7 0 1 4 5 7 10 12
7 0 2 3 6 7 10 12
8 1 6 7 9 10 12 13 14
7 0 1 2 5 6 8 10
7 0 2 4 5 8 9 10
8 1 2 4 5 10 12 13 14
8 1 3 6 9 10 12 13 14
7 0 1 5 6 7 8 10
7 0 2 3 4 5 9 10
8 1 2 5 8 10 12 13 14
8 3 5 8 10 11 12 13 14
7 0 2 3 6 7 8 11
7 0 3 4 5 8 9 11
8 1 4 6 10 11 12 13 14
8 2 5 7 10 11 12 13 14
7 0 1 2 4 5 9 11
7 0 1 3 4 5 9 11
8 2 4 7 10 11 12 13 14
8 4 6 7 9 10 12 13 14
8 1 2 4 5 7 12 13 14
8 3 4 8 10 11 12 13 14
7 0 2 3 5 7 8 11
7 0 3 4 6 8 9 11
7 0 1 2 4 6 9 12
7 0 2 4 5 6 9 12
8 1 5 6 10 11 12 13 14
8 4 5 8 9 11 12 13 14
7 0 1 3 4 6 8 10
7 0 2 4 6 7 9 10
8 1 2 5 6 11 12 13 14
8 3 6 7 9 11 12 13 14
7 0 1 2 4 5 8 10
7 0 2 5 6 8 9 10
8 1 3 4 7 11 12 13 14
8 2 5 7 9 11 12 13 14
7 0 1 2 3 6 7 10
7 0 3 4 7 8 9 10
8 1 3 5 8 11 12 13 14
8 1 4 6 9 10 12 13 14
7 0 1 2 5 6 7 9
7 0 2 3 4 7 8 9
8 1 2 5 7 10 12 13 14
8 3 5 7 8 10 11 13 14
8 1 3 7 8 10 11 13 14
8 3 6 7 8 10 12 13 14
7 0 1 3 4 6 8 9
7 0 1 3 5 6 8 9
7 0 1 2 3 5 8 11
7 0 3 6 8 9 10 11
8 2 6 7 8 10 12 13 14
8 1 4 5 9 10 12 13 14
7 0 1 2 4 6 7 9
7 0 2 3 5 7 8 9
8 1 2 6 7 10 12 13 14
8 2 3 4 9 11 12 13 14
7 0 2 4 5 7 8 11
7 0 3 4 6 7 9 11
8 1 6 7 8 11 12 13 14
8 3 4 7 9 11 12 13 14
7 0 2 3 4 5 8 11
7 0 3 6 7 8 9 11
8 1 3 6 7 11 12 13 14
8 2 3 6 8 9 11 13 14
7 0 1 2 4 6 7 8
8 1 4 5 8 9 11 13 14
8 2 4 6 8 9 12 13 14
7 0 1 2 3 4 7 10
7 0 3 6 7 8 9 10
8 2 3 5 7 9 12 13 14
8 2 3 5 9 11 12 13 14
7 0 1 3 4 5 8 10
7 0 2 5 6 7 9 10
8 1 5 7 8 11 12 13 14
8 3 5 7 8 11 12 13 14
7 0 3 4 5 6 8 11
7 0 3 5 6 7 8 11
8 2 3 5 7 11 12 13 14
8 3 4 6 9 10 12 13 14
7 0 1 2 4 5 7 9
7 0 2 4 5 7 8 9
8 3 5 6 8 9 12 13 14
8 1 2 5 7 8 12 13 14
8 2 3 5 6 8 12 13 14
8 3 4 6 7 9 12 13 14
7 0 2 3 4 5 7 11
8 2 4 5 7 8 12 13 14
8 5 6 7 9 10 12 13 14
7 0 1 3 5 6 9 11
7 0 2 5 6 8 10 11
8 1 5 6 9 11 12 13 14
7 0 1 2 4 6 7 10
7 0 3 4 6 8 9 10
7 0 2 5 6 7 8 11
7 0 3 4 5 6 9 11
8 1 4 5 9 11 12 13 14
8 2 4 5 9 10 12 13 14
7 0 1 3 5 6 7 9
7 0 2 3 4 6 8 9
8 1 2 6 7 9 12 13 14
8 2 3 4 6 10 12 13 14
7 0 1 2 4 5 7 10
7 0 3 5 6 8 9 10
8 2 4 5 9 11 12 13 14
7 0 1 2 4 5 7 11
7 0 2 3 5 6 7 11
8 1 5 6 8 11 12 13 14
8 2 4 6 7 10 12 13 14
7 0 1 4 5 6 7 9
7 0 2 3 4 5 8 9
8 1 4 5 7 9 12 13 14
8 3 4 6 7 10 12 13 14
7 0 2 4 5 6 7 10
7 0 3 4 5 6 8 10
8 1 4 5 7 8 12 13 14
0 1 0 0
0 2 0 1
3 1 1 0
3 2 1 1
4 5 2 0
4 6 2 1
7 5 3 0
7 6 3 1
8 9 4 0
8 10 4 1
11 9 5 0
11 10 5 1
12 13 6 0
14 13 7 0
15 16 8 0
15 17 8 1
18 16 9 0
18 17 9 1
19 20 10 0
19 21 10 1
22 20 11 0
22 21 11 1
23 20 12 0
23 21 12 1
24 20 13 0
24 21 13 1
25 26 14 0
27 26 15 0
28 29 16 0
28 30 16 1
31 32 17 0
31 33 17 1
31 34 17 2
31 35 17 3
36 32 18 0
36 33 18 1
36 34 18 2
36 35 18 3
37 38 19 0
37 39 19 1
40 38 20 0
40 39 20 1
41 42 21 0
41 43 21 1
44 42 22 0
44 43 22 1
45 46 23 0
45 47 23 1
48 46 24 0
48 47 24 1
49 50 25 0
49 51 25 1
52 53 26 0
52 54 26 1
55 53 27 0
55 54 27 1
56 57 28 0
56 58 28 1
59 57 29 0
59 58 29 1
60 61 30 0
60 62 30 1
63 61 31 0
63 62 31 1
64 65 32 0
64 66 32 1
67 65 33 0
67 66 33 1
68 65 34 0
68 66 34 1
69 65 35 0
69 66 35 1
70 71 36 0
70 72 36 1
70 73 36 2
70 74 36 3
75 71 37 0
75 72 37 1
75 73 37 2
75 74 37 3
76 77 38 0
76 78 38 1
79 77 39 0
79 78 39 1
80 81 40 0
80 82 40 1
83 81 41 0
83 82 41 1
84 85 42 0
84 86 42 1
87 85 43 0
87 86 43 1
88 89 44 0
88 90 44 1
91 89 45 0
91 90 45 1
92 89 46 0
92 90 46 1
93 89 47 0
93 90 47 1
94 95 48 0
94 96 48 1
94 97 48 2
94 98 48 3
99 95 49 0
99 96 49 1
99 97 49 2
99 98 49 3
100 101 50 0
100 102 50 1
103 101 51 0
103 102 51 1
104 105 52 0
104 106 52 1
107 105 53 0
107 106 53 1
108 109 54 0
108 110 54 1
111 109 55 0
111 110 55 1
112 113 56 0
114 113 57 0
115 116 58 0
115 117 58 1
118 116 59 0
118 117 59 1
119 120 60 0
119 121 60 1
122 120 61 0
122 121 61 1
123 124 62 0
123 125 62 1
126 124 63 0
126 125 63 1
127 128 64 0
127 129 64 1
130 128 65 0
130 129 65 1
131 128 66 0
131 129 66 1
132 128 67 0
132 129 67 1
133 134 68 0
135 134 69 0
136 137 70 0
136 138 70 1
139 140 71 0
139 141 71 1
139 142 71 2
139 143 71 3
144 140 72 0
144 141 72 1
144 142 72 2
144 143 72 3
145 146 73 0
145 147 73 1
148 146 74 0
148 147 74 1
149 150 75 0
149 151 75 1
152 153 76 0
152 154 76 1
155 153 77 0
155 154 77 1
156 157 78 0
156 158 78 1
159 157 79 0
159 158 79 1
160 161 80 0
160 162 80 1
163 161 81 0
163 162 81 1
