66535782473615
60889137273748
55492289119414
50338922574884
45422795311141
40737738105880
36277654843508
32036522515144
28008391218619
24187384158476
20567697645970
17143601099068
13909437042449
10859621107504
7988642032336
5291061661760
2761514947303
394709947204
-1814572173586
-3871477143404
-5781077583875
-7548373009912
-9178289829716
-10675681344776
-12045327749869
-13291936133060
-14420140475702
-15434501652436
-16339507431191
-17139572473184
-17839038332920
-18442173458192
-18953173190081
-19376159762956
-19715182304474
-19974216835580
-20157166270507
-20267860416776
-20310055975196
-20287436539864
-20203612598165
-20062121530772
-19866427611646
-19619922008036
-19325922780479
-18987674882800
-18608350162112
-18191047358816
-17738792106601
-17254536932444
-16741161256610
-16201471392652
-15638200547411
-15054008821016
-14451483206884
-13833137591720
-13201412755517
-12558676371556
-11907223006406
-11249274119924
-10586978065255
-9922410088832
-9257572330376
-8594393822896
-7934730492689
-7280365159340
-6633007535722
-5994294227996
-5365788735611
-4748981451304
-4145289661100
-3556057544312
-2982556173541
-2425983514676
-1887464426894
-1368050662660
-868720867727
-390380581136
66137764784
500074844416
910744438855
1297533435908
1659901830094
1997382722644
2309582321501
2596179941320
2856928003468
3091652036024
3300250673779
3482695658236
3639031837610
3769377166828
3873922707529
3952932628064
4006744203496
4035767815600
4040486952863
4021458210484
3979311290374
3914749001156
3828547258165
3721555083448
3594694605764
3448961060584
3285422790091
3105221243180
2909570975458
2699759649244
2477148033569
2243170004176
1999332543520
1747215740768
1488472791799
1224829999204
958086772286
690115627060
422862186253
158345179304
-101343557636
-354039081704
-597503343325
-829425186212
-1047420347366
-1249031457076
-1431728038919
-1592906509760
-1729890179752
-1839929252336
-1920200824241
-1967808885484
-1979784319370
-1953084902492
-1884595304731
-1771127089256
-1609418712524
-1396135524280
-1127869767557
-801140578676
-412393987246
41997083836
565732818385
1162586506928
1836404546704
2591106441664
3430684802471
4359205346500
5380806897838
6499701387284
7720173852349
9046582437256
10483358392940
12035006077048
13706102953939
15501299594684
17425319677066
19482959985580
21679090411433
