-8257067
-5651548
-3168214
-805148
1439567
3567848
5581612
7482776
9273257
10954972
12529838
13999772
15366691
16632512
17799152
18868528
19842557
20723156
21512242
22211732
22823543
23349592
23791796
24152072
24432337
24634508
24760502
24812236
24791627
24700592
24541048
24314912
24024101
23670532
23256122
22782788
22252447
21667016
21028412
20338552
19599353
18812732
17980606
17104892
16187507
15230368
14235392
13204496
12139597
11042612
9915458
8760052
7578311
6372152
5143492
3894248
2626337
1341676
42182
-1270228
-2593637
-3926128
-5265784
-6610688
-7958923
-9308572
-10657718
-12004444
-13346833
-14682968
-16010932
-17328808
-18634679
-19926628
-21202738
-22461092
-23699773
-24916864
-26110448
-27278608
-28419427
-29530988
-30611374
-31658668
-32670953
-33646312
-34582828
-35478584
-36331663
-37140148
-37902122
-38615668
-39278869
-39889808
-40446568
-40947232
-41389883
-41772604
-42093478
-42350588
-42542017
-42665848
-42720164
-42703048
-42612583
-42446852
-42203938
-41881924
-41478893
-40992928
-40422112
-39764528
-39018259
-38181388
-37251998
-36228172
-35107993
-33889544
-32570908
-31150168
-29625407
-27994708
-26256154
-24407828
-22447813
-20374192
-18185048
-15878464
-13452523
-10905308
-8234902
-5439388
-2516849
534632
3716972
7032088
10481897
14068316
17793262
21658652
25666403
29818432
34116656
38562992
43159357
47907668
52809842
57867796
63083447
68458712
73995508
79695752
85561361
91594252
97796342
104169548
110715787
