16424986227607607
17533002175897492
18391214982193120
19016804397773048
19426359397391455
19635886852545274
19660820204741324
19516028138763442
19215823255939615
18773970747409112
18203697067389616
17517698606444356
16728150364749239
15846714625359982
14884549627479244
13852318239723758
12760196633391463
11617882955728636
10434606003197024
9219133894740976
7979782745054575
6724425337848770
5460499799118508
4195018270409866
2934575582087183
1685357926600192
453151531751152
-756648666038020
-1939030348458617
-3089355142048010
-4203349944922516
-5277098253510266
-6307031489284073
-7289920325494300
-8222866013901728
-9103291711510424
-9928933807300609
-10697833248961526
-11408326869624308
-12059038714594846
-12648871368086657
-13176997279953752
-13642850092423504
-14046115966829516
-14386724910344489
-14664842102713090
-14880859222984820
-15035385776246882
-15129240420357049
-15163442292676532
-15139202336802848
-15057914629302688
-14921147706444785
-14730635890932782
-14488270618638100
-14196091765332806
-13856278973422481
-13471142978679088
-13043116936973840
-12574747751010068
-12068687397056089
-11527684251678074
-10954574418472916
-10352273054801098
-9723765698519561
-9072099594714572
-8400375022434592
-7711736621423144
-7009364718851681
-6296466656052454
-5576268115251380
-4852004446300910
-4126911993412897
-3404219421891464
-2687139044865872
-1978858150023388
-1282530326342153
-601266790824050
61872284772428
703886447199310
1321843634986279
1912888851707804
2474252839250272
3003260751079120
3497340825505967
3954033058955746
4370997879233836
4746024818793194
5077041188001487
5362120748408224
5599492386011888
5787548784527068
5924855098651591
6010157627333654
6042392487038956
6020694285017830
5944404792572375
5813081618323588
5626506881478496
5384695885097288
5087905789360447
4736644284835882
4331678265746060
3874042503235138
3365048318636095
2806292256737864
2199664759052464
1547358837082132
851878745586455
116048655849502
-656978671053044
-1463713210986754
-2300319003491321
-3162605478513428
-4046018783139616
-4945633108329152
-5856142015646897
-6771849763996174
-7686662636351636
-8594080266492134
-9487186965733585
-10358643049661840
-11200676164865552
-12005072615669044
-12763168690865177
-13465841990448218
-14103502752346708
-14666085179156330
-15143038764872777
-15523319621624620
-15795381806406176
-15947168647810376
-15966104072761633
-15839083933248710
-15552467333057588
-15092067954504334
-14443145385167969
-13590396444623336
-12517946511173968
-11209340848584956
-9647535932815817
-7814890778753362
-5693158266944564
-3263476470329426
-506359980973849
2598308763197500
6071288151668320
9933986074597808
14208468596087791
18917468627449858
24084394600472492
29733339140688202
35889087740640655
42577127433151808
49823655464589040
57655587968132284
66100568637041159
