-467811170326591
-371796627929468
-283781555087198
-203376737682556
-130204073818541
-63896427604952
-4097482944964
49538402678296
97346344415173
139651076262908
176767097279062
208998817794940
236640705629015
259977432300352
279284019242032
294825984014576
306859486519369
315631475212084
321379833316106
324333525035956
324712741770715
322729048327448
318585529134628
312476934455560
304589826601805
295102726146604
284186258138302
272003298313772
258709119311839
244451536886704
229371056121368
213601017641056
197267743826641
180490685028068
163382565777778
146049531004132
128591292244835
111101273860360
93666759247372
76369037052152
59283547384021
42480028028764
26022660662054
9970217062876
-5623794673049
-20710983919840
-35247931308032
-49196042511152
-62521402032295
-75194626990700
-87190720908326
-98488927496428
-109072584442133
-118928977195016
-128049192753676
-136427973452312
-144063570747299
-150957599003764
-157114889282162
-162543343124852
-167253786342673
-171259822801520
-174577688208920
-177226103900608
-179226130627103
-180601022340284
-181376079979966
-181578505260476
-181237254457229
-180382892193304
-179047445226020
-177264256233512
-175067837601307
-172493725208900
-169578332216330
-166358802850756
-162872866193033
-159158689964288
-155254734312496
-151199605599056
-147031910185367
-142790108219404
-138512367422294
-134236416874892
-129999400804357
-125837732370728
-121786947453500
-117881558438200
-114154908002963
-110639022905108
-107364467767714
-104360198866196
-101653417914881
-99269425853584
-97231476634184
-95560631007200
-94275610308367
-93392650245212
-92925354683630
-92884549434460
-93278136040061
-94110945560888
-95384592362068
-97097327899976
-99243894508811
-101815379187172
-104799067384634
-108178296788324
-111932311109497
-116036113870112
-120460322189408
-125171020570480
-130129614686855
-135292685169068
-140611841391238
-146033575257644
-151499114989301
-156944278910536
-162299329235564
-167488825855064
-172431480122755
-177040008641972
-181220987052242
-184874703815860
-187895014004465
-190169193085616
-191577790709368
-191994484494848
-191285933816831
-189311633592316
-185923768067102
-180967064602364
-174278647461229
-165687891595352
-155016276431492
-142077239658088
-126676031011835
-108609566064260
-87666280008298
-63625981444868
-36259706169449
-5329570958656
29411372643184
68219284537456
111359682284681
159107587317940
211747671156298
269574401618228
332892189035035
402015532464280
477269165903204
558988204502152
647518290777997
743215740827564
846447690541054
957592241815468
1077038608768031
