6939495979
6322537544
5736124040
5179375564
4651423715
4151411594
3678493804
3231836450
2810617139
2414024980
2041260584
1691536064
1364075035
1058112614
772895420
507681574
261740699
34353920
-175186136
-367575340
-543498061
-703627166
-848624020
-979138486
-1095808925
-1199262196
-1290113656
-1368967160
-1436415061
-1493038210
-1539405956
-1576076146
-1603595125
-1622497736
-1633307320
-1636535716
-1632683261
-1622238790
-1605679636
-1583471630
-1556069101
-1523914876
-1487440280
-1447065136
-1403197765
-1356234986
-1306562116
-1254552970
-1200569861
-1144963600
-1088073496
-1030227356
-971741485
-912920686
-854058260
-795436006
-737324221
-679981700
-623655736
-568582120
-514985141
-463077586
-413060740
-365124386
-319446805
-276194776
-235523576
-197576980
-162487261
-130375190
-101350036
-75509566
-52940045
-33716236
-17901400
-5547296
3305819
8629190
10405564
8629190
3305819
-5547296
-17901400
-33716236
-52940045
-75509566
-101350036
-130375190
-162487261
-197576980
-235523576
-276194776
-319446805
-365124386
-413060740
-463077586
-514985141
-568582120
-623655736
-679981700
-737324221
-795436006
-854058260
-912920686
-971741485
-1030227356
-1088073496
-1144963600
-1200569861
-1254552970
-1306562116
-1356234986
-1403197765
-1447065136
-1487440280
-1523914876
-1556069101
-1583471630
-1605679636
-1622238790
-1632683261
-1636535716
-1633307320
-1622497736
-1603595125
-1576076146
-1539405956
-1493038210
-1436415061
-1368967160
-1290113656
-1199262196
-1095808925
-979138486
-848624020
-703627166
-543498061
-367575340
-175186136
34353920
261740699
507681574
772895420
1058112614
1364075035
1691536064
2041260584
2414024980
2810617139
3231836450
3678493804
4151411594
4651423715
5179375564
5736124040
6322537544
6939495979
