56901174746
49645208881
42973267654
36855629897
31263448594
26168739379
21544369034
17364043987
13602298810
10234484717
7236758062
4586068837
2260149170
237501823
-1502611310
-2980180705
-4214460710
-5223981047
-6026558314
-6639307487
-7078653422
-7360342357
-7499453414
-7510410101
-7406991814
-7202345339
-6908996354
-6538860931
-6103257038
-5612916041
-5077994206
-4508084201
-3912226598
-3298921375
-2676139418
-2051334023
-1431452398
-822947165
-231787862
336527555
876961210
1384923805
1856263118
2287252501
2674579378
3015333743
3306996658
3547428751
3734858714
3867871801
3945398326
3966702161
3931369234
3839296027
3690678074
3485998459
3226016314
2911755317
2544492190
2125745197
1657262642
1141011367
579165250
-25906297
-671649830
-1355339375
-2074087930
-2824858967
-3604477934
-4409643757
-5236940342
-6082848077
-6943755334
-7815969971
-8695730834
-9579219259
-10462570574
-11341885601
-12213242158
-13072706561
-13916345126
-14740235671
-15540479018
-16313210495
-17054611438
-17760920693
-18428446118
-19053576085
-19632790982
-20162674715
-20639926210
-21061370915
-21423972302
-21724843369
-21961258142
-22130663177
-22230689062
-22259161919
-22214114906
-22093799719
-21896698094
-21621533309
-21267281686
-20833184093
-20318757446
-19723806211
-19048433906
-18293054603
-17458404430
-16545553073
-15555915278
-14491262353
-13353733670
-12145848167
-10870515850
-9531049295
-8131175150
-6675045637
-5167250054
-3612826277
-2017272262
-386557547
1272865246
2954048909
4649540146
6351368071
8051032706
9739493479
11407157722
13043869169
14638896454
16180921609
17658028562
19057691635
20366764042
21571466387
22657375162
23609411245
24411828398
25048201765
25501416370
25753655615
25786389778
25580364511
25115589338
24371326153
23326077718
21957576161
20242771474
18157820011
15678072986
12778064971
9431502394
5611252037
1289329534
-3563112131
-8975794126
