-27905463895855
-23744600179748
-19814362135190
-16108434326452
-12620574424517
-9344613207080
-6274454558548
-3404075470040
-727526039387
1761070528868
4067517923470
6197546726452
8156814413135
9950905352128
11585330805328
13065528927920
14396864768377
15584630268460
16634044263218
17550252480988
18338327543395
19003268965352
19550003155060
19983383414008
20308189936973
20529129812020
20650837020502
20677872437060
20614723829623
20465805859408
20235460080920
19927954941952
19547485783585
19098174840188
18584071239418
18009151002220
17377317042827
16692399168760
15958154080828
15178265373128
14356343533045
13495925941252
12600476871710
11673387491668
10717975861663
9737486935520
8735092560352
7713891476560
6676909317833
5627098611148
4567338776770
3500436128252
2429123872435
1356062109448
283837832708
-785035071080
-1848115821923
-2903036746540
-3947503278362
-4979293957532
-5996260430905
-6996327452048
-7977492881240
-8937827685472
-9875475938447
-10788654820580
-11675654618998
-12534838727540
-13364643646757
-14163578983912
-14930227452980
-15663244874648
-16361360176315
-17023375392092
-17648165662802
-18234679235980
-18781937465873
-19289034813440
-19755138846352
-20179490238992
-20561402772455
-20900263334548
-21195531919790
-21446741629412
-21653498671357
-21815482360280
-21932445117548
-22004212471240
-22030683056147
-22011828613772
-21947693992330
-21838397146748
-21684129138665
-21485154136432
-21241809415112
-20954505356480
-20623725449023
-20250026287940
-19834037575142
-19376462119252
-18878075835605
-18339727746248
-17762339979940
-17146907772152
-16494499465067
-15806256507580
-15083393455298
-14327197970540
-13539030822337
-12720325886432
-11872590145280
-10997403688048
-10096419710615
-9171364515572
-8224037512222
-7256311216580
-6270131251373
-5267516346040
-4250558336732
-3221422166312
-2182345884355
-1135640647148
-83690717690
971046534308
2026040632423
3078687993520
4126311927752
5166162638560
6195417222673
7211179670108
8210480864170
9190278581452
10147457491835
11078829158488
11981132037868
12851031479720
13685119727077
14479915916260
15231866076878
15937343131828
16592646897295
17194004082752
17737568290960
18219420017968
18635566653113
18981942479020
19254408671602
19448753300060
19560691326883
19585864607848
19519841892020
19358118821752
19096117932685
18729188653748
18252607307158
17661577108420
16951228166327
