369616857974273
304587548775076
246104666294242
193801793673764
147323626275859
106325825469544
70474872417212
39447921861208
12932655910405
-9372862173220
-27760334188010
-42511373206052
-53897649786601
-62181038189504
-67613762588624
-70438543285264
-70888742921591
-69188512694060
-65552938566838
-60188187485228
-53291653589093
-45052104426280
-35649827166044
-25256774812472
-14036712417907
-2145363296372
10269444763006
23067633282572
36116726882719
49291707068464
62474866016024
75555660359392
88430564976913
101002926777860
113182818489010
124886892441220
136038234356003
146566217132104
156406354632076
165500155468856
173794976792341
181243878075964
187805474903270
193443792754492
198128120793127
201832865652512
204537405222400
206225942435536
206887359054233
206515069456948
205106874424858
202664814928436
199195025914027
194707590090424
189216391715444
182738970382504
175296374807197
166913016613868
157616524122190
147437596133740
136409855718575
124569704001808
111956173950184
98610784158656
84577392636961
69902050596196
54632856235394
38819808528100
22514661008947
5770775560232
-11357023801508
-28812597138920
-46538634807259
-64476803667812
-82567893301322
-100751962221412
-118968484088009
-137156493920768
-155254734312496
-173201801642576
-190936292290391
-208396948848748
-225522806337302
-242253338415980
-258528603598405
-274289391465320
-289477368878012
-304035226191736
-317906823469139
-331037336693684
-343373403983074
-354863271802676
-365456941178945
-375106313912848
-383765338793288
-391390157810528
-397939252369615
-403373589503804
-407656768087982
-410755165052092
-412638081594557
-413277889395704
-412650176831188
-410733895185416
-407511504864971
-402969121612036
-397096662717818
-389887993235972
-381341072196025
-371458098816800
-360245658719840
-347714870142832
-333881530153031
-318766260860684
-302394655632454
-284797425304844
-266010544397621
-246075397327240
-225038924620268
-202953769126808
-179878422233923
-155877370079060
-131021239763474
-105386945565652
-79057835154737
-52123835803952
-24681600604024
3165345323392
31306458612289
59624031438884
87993045308194
116281024840612
144347891558483
172045817672680
199219079869180
225703913095640
251328364347973
275912146456924
299266491874646
321194006461276
341488523271511
359934956341184
376309154473840
390377755027312
401898037700297
410617778318932
416275102623370
418598340054356
417305877539803
412106013281368
402696810541028
388765951427656
369990590683597
346037209471244
316561469159614
281208065110924
239610580467167
