-31031
-28644
-26334
-24100
-21941
-19856
-17844
-15904
-14035
-12236
-10506
-8844
-7249
-5720
-4256
-2856
-1519
-244
970
2124
3219
4256
5236
6160
7029
7844
8606
9316
9975
10584
11144
11656
12121
12540
12914
13244
13531
13776
13980
14144
14269
14356
14406
14420
14399
14344
14256
14136
13985
13804
13594
13356
13091
12800
12484
12144
11781
11396
10990
10564
10119
9656
9176
8680
8169
7644
7106
6556
5995
5424
4844
4256
3661
3060
2454
1844
1231
616
0
-616
-1231
-1844
-2454
-3060
-3661
-4256
-4844
-5424
-5995
-6556
-7106
-7644
-8169
-8680
-9176
-9656
-10119
-10564
-10990
-11396
-11781
-12144
-12484
-12800
-13091
-13356
-13594
-13804
-13985
-14136
-14256
-14344
-14399
-14420
-14406
-14356
-14269
-14144
-13980
-13776
-13531
-13244
-12914
-12540
-12121
-11656
-11144
-10584
-9975
-9316
-8606
-7844
-7029
-6160
-5236
-4256
-3219
-2124
-970
244
1519
2856
4256
5720
7249
8844
10506
12236
14035
15904
17844
19856
21941
24100
26334
28644
31031
