16951228166327
17661577108420
18252607307158
18729188653748
19096117932685
19358118821752
19519841892020
19585864607848
19560691326883
19448753300060
19254408671602
18981942479020
18635566653113
18219420017968
17737568290960
17194004082752
16592646897295
15937343131828
15231866076878
14479915916260
13685119727077
12851031479720
11981132037868
11078829158488
10147457491835
9190278581452
8210480864170
7211179670108
6195417222673
5166162638560
4126311927752
3078687993520
2026040632423
971046534308
-83690717690
-1135640647148
-2182345884355
-3221422166312
-4250558336732
-5267516346040
-6270131251373
-7256311216580
-8224037512222
-9171364515572
-10096419710615
-10997403688048
-11872590145280
-12720325886432
-13539030822337
-14327197970540
-15083393455298
-15806256507580
-16494499465067
-17146907772152
-17762339979940
-18339727746248
-18878075835605
-19376462119252
-19834037575142
-20250026287940
-20623725449023
-20954505356480
-21241809415112
-21485154136432
-21684129138665
-21838397146748
-21947693992330
-22011828613772
-22030683056147
-22004212471240
-21932445117548
-21815482360280
-21653498671357
-21446741629412
-21195531919790
-20900263334548
-20561402772455
-20179490238992
-19755138846352
-19289034813440
-18781937465873
-18234679235980
-17648165662802
-17023375392092
-16361360176315
-15663244874648
-14930227452980
-14163578983912
-13364643646757
-12534838727540
-11675654618998
-10788654820580
-9875475938447
-8937827685472
-7977492881240
-6996327452048
-5996260430905
-4979293957532
-3947503278362
-2903036746540
-1848115821923
-785035071080
283837832708
1356062109448
2429123872435
3500436128252
4567338776770
5627098611148
6676909317833
7713891476560
8735092560352
9737486935520
10717975861663
11673387491668
12600476871710
13495925941252
14356343533045
15178265373128
15958154080828
16692399168760
17377317042827
18009151002220
18584071239418
19098174840188
19547485783585
19927954941952
20235460080920
20465805859408
20614723829623
20677872437060
20650837020502
20529129812020
20308189936973
19983383414008
19550003155060
19003268965352
18338327543395
17550252480988
16634044263218
15584630268460
14396864768377
13065528927920
11585330805328
9950905352128
8156814413135
6197546726452
4067517923470
1761070528868
-727526039387
-3404075470040
-6274454558548
-9344613207080
-12620574424517
-16108434326452
-19814362135190
-23744600179748
-27905463895855
