1077038608768031
957592241815468
846447690541054
743215740827564
647518290777997
558988204502152
477269165903204
402015532464280
332892189035035
269574401618228
211747671156298
159107587317940
111359682284681
68219284537456
29411372643184
-5329570958656
-36259706169449
-63625981444868
-87666280008298
-108609566064260
-126676031011835
-142077239658088
-155016276431492
-165687891595352
-174278647461229
-180967064602364
-185923768067102
-189311633592316
-191285933816831
-191994484494848
-191577790709368
-190169193085616
-187895014004465
-184874703815860
-181220987052242
-177040008641972
-172431480122755
-167488825855064
-162299329235564
-156944278910536
-151499114989301
-146033575257644
-140611841391238
-135292685169068
-130129614686855
-125171020570480
-120460322189408
-116036113870112
-111932311109497
-108178296788324
-104799067384634
-101815379187172
-99243894508811
-97097327899976
-95384592362068
-94110945560888
-93278136040061
-92884549434460
-92925354683630
-93392650245212
-94275610308367
-95560631007200
-97231476634184
-99269425853584
-101653417914881
-104360198866196
-107364467767714
-110639022905108
-114154908002963
-117881558438200
-121786947453500
-125837732370728
-129999400804357
-134236416874892
-138512367422294
-142790108219404
-147031910185367
-151199605599056
-155254734312496
-159158689964288
-162872866193033
-166358802850756
-169578332216330
-172493725208900
-175067837601307
-177264256233512
-179047445226020
-180382892193304
-181237254457229
-181578505260476
-181376079979966
-180601022340284
-179226130627103
-177226103900608
-174577688208920
-171259822801520
-167253786342673
-162543343124852
-157114889282162
-150957599003764
-144063570747299
-136427973452312
-128049192753676
-118928977195016
-109072584442133
-98488927496428
-87190720908326
-75194626990700
-62521402032295
-49196042511152
-35247931308032
-20710983919840
-5623794673049
9970217062876
26022660662054
42480028028764
59283547384021
76369037052152
93666759247372
111101273860360
128591292244835
146049531004132
163382565777778
180490685028068
197267743826641
213601017641056
229371056121368
244451536886704
258709119311839
272003298313772
284186258138302
295102726146604
304589826601805
312476934455560
318585529134628
322729048327448
324712741770715
324333525035956
321379833316106
315631475212084
306859486519369
294825984014576
279284019242032
259977432300352
236640705629015
208998817794940
176767097279062
139651076262908
97346344415173
49538402678296
-4097482944964
-63896427604952
-130204073818541
-203376737682556
-283781555087198
-371796627929468
-467811170326591
