1233140909
475060740
-215776638
-841911596
-1405846369
-1910045056
-2356933620
-2748899888
-3088293551
-3377426164
-3618571146
-3813963780
-3965801213
-4076242456
-4147408384
-4181381736
-4180207115
-4145890988
-4080401686
-3985669404
-3863586201
-3716006000
-3544744588
-3351579616
-3138250599
-2906458916
-2657867810
-2394102388
-2116749621
-1827358344
-1527439256
-1218464920
-901869763
-579050076
-251364014
79868404
413365295
747882912
1082215644
1415196016
1745694689
2072620460
2394920262
2711579164
3021620371
3324105224
3618133200
3902841912
4177407109
4441042676
4693000634
4932571140
5159082487
5371901104
5570431556
5754116544
5922436905
6074911612
6211097774
6330590636
6433023579
6518068120
6585433912
6634868744
6666158541
6679127364
6673637410
6649589012
6606920639
6545608896
6465668524
6367152400
6250151537
6114795084
5961250326
5789722684
5600455715
5393731112
5169868704
4929226456
4672200469
4399224980
4110772362
3807353124
3489515911
3157847504
2812972820
2455554912
2086294969
1705932316
1315244414
915046860
506193387
89575864
-333875704
-763193176
-1197370275
-1635362588
-2076087566
-2518424524
-2961214641
-3403260960
-3843328388
-4280143696
-4712395519
-5138734356
-5557772570
-5968084388
-6368205901
-6756635064
-7131831696
-7492217480
-7836175963
-8162052556
-8468154534
-8752751036
-9014073065
-9250313488
-9459627036
-9640130304
-9789901751
-9906981700
-9989372338
-10035037716
-10041903749
-10007858216
-9930750760
-9808392888
-9638557971
-9418981244
-9147359806
-8821352620
-8438580513
-7996626176
-7493034164
-6925310896
-6290924655
-5587305588
-4811845706
-3961898884
-3034780861
-2027769240
-938103488
237015064
1500423221
2854995924
4303646250
5849325412
7495022759
9243765776
11098620084
13062689440
15139115737
17331079004
19641797406
22074527244
24632562955
