127 6 5 4 3 2 1 0
191 5 5 4 3 2 1 1
319 5 4 4 3 2 1 2
575 5 4 3 3 2 2 2
1087 5 4 3 2 3 2 2
223 5 4 4 3 2 2 1
351 4 5 3 3 2 2 2
607 4 4 4 2 2 3 2
1119 4 4 3 3 2 3 2
415 5 3 3 3 2 2 3
671 4 4 3 2 2 3 3
1183 4 3 4 2 2 3 3
2207 4 3 3 4 2 2 3
799 5 3 2 2 2 3 4
1311 4 4 2 2 2 3 4
2335 4 3 3 3 2 2 4
1567 5 3 2 1 2 4 4
239 5 4 3 3 3 2 1
367 4 4 4 2 3 2 2
623 4 3 4 3 2 3 2
1135 4 3 3 3 4 2 2
431 4 4 3 2 3 2 3
687 3 5 2 3 2 3 3
1199 3 4 3 2 4 2 3
2223 3 4 2 4 3 3 2
815 4 3 3 2 2 3 4
1327 3 4 3 1 4 2 4
2351 3 3 4 2 3 3 3
1583 4 3 2 2 3 3 4
2607 3 4 2 3 2 4 3
463 5 3 2 2 3 3 3
719 4 3 3 2 2 4 3
1231 4 2 3 3 3 3 3
2255 4 2 2 4 4 3 2
847 4 3 3 1 2 4 4
1359 3 4 2 2 3 3 4
2383 3 3 3 2 4 3 3
1615 4 2 3 2 2 4 4
2639 3 3 3 2 3 4 3
4687 3 2 5 2 2 5 2
911 5 3 1 1 2 4 5
1423 4 3 2 1 3 3 5
2447 4 2 2 3 3 3 4
1679 4 3 2 1 2 4 5
2703 3 4 1 3 2 4 4
3215 4 2 2 3 3 3 4
1807 5 3 1 0 2 4 6
247 5 4 3 3 3 2 1
375 4 4 3 4 2 2 2
631 4 3 3 4 3 2 2
1143 4 3 2 4 4 3 1
439 4 3 4 3 2 2 3
695 3 4 3 3 3 2 3
1207 3 3 4 2 4 3 2
2231 3 3 3 4 3 3 2
823 4 2 3 4 2 2 4
1335 3 3 3 3 3 3 3
2359 3 2 4 4 2 3 3
1591 4 2 2 3 4 3 3
2615 3 3 2 4 3 3 3
471 4 4 2 3 2 3 3
727 3 4 3 2 3 3 3
1239 3 3 3 3 3 4 2
2263 3 3 2 4 4 3 2
855 3 4 2 3 2 3 4
1367 2 5 1 4 2 4 3
2391 2 4 2 4 3 3 3
1623 3 3 2 3 3 4 3
2647 2 4 2 3 4 3 3
4695 2 3 4 3 3 3 3
919 4 3 2 2 2 3 5
1431 3 3 3 2 2 4 4
2455 3 2 3 4 2 3 4
1687 3 3 3 1 3 4 4
2711 2 4 2 3 3 3 4
4759 2 3 4 2 4 2 4
3223 3 2 3 3 3 4 3
1815 4 3 1 2 2 4 5
2839 3 3 2 3 2 3 5
487 5 3 2 2 3 3 3
743 4 3 2 3 3 3 3
1255 4 2 2 3 5 3 2
2279 4 2 1 4 5 4 1
871 4 2 3 3 2 3 4
1383 3 3 2 3 4 3 3
2407 3 2 3 3 4 4 2
1639 4 1 2 4 4 3 3
2663 3 2 2 4 4 4 2
4711 3 1 4 4 3 3 3
3175 4 1 1 4 6 4 1
935 4 3 2 2 2 3 5
1447 3 3 3 1 4 3 4
2471 3 2 3 3 3 4 3
1703 3 3 2 2 4 3 4
2727 2 4 1 4 3 4 3
4775 2 3 3 3 4 2 4
3239 3 2 2 3 5 4 2
5287 2 3 3 2 6 2 3
1831 4 2 2 2 3 3 5
2855 3 2 3 3 2 4 4
4903 3 1 4 4 2 2 5
3367 3 2 3 2 4 4 3
967 5 3 1 1 2 4 5
1479 4 3 1 2 3 4 4
2503 4 2 1 3 4 4 3
1735 4 2 2 2 3 4 4
2759 3 3 1 3 4 4 3
3271 4 1 1 4 5 4 2
1863 4 3 1 2 2 4 5
2887 3 3 2 2 3 4 4
3399 3 3 1 3 4 4 3
251 5 4 4 3 2 2 1
379 4 4 4 3 3 1 2
635 4 3 4 3 3 3 1
1147 4 3 3 3 4 3 1
443 4 3 4 4 2 1 3
699 3 4 3 4 2 3 2
1211 3 3 4 3 3 3 2
2235 3 3 3 5 2 2 3
827 4 2 3 4 3 2 3
1339 3 3 3 3 4 2 3
2363 3 2 4 4 3 1 4
1595 4 2 2 3 4 4 2
2619 3 3 2 4 3 3 3
475 4 3 4 3 2 2 3
731 3 3 5 2 2 4 2
1243 3 2 5 3 2 4 2
2267 3 2 4 4 3 2 3
859 3 3 4 2 3 3 3
1371 2 4 3 3 3 3 3
2395 2 3 4 3 4 1 4
1627 3 2 4 2 3 5 2
2651 2 3 4 2 4 3 3
4699 2 2 6 2 2 5 2
923 4 2 3 3 2 3 4
1435 3 2 4 3 2 3 4
2459 3 1 4 5 2 1 5
1691 3 2 4 2 2 5 3
2715 2 3 3 4 2 3 4
4763 2 2 5 3 2 4 3
3227 3 1 4 4 2 3 4
1819 4 2 2 2 3 4 4
2843 3 2 3 3 3 2 5
3355 3 2 3 3 3 2 5
491 4 4 3 2 3 2 3
747 3 4 3 3 2 4 2
1259 3 3 3 3 4 3 2
2283 3 3 2 4 4 3 2
875 3 3 4 2 3 3 3
1387 2 4 3 2 5 2 3
2411 2 3 4 2 5 2 3
1643 3 2 3 3 4 4 2
2667 2 3 3 3 4 4 2
4715 2 2 5 3 2 5 2
3179 3 2 2 3 6 3 2
939 3 4 2 3 2 3 4
1451 2 4 3 2 4 2 4
2475 2 3 3 4 3 2 4
1707 2 4 2 3 3 4 3
2731 1 5 1 5 2 4 3
4779 1 4 3 4 2 4 3
3243 2 3 2 4 4 3 3
5291 1 4 3 3 4 3 3
1835 3 3 2 2 4 3 4
2859 2 3 3 3 3 3 4
4907 2 2 4 4 2 3 4
3371 2 3 3 2 5 2 4
5419 1 4 3 3 4 2 4
971 4 3 3 1 2 4 4
1483 3 3 3 2 3 3 4
2507 3 2 3 3 4 2 4
1739 3 2 4 2 2 5 3
2763 2 3 3 3 3 4 3
4811 2 2 5 2 2 6 2
3275 3 1 3 4 4 3 3
5323 2 2 4 3 3 5 2
1867 3 3 3 1 3 4 4
2891 2 3 4 1 4 3 4
4939 2 2 5 2 2 5 3
3403 2 3 3 2 5 2 4
5451 1 4 3 3 3 4 3
3659 3 2 3 2 4 4 3
1931 4 3 2 1 2 4 5
499 5 3 3 3 2 2 3
755 4 3 3 3 3 3 2
1267 4 2 3 3 4 4 1
2291 4 2 2 4 4 3 2
883 4 2 3 4 3 2 3
1395 3 3 2 4 4 3 2
2419 3 2 3 4 4 2 3
1651 4 1 2 4 5 4 1
2675 3 2 2 4 5 3 2
4723 3 1 4 4 3 3 3
3187 4 1 1 4 6 4 1
947 4 2 3 4 2 2 4
1459 3 2 4 3 3 3 3
2483 3 1 4 5 2 2 4
1715 3 2 3 3 4 4 2
2739 2 3 2 5 3 3 3
4787 2 2 4 4 3 2 4
3251 3 1 3 4 4 4 2
5299 2 2 4 3 4 3 3
1843 4 1 2 4 4 3 3
2867 3 1 3 5 3 2 4
4915 3 0 4 6 2 1 5
3379 3 1 3 4 4 3 3
5427 2 2 3 5 3 2 4
979 4 3 3 2 2 3 4
1491 3 3 3 3 2 4 3
2515 3 2 3 4 3 2 4
1747 3 2 4 2 3 5 2
2771 2 3 3 3 4 3 3
4819 2 2 5 2 3 4 3
3283 3 1 3 4 4 4 2
5331 2 2 4 3 3 5 2
1875 3 3 2 3 3 4 3
2899 2 3 3 3 4 2 4
4947 2 2 4 4 2 3 4
3411 2 3 2 4 4 3 3
5459 1 4 2 5 2 4 3
3667 3 2 2 3 5 4 2
1939 4 2 3 2 2 4 4
2963 3 2 3 4 2 2 5
3475 3 1 4 4 2 3 4
3731 3 2 3 3 3 4 3
995 5 3 2 2 2 3 4
1507 4 3 2 2 4 3 3
2531 4 2 2 3 4 3 3
1763 4 2 2 3 4 4 2
2787 3 3 1 4 4 4 2
1891 4 2 2 3 4 3 3
2915 3 2 3 3 4 3 3
1955 4 3 2 2 3 3 4
2979 3 3 2 4 2 3 4
253 5 5 4 3 2 1 1
381 4 5 4 3 2 2 1
637 4 4 4 3 2 3 1
1149 4 4 3 3 3 2 2
445 4 4 4 3 3 1 2
701 3 5 3 3 3 2 2
1213 3 4 4 2 4 1 3
2237 3 4 3 4 2 2 3
829 4 3 3 3 3 3 2
1341 3 4 3 2 4 2 3
2365 3 3 4 3 2 3 3
1597 4 3 2 2 4 3 3
2621 3 4 2 3 2 4 3
477 4 4 3 4 2 2 2
733 3 4 4 3 2 3 2
1245 3 3 4 4 2 2 3
2269 3 3 3 5 2 2 3
861 3 4 3 3 2 4 2
1373 2 5 2 4 2 3 3
2397 2 4 3 4 2 3 3
1629 3 3 3 3 2 4 3
2653 2 4 3 3 2 4 3
4701 2 3 5 2 2 5 2
925 4 3 2 3 3 3 3
1437 3 3 3 3 3 2 4
2461 3 2 3 5 2 2 4
1693 3 3 3 2 3 3 4
2717 2 4 2 4 2 3 4
4765 2 3 4 2 4 3 3
3229 3 2 3 4 2 2 5
1821 4 3 1 2 3 4 4
2845 3 3 2 3 2 4 4
3357 3 3 2 3 2 3 5
493 4 4 4 2 3 2 2
749 3 4 4 3 2 3 2
1261 3 3 4 3 4 1 3
2285 3 3 3 4 3 3 2
877 3 3 5 2 2 4 2
1389 2 4 4 2 4 2 3
2413 2 3 5 2 3 4 2
1645 3 2 4 3 3 3 3
2669 2 3 4 3 2 5 2
4717 2 2 6 2 2 5 2
3181 3 2 3 3 4 3 3
941 3 4 3 2 3 3 3
1453 2 4 4 1 5 1 4
2477 2 3 4 3 3 3 3
1709 2 4 3 2 4 2 4
2733 1 5 2 4 2 4 3
4781 1 4 4 2 4 3 3
3245 2 3 3 3 4 2 4
5293 1 4 4 1 6 1 4
1837 3 3 3 1 4 3 4
2861 2 3 4 2 2 5 3
4909 2 2 5 2 3 4 3
3373 2 3 4 1 4 3 4
5421 1 4 4 1 5 2 4
973 4 3 3 2 2 4 3
1485 3 3 3 3 3 2 4
2509 3 2 3 4 3 3 3
1741 3 2 4 3 2 3 4
2765 2 3 3 4 2 4 3
4813 2 2 5 2 3 5 2
3277 3 1 3 5 3 2 4
5325 2 2 4 3 4 3 3
1869 3 3 3 2 2 4 4
2893 2 3 4 2 2 5 3
4941 2 2 5 2 2 6 2
3405 2 3 3 3 3 3 4
5453 1 4 3 3 3 4 3
3661 3 2 3 3 2 4 4
1933 4 3 2 1 3 3 5
2957 3 3 2 3 2 4 4
501 4 5 3 3 2 2 2
757 3 5 3 3 3 2 2
1269 3 4 3 3 4 2 2
2293 3 4 2 4 3 3 2
885 3 4 3 4 2 3 2
1397 2 5 2 4 3 3 2
2421 2 4 3 4 2 4 2
1653 3 3 2 4 4 3 2
2677 2 4 2 4 3 4 2
4725 2 3 4 3 3 3 3
3189 3 3 1 4 4 4 2
949 3 4 3 3 3 2 3
1461 2 4 4 2 4 2 3
2485 2 3 4 4 2 3 3
1717 2 4 3 2 5 2 3
2741 1 5 2 4 3 3 3
4789 1 4 4 2 5 1 4
3253 2 3 3 3 4 3 3
5301 1 4 4 1 6 1 4
1845 3 3 2 3 4 3 3
2869 2 3 3 4 2 4 3
4917 2 2 4 4 3 2 4
3381 2 3 3 3 3 4 3
5429 1 4 3 3 4 2 4
981 3 5 2 3 2 3 3
1493 2 5 2 4 2 3 3
2517 2 4 2 5 2 3 3
1749 2 4 3 3 3 3 3
2773 1 5 2 4 3 3 3
4821 1 4 4 2 4 3 3
3285 2 3 2 5 3 3 3
5333 1 4 3 3 4 3 3
1877 2 5 1 4 2 4 3
2901 1 5 2 4 2 4 3
4949 1 4 3 4 2 4 3
3413 1 5 1 5 2 4 3
5461 0 6 1 5 2 4 3
3669 2 4 1 4 3 4 3
1941 3 4 2 2 3 3 4
2965 2 4 2 4 2 3 4
5013 2 3 3 3 4 2 4
3477 2 3 3 4 2 3 4
3733 2 4 2 3 3 3 4
997 4 4 3 2 2 3 3
1509 3 4 3 2 4 2 3
2533 3 3 3 3 3 4 2
1765 3 3 3 3 4 2 3
2789 2 4 2 4 3 4 2
4837 2 3 4 2 4 3 3
3301 3 2 2 4 5 3 2
1893 3 3 3 3 3 3 3
2917 2 3 4 3 2 5 2
4965 2 2 5 3 2 4 3
3429 2 3 3 3 4 4 2
3685 3 2 2 4 4 4 2
1957 3 4 3 1 4 2 4
2981 2 4 3 3 2 4 3
5029 2 3 4 2 4 2 4
3493 2 3 4 2 4 3 3
3749 2 4 2 3 4 3 3
3877 3 3 3 2 3 4 3
1989 4 4 2 2 2 3 4
505 5 4 4 3 2 1 2
761 4 4 4 3 2 3 1
1273 4 3 4 3 3 2 2
2297 4 3 3 4 2 2 3
889 4 3 4 3 3 3 1
1401 3 4 3 3 4 2 2
2425 3 3 4 3 3 2 3
1657 4 2 3 3 4 4 1
2681 3 3 3 3 3 4 2
3193 4 2 2 3 4 3 3
953 4 3 3 4 3 2 2
1465 3 3 4 3 4 1 3
2489 3 2 4 5 2 1 4
1721 3 3 3 3 4 3 2
2745 2 4 2 5 2 3 3
3257 3 2 3 4 3 2 4
1849 4 2 2 3 5 3 2
2873 3 2 3 4 3 3 3
3385 3 2 3 3 4 2 4
3641 4 2 1 3 4 4 3
985 4 3 4 3 2 3 2
1497 3 3 4 4 2 2 3
2521 3 2 4 5 2 1 4
1753 3 2 5 3 2 4 2
2777 2 3 4 4 2 3 3
3289 3 1 4 5 2 2 4
1881 3 3 3 3 3 4 2
2905 2 3 4 3 3 3 3
3417 2 3 3 4 3 2 4
3673 3 2 3 3 3 4 3
1945 4 2 3 3 3 3 3
2969 3 2 3 5 2 2 4
3481 3 1 4 5 2 1 5
3737 3 2 3 4 2 3 4
1001 4 4 4 2 2 3 2
1513 3 4 4 2 4 1 3
2537 3 3 4 3 3 2 3
1769 3 3 4 3 3 3 2
2793 2 4 3 4 2 4 2
3305 3 2 3 4 4 2 3
1897 3 3 4 2 4 3 2
2921 2 3 5 2 3 4 2
3433 2 3 4 2 5 2 3
3689 3 2 3 3 4 4 2
1961 3 4 3 2 4 2 3
2985 2 4 3 4 2 3 3
3497 2 3 4 3 4 1 4
3753 2 4 2 4 3 3 3
3881 3 3 3 2 4 3 3
1993 4 3 4 2 2 3 3
3017 3 3 4 3 2 3 3
3529 3 2 4 4 3 1 4
3785 3 2 4 4 2 3 3
3913 3 3 4 2 3 3 3
1009 5 4 3 3 2 2 2
1521 4 4 3 3 3 2 2
1777 4 3 3 3 4 3 1
1905 4 3 2 4 4 3 1
1969 4 3 3 3 4 2 2
2001 4 4 3 3 2 3 2
