13 36 42 252
7 4 6 7 8 10 11 12
6 0 1 4 6 7 9
6 0 2 3 5 8 9
7 1 6 7 8 10 11 12
7 3 6 7 9 10 11 12
6 0 1 3 5 7 8
6 0 1 2 4 7 9
6 0 2 5 7 8 9
7 1 2 5 9 10 11 12
7 1 2 7 8 10 11 12
7 3 5 7 8 10 11 12
6 0 1 2 3 6 9
6 0 3 6 7 8 9
7 1 2 4 6 10 11 12
7 2 4 7 8 10 11 12
6 0 1 2 4 6 7
6 0 1 3 5 6 7
7 1 2 5 7 10 11 12
7 3 5 8 9 10 11 12
6 0 1 3 5 6 9
6 0 3 4 6 8 9
7 2 4 8 9 10 11 12
7 4 5 7 8 10 11 12
6 0 1 2 4 6 9
6 0 3 5 7 8 9
7 1 2 4 5 10 11 12
7 2 4 6 9 10 11 12
6 0 1 2 4 5 8
6 0 3 4 6 7 8
6 0 3 4 5 6 9
7 3 5 6 8 10 11 12
7 1 3 4 6 10 11 12
7 2 3 5 8 10 11 12
6 0 1 2 3 5 9
6 0 2 3 4 5 9
7 1 4 6 7 10 11 12
0 1
0 2
3 1
3 2
4 5
4 6
4 7
8 5
8 6
8 7
9 5
9 6
9 7
10 11
10 12
13 11
13 12
14 15
14 16
17 15
17 16
18 19
18 20
21 19
21 20
22 23
22 24
25 23
25 24
26 27
26 28
26 29
30 27
30 28
30 29
31 27
31 28
31 29
32 33
32 34
35 33
35 34
0 0 7 53 10 1
1 0 8 53 10 1
2 0 9 53 10 1
3 0 10 53 10 1
4 0 11 53 10 1
5 0 12 53 10 1
6 1 7 53 10 1
7 1 8 53 10 1
8 1 9 53 10 1
9 1 10 53 10 1
10 1 11 53 10 1
11 1 12 53 10 1
12 2 7 53 10 1
13 2 8 53 10 1
14 2 9 53 10 1
15 2 10 53 10 1
16 2 11 53 10 1
17 2 12 53 10 1
18 3 7 53 10 1
19 3 8 53 10 1
20 3 9 53 10 1
21 3 10 53 10 1
22 3 11 53 10 1
23 3 12 53 10 1
24 4 7 53 10 1
25 4 8 53 10 1
26 4 9 53 10 1
27 4 10 53 10 1
28 4 11 53 10 1
29 4 12 53 10 1
30 5 7 53 10 1
31 5 8 53 10 1
32 5 9 53 10 1
33 5 10 53 10 1
34 5 11 53 10 1
35 5 12 53 10 1
36 6 7 53 10 1
37 6 8 53 10 1
38 6 9 53 10 1
39 6 10 53 10 1
40 6 11 53 10 1
41 6 12 53 10 1
42 7 7 53 10 1
43 7 8 53 10 1
44 7 9 53 10 1
45 7 10 53 10 1
46 7 11 53 10 1
47 7 12 53 10 1
48 8 7 53 10 1
49 8 8 53 10 1
50 8 9 53 10 1
51 8 10 53 10 1
52 8 11 53 10 1
53 8 12 53 10 1
54 9 7 53 10 1
55 9 8 53 10 1
56 9 9 53 10 1
57 9 10 53 10 1
58 9 11 53 10 1
59 9 12 53 10 1
60 10 7 53 10 1
61 10 8 53 10 1
62 10 9 53 10 1
63 10 10 53 10 1
64 10 11 53 10 1
65 10 12 53 10 1
66 11 7 53 10 1
67 11 8 53 10 1
68 11 9 53 10 1
69 11 10 53 10 1
70 11 11 53 10 1
71 11 12 53 10 1
72 12 7 53 10 1
73 12 8 53 10 1
74 12 9 53 10 1
75 12 10 53 10 1
76 12 11 53 10 1
77 12 12 53 10 1
78 13 7 53 10 1
79 13 8 53 10 1
80 13 9 53 10 1
81 13 10 53 10 1
82 13 11 53 10 1
83 13 12 53 10 1
84 14 7 53 10 1
85 14 8 53 10 1
86 14 9 53 10 1
87 14 10 53 10 1
88 14 11 53 10 1
89 14 12 53 10 1
90 15 7 53 10 1
91 15 8 53 10 1
92 15 9 53 10 1
93 15 10 53 10 1
94 15 11 53 10 1
95 15 12 53 10 1
96 16 7 53 10 1
97 16 8 53 10 1
98 16 9 53 10 1
99 16 10 53 10 1
100 16 11 53 10 1
101 16 12 53 10 1
102 17 7 53 10 1
103 17 8 53 10 1
104 17 9 53 10 1
105 17 10 53 10 1
106 17 11 53 10 1
107 17 12 53 10 1
108 18 7 53 10 1
109 18 8 53 10 1
110 18 9 53 10 1
111 18 10 53 10 1
112 18 11 53 10 1
113 18 12 53 10 1
114 19 7 53 10 1
115 19 8 53 10 1
116 19 9 53 10 1
117 19 10 53 10 1
118 19 11 53 10 1
119 19 12 53 10 1
120 20 7 53 10 1
121 20 8 53 10 1
122 20 9 53 10 1
123 20 10 53 10 1
124 20 11 53 10 1
125 20 12 53 10 1
126 21 7 53 10 1
127 21 8 53 10 1
128 21 9 53 10 1
129 21 10 53 10 1
130 21 11 53 10 1
131 21 12 53 10 1
132 22 7 53 10 1
133 22 8 53 10 1
134 22 9 53 10 1
135 22 10 53 10 1
136 22 11 53 10 1
137 22 12 53 10 1
138 23 7 53 10 1
139 23 8 53 10 1
140 23 9 53 10 1
141 23 10 53 10 1
142 23 11 53 10 1
143 23 12 53 10 1
144 24 7 53 10 1
145 24 8 53 10 1
146 24 9 53 10 1
147 24 10 53 10 1
148 24 11 53 10 1
149 24 12 53 10 1
150 25 7 53 10 1
151 25 8 53 10 1
152 25 9 53 10 1
153 25 10 53 10 1
154 25 11 53 10 1
155 25 12 53 10 1
156 26 7 53 10 1
157 26 8 53 10 1
158 26 9 53 10 1
159 26 10 53 10 1
160 26 11 53 10 1
161 26 12 53 10 1
162 27 7 53 10 1
163 27 8 53 10 1
164 27 9 53 10 1
165 27 10 53 10 1
166 27 11 53 10 1
167 27 12 53 10 1
168 28 7 53 10 1
169 28 8 53 10 1
170 28 9 53 10 1
171 28 10 53 10 1
172 28 11 53 10 1
173 28 12 53 10 1
174 29 7 53 10 1
175 29 8 53 10 1
176 29 9 53 10 1
177 29 10 53 10 1
178 29 11 53 10 1
179 29 12 53 10 1
180 30 7 53 10 1
181 30 8 53 10 1
182 30 9 53 10 1
183 30 10 53 10 1
184 30 11 53 10 1
185 30 12 53 10 1
186 31 7 53 10 1
187 31 8 53 10 1
188 31 9 53 10 1
189 31 10 53 10 1
190 31 11 53 10 1
191 31 12 53 10 1
192 32 7 53 10 1
193 32 8 53 10 1
194 32 9 53 10 1
195 32 10 53 10 1
196 32 11 53 10 1
197 32 12 53 10 1
198 33 7 53 10 1
199 33 8 53 10 1
200 33 9 53 10 1
201 33 10 53 10 1
202 33 11 53 10 1
203 33 12 53 10 1
204 34 7 53 10 1
205 34 8 53 10 1
206 34 9 53 10 1
207 34 10 53 10 1
208 34 11 53 10 1
209 34 12 53 10 1
210 35 7 53 10 1
211 35 8 53 10 1
212 35 9 53 10 1
213 35 10 53 10 1
214 35 11 53 10 1
215 35 12 53 10 1
216 36 7 53 10 1
217 36 8 53 10 1
218 36 9 53 10 1
219 36 10 53 10 1
220 36 11 53 10 1
221 36 12 53 10 1
222 37 7 53 10 1
223 37 8 53 10 1
224 37 9 53 10 1
225 37 10 53 10 1
226 37 11 53 10 1
227 37 12 53 10 1
228 38 7 53 10 1
229 38 8 53 10 1
230 38 9 53 10 1
231 38 10 53 10 1
232 38 11 53 10 1
233 38 12 53 10 1
234 39 7 53 10 1
235 39 8 53 10 1
236 39 9 53 10 1
237 39 10 53 10 1
238 39 11 53 10 1
239 39 12 53 10 1
240 40 7 53 10 1
241 40 8 53 10 1
242 40 9 53 10 1
243 40 10 53 10 1
244 40 11 53 10 1
245 40 12 53 10 1
246 41 7 53 10 1
247 41 8 53 10 1
248 41 9 53 10 1
249 41 10 53 10 1
250 41 11 53 10 1
251 41 12 53 10 1
