15 164 172 1204
8 1 3 8 9 11 12 13 14
7 0 1 2 5 8 9 11
7 0 2 3 6 9 10 11
8 1 2 7 9 11 12 13 14
8 2 3 8 10 11 12 13 14
7 0 1 3 5 8 9 11
7 0 2 3 6 8 10 11
8 1 6 7 10 11 12 13 14
8 3 6 8 9 10 12 13 14
7 0 1 3 6 7 8 10
7 0 2 3 4 7 9 10
8 1 4 8 9 10 12 13 14
8 3 6 8 9 11 12 13 14
7 0 1 5 7 8 9 11
8 1 2 4 7 11 12 13 14
8 2 4 8 10 11 12 13 14
7 0 1 3 6 7 8 11
7 0 3 4 5 8 10 11
8 1 5 7 10 11 12 13 14
8 3 5 8 9 11 12 13 14
7 0 2 3 4 7 8 10
7 0 2 3 6 7 8 10
8 1 2 5 7 11 12 13 14
8 1 3 4 9 10 12 13 14
8 1 2 7 8 10 12 13 14
8 2 4 7 8 10 12 13 14
7 0 1 2 3 4 8 11
8 1 3 4 7 9 12 13 14
8 1 6 8 9 10 12 13 14
7 0 1 2 5 8 10 11
7 0 1 3 6 9 10 11
8 3 6 8 10 11 12 13 14
7 0 1 2 5 7 8 11
7 0 1 2 4 7 10 11
7 0 3 4 6 9 10 11
7 0 1 4 7 9 10 11
8 1 3 6 10 11 12 13 14
8 1 2 7 9 10 12 13 14
7 0 1 2 4 6 9 10
7 0 1 4 6 8 9 10
8 1 2 4 9 10 12 13 14
8 2 6 7 9 11 12 13 14
7 0 1 4 6 7 8 10
7 0 2 3 4 6 9 10
8 1 3 4 8 11 12 13 14
8 5 6 8 9 11 12 13 14
7 0 1 3 5 7 10 11
7 0 1 4 6 8 10 11
8 1 2 4 5 11 12 13 14
8 3 5 9 10 11 12 13 14
7 0 1 4 5 7 10 12
7 0 2 3 6 7 10 12
8 1 6 7 9 10 12 13 14
7 0 1 2 5 6 8 10
7 0 2 4 5 8 9 10
8 1 2 4 5 10 12 13 14
8 1 3 6 9 10 12 13 14
7 0 1 5 6 7 8 10
7 0 2 3 4 5 9 10
8 1 2 5 8 10 12 13 14
8 3 5 8 10 11 12 13 14
7 0 2 3 6 7 8 11
7 0 3 4 5 8 9 11
8 1 4 6 10 11 12 13 14
8 2 5 7 10 11 12 13 14
7 0 1 2 4 5 9 11
7 0 1 3 4 5 9 11
8 2 4 7 10 11 12 13 14
8 4 6 7 9 10 12 13 14
8 1 2 4 5 7 12 13 14
8 3 4 8 10 11 12 13 14
7 0 2 3 5 7 8 11
7 0 3 4 6 8 9 11
7 0 1 2 4 6 9 12
7 0 2 4 5 6 9 12
8 1 5 6 10 11 12 13 14
8 4 5 8 9 11 12 13 14
7 0 1 3 4 6 8 10
7 0 2 4 6 7 9 10
8 1 2 5 6 11 12 13 14
8 3 6 7 9 11 12 13 14
7 0 1 2 4 5 8 10
7 0 2 5 6 8 9 10
8 1 3 4 7 11 12 13 14
8 2 5 7 9 11 12 13 14
7 0 1 2 3 6 7 10
7 0 3 4 7 8 9 10
8 1 3 5 8 11 12 13 14
8 1 4 6 9 10 12 13 14
7 0 1 2 5 6 7 9
7 0 2 3 4 7 8 9
8 1 2 5 7 10 12 13 14
8 3 5 7 8 10 11 13 14
8 1 3 7 8 10 11 13 14
8 3 6 7 8 10 12 13 14
7 0 1 3 4 6 8 9
7 0 1 3 5 6 8 9
7 0 1 2 3 5 8 11
7 0 3 6 8 9 10 11
8 2 6 7 8 10 12 13 14
8 1 4 5 9 10 12 13 14
7 0 1 2 4 6 7 9
7 0 2 3 5 7 8 9
8 1 2 6 7 10 12 13 14
8 2 3 4 9 11 12 13 14
7 0 2 4 5 7 8 11
7 0 3 4 6 7 9 11
8 1 6 7 8 11 12 13 14
8 3 4 7 9 11 12 13 14
7 0 2 3 4 5 8 11
7 0 3 6 7 8 9 11
8 1 3 6 7 11 12 13 14
8 2 3 6 8 9 11 13 14
7 0 1 2 4 6 7 8
8 1 4 5 8 9 11 13 14
8 2 4 6 8 9 12 13 14
7 0 1 2 3 4 7 10
7 0 3 6 7 8 9 10
8 2 3 5 7 9 12 13 14
8 2 3 5 9 11 12 13 14
7 0 1 3 4 5 8 10
7 0 2 5 6 7 9 10
8 1 5 7 8 11 12 13 14
8 3 5 7 8 11 12 13 14
7 0 3 4 5 6 8 11
7 0 3 5 6 7 8 11
8 2 3 5 7 11 12 13 14
8 3 4 6 9 10 12 13 14
7 0 1 2 4 5 7 9
7 0 2 4 5 7 8 9
8 3 5 6 8 9 12 13 14
8 1 2 5 7 8 12 13 14
8 2 3 5 6 8 12 13 14
8 3 4 6 7 9 12 13 14
7 0 2 3 4 5 7 11
8 2 4 5 7 8 12 13 14
8 5 6 7 9 10 12 13 14
7 0 1 3 5 6 9 11
7 0 2 5 6 8 10 11
8 1 5 6 9 11 12 13 14
7 0 1 2 4 6 7 10
7 0 3 4 6 8 9 10
7 0 2 5 6 7 8 11
7 0 3 4 5 6 9 11
8 1 4 5 9 11 12 13 14
8 2 4 5 9 10 12 13 14
7 0 1 3 5 6 7 9
7 0 2 3 4 6 8 9
8 1 2 6 7 9 12 13 14
8 2 3 4 6 10 12 13 14
7 0 1 2 4 5 7 10
7 0 3 5 6 8 9 10
8 2 4 5 9 11 12 13 14
7 0 1 2 4 5 7 11
7 0 2 3 5 6 7 11
8 1 5 6 8 11 12 13 14
8 2 4 6 7 10 12 13 14
7 0 1 4 5 6 7 9
7 0 2 3 4 5 8 9
8 1 4 5 7 9 12 13 14
8 3 4 6 7 10 12 13 14
7 0 2 4 5 6 7 10
7 0 3 4 5 6 8 10
8 1 4 5 7 8 12 13 14
0 1
0 2
3 1
3 2
4 5
4 6
7 5
7 6
8 9
8 10
11 9
11 10
12 13
14 13
15 16
15 17
18 16
18 17
19 20
19 21
22 20
22 21
23 20
23 21
24 20
24 21
25 26
27 26
28 29
28 30
31 32
31 33
31 34
31 35
36 32
36 33
36 34
36 35
37 38
37 39
40 38
40 39
41 42
41 43
44 42
44 43
45 46
45 47
48 46
48 47
49 50
49 51
52 53
52 54
55 53
55 54
56 57
56 58
59 57
59 58
60 61
60 62
63 61
63 62
64 65
64 66
67 65
67 66
68 65
68 66
69 65
69 66
70 71
70 72
70 73
70 74
75 71
75 72
75 73
75 74
76 77
76 78
79 77
79 78
80 81
80 82
83 81
83 82
84 85
84 86
87 85
87 86
88 89
88 90
91 89
91 90
92 89
92 90
93 89
93 90
94 95
94 96
94 97
94 98
99 95
99 96
99 97
99 98
100 101
100 102
103 101
103 102
104 105
104 106
107 105
107 106
108 109
108 110
111 109
111 110
112 113
114 113
115 116
115 117
118 116
118 117
119 120
119 121
122 120
122 121
123 124
123 125
126 124
126 125
127 128
127 129
130 128
130 129
131 128
131 129
132 128
132 129
133 134
135 134
136 137
136 138
139 140
139 141
139 142
139 143
144 140
144 141
144 142
144 143
145 146
145 147
148 146
148 147
149 150
149 151
152 153
152 154
155 153
155 154
156 157
156 158
159 157
159 158
160 161
160 162
163 161
163 162
0 0 8 31 7 1
1 0 9 31 7 1
2 0 10 31 7 1
3 0 11 31 7 1
4 0 12 31 7 1
5 0 13 31 7 1
6 0 14 31 7 1
7 1 8 31 7 1
8 1 9 31 7 1
9 1 10 31 7 1
10 1 11 31 7 1
11 1 12 31 7 1
12 1 13 31 7 1
13 1 14 31 7 1
14 2 8 31 7 1
15 2 9 31 7 1
16 2 10 31 7 1
17 2 11 31 7 1
18 2 12 31 7 1
19 2 13 31 7 1
20 2 14 31 7 1
21 3 8 31 7 1
22 3 9 31 7 1
23 3 10 31 7 1
24 3 11 31 7 1
25 3 12 31 7 1
26 3 13 31 7 1
27 3 14 31 7 1
28 4 8 31 7 1
29 4 9 31 7 1
30 4 10 31 7 1
31 4 11 31 7 1
32 4 12 31 7 1
33 4 13 31 7 1
34 4 14 31 7 1
35 5 8 31 7 1
36 5 9 31 7 1
37 5 10 31 7 1
38 5 11 31 7 1
39 5 12 31 7 1
40 5 13 31 7 1
41 5 14 31 7 1
42 6 8 31 7 1
43 6 9 31 7 1
44 6 10 31 7 1
45 6 11 31 7 1
46 6 12 31 7 1
47 6 13 31 7 1
48 6 14 31 7 1
49 7 8 31 7 1
50 7 9 31 7 1
51 7 10 31 7 1
52 7 11 31 7 1
53 7 12 31 7 1
54 7 13 31 7 1
55 7 14 31 7 1
56 8 10 31 7 1
57 8 11 31 7 1
58 8 12 31 7 1
59 8 13 31 7 1
60 8 14 31 7 1
61 9 10 31 7 1
62 9 11 31 7 1
63 9 12 31 7 1
64 9 13 31 7 1
65 9 14 31 7 1
66 10 8 31 7 1
67 10 9 31 7 1
68 10 10 31 7 1
69 10 11 31 7 1
70 10 12 31 7 1
71 11 8 31 7 1
72 11 9 31 7 1
73 11 10 31 7 1
74 11 11 31 7 1
75 11 12 31 7 1
76 12 8 31 7 1
77 12 9 31 7 1
78 12 10 31 7 1
79 12 11 31 7 1
80 12 12 31 7 1
81 12 13 31 7 1
82 12 14 31 7 1
83 13 8 31 7 1
84 13 9 31 7 1
85 13 10 31 7 1
86 13 11 31 7 1
87 13 12 31 7 1
88 13 13 31 7 1
89 13 14 31 7 1
90 14 8 31 7 1
91 14 9 31 7 1
92 14 10 31 7 1
93 14 11 31 7 1
94 14 12 31 7 1
95 14 13 31 7 1
96 14 14 31 7 1
97 15 8 31 7 1
98 15 9 31 7 1
99 15 10 31 7 1
100 15 11 31 7 1
101 15 12 31 7 1
102 15 13 31 7 1
103 15 14 31 7 1
104 16 8 31 7 1
105 16 9 31 7 1
106 16 10 31 7 1
107 16 11 31 7 1
108 16 12 31 7 1
109 16 13 31 7 1
110 16 14 31 7 1
111 17 8 31 7 1
112 17 9 31 7 1
113 17 10 31 7 1
114 17 11 31 7 1
115 17 12 31 7 1
116 17 13 31 7 1
117 17 14 31 7 1
118 18 8 31 7 1
119 18 9 31 7 1
120 18 10 31 7 1
121 18 11 31 7 1
122 18 12 31 7 1
123 18 13 31 7 1
124 18 14 31 7 1
125 19 8 31 7 1
126 19 9 31 7 1
127 19 10 31 7 1
128 19 11 31 7 1
129 19 12 31 7 1
130 19 13 31 7 1
131 19 14 31 7 1
132 20 8 31 7 1
133 20 9 31 7 1
134 20 10 31 7 1
135 20 11 31 7 1
136 20 12 31 7 1
137 20 13 31 7 1
138 20 14 31 7 1
139 21 8 31 7 1
140 21 9 31 7 1
141 21 10 31 7 1
142 21 11 31 7 1
143 21 12 31 7 1
144 21 13 31 7 1
145 21 14 31 7 1
146 22 8 31 7 1
147 22 9 31 7 1
148 22 10 31 7 1
149 22 11 31 7 1
150 22 12 31 7 1
151 22 13 31 7 1
152 22 14 31 7 1
153 23 8 31 7 1
154 23 9 31 7 1
155 23 10 31 7 1
156 23 11 31 7 1
157 23 12 31 7 1
158 23 13 31 7 1
159 23 14 31 7 1
160 24 8 31 7 1
161 24 9 31 7 1
162 24 10 31 7 1
163 24 11 31 7 1
164 24 12 31 7 1
165 24 13 31 7 1
166 24 14 31 7 1
167 25 8 31 7 1
168 25 9 31 7 1
169 25 10 31 7 1
170 25 11 31 7 1
171 25 12 31 7 1
172 25 13 31 7 1
173 25 14 31 7 1
174 26 8 31 7 1
175 26 9 31 7 1
176 26 10 31 7 1
177 26 11 31 7 1
178 26 12 31 7 1
179 26 13 31 7 1
180 26 14 31 7 1
181 27 8 31 7 1
182 27 9 31 7 1
183 27 10 31 7 1
184 27 11 31 7 1
185 27 12 31 7 1
186 27 13 31 7 1
187 27 14 31 7 1
188 28 8 31 7 1
189 28 9 31 7 1
190 28 10 31 7 1
191 28 11 31 7 1
192 28 12 31 7 1
193 28 13 31 7 1
194 28 14 31 7 1
195 29 8 31 7 1
196 29 9 31 7 1
197 29 10 31 7 1
198 29 11 31 7 1
199 29 12 31 7 1
200 29 13 31 7 1
201 29 14 31 7 1
202 30 8 31 7 1
203 30 9 31 7 1
204 30 10 31 7 1
205 30 11 31 7 1
206 30 12 31 7 1
207 30 13 31 7 1
208 30 14 31 7 1
209 31 8 31 7 1
210 31 9 31 7 1
211 31 10 31 7 1
212 31 11 31 7 1
213 31 12 31 7 1
214 31 13 31 7 1
215 31 14 31 7 1
216 32 8 31 7 1
217 32 9 31 7 1
218 32 10 31 7 1
219 32 11 31 7 1
220 32 12 31 7 1
221 32 13 31 7 1
222 32 14 31 7 1
223 33 8 31 7 1
224 33 9 31 7 1
225 33 10 31 7 1
226 33 11 31 7 1
227 33 12 31 7 1
228 33 13 31 7 1
229 33 14 31 7 1
230 34 8 31 7 1
231 34 9 31 7 1
232 34 10 31 7 1
233 34 11 31 7 1
234 34 12 31 7 1
235 34 13 31 7 1
236 34 14 31 7 1
237 35 8 31 7 1
238 35 9 31 7 1
239 35 10 31 7 1
240 35 11 31 7 1
241 35 12 31 7 1
242 35 13 31 7 1
243 35 14 31 7 1
244 36 8 31 7 1
245 36 9 31 7 1
246 36 10 31 7 1
247 36 11 31 7 1
248 36 12 31 7 1
249 36 13 31 7 1
250 36 14 31 7 1
251 37 8 31 7 1
252 37 9 31 7 1
253 37 10 31 7 1
254 37 11 31 7 1
255 37 12 31 7 1
256 37 13 31 7 1
257 37 14 31 7 1
258 38 8 31 7 1
259 38 9 31 7 1
260 38 10 31 7 1
261 38 11 31 7 1
262 38 12 31 7 1
263 38 13 31 7 1
264 38 14 31 7 1
265 39 8 31 7 1
266 39 9 31 7 1
267 39 10 31 7 1
268 39 11 31 7 1
269 39 12 31 7 1
270 39 13 31 7 1
271 39 14 31 7 1
272 40 8 31 7 1
273 40 9 31 7 1
274 40 10 31 7 1
275 40 11 31 7 1
276 40 12 31 7 1
277 40 13 31 7 1
278 40 14 31 7 1
279 41 8 31 7 1
280 41 9 31 7 1
281 41 10 31 7 1
282 41 11 31 7 1
283 41 12 31 7 1
284 41 13 31 7 1
285 41 14 31 7 1
286 42 8 31 7 1
287 42 9 31 7 1
288 42 10 31 7 1
289 42 11 31 7 1
290 42 12 31 7 1
291 42 13 31 7 1
292 42 14 31 7 1
293 43 8 31 7 1
294 43 9 31 7 1
295 43 10 31 7 1
296 43 11 31 7 1
297 43 12 31 7 1
298 43 13 31 7 1
299 43 14 31 7 1
300 44 8 31 7 1
301 44 9 31 7 1
302 44 10 31 7 1
303 44 11 31 7 1
304 44 12 31 7 1
305 44 13 31 7 1
306 44 14 31 7 1
307 45 8 31 7 1
308 45 9 31 7 1
309 45 10 31 7 1
310 45 11 31 7 1
311 45 12 31 7 1
312 45 13 31 7 1
313 45 14 31 7 1
314 46 8 31 7 1
315 46 9 31 7 1
316 46 10 31 7 1
317 46 11 31 7 1
318 46 12 31 7 1
319 46 13 31 7 1
320 46 14 31 7 1
321 47 8 31 7 1
322 47 9 31 7 1
323 47 10 31 7 1
324 47 11 31 7 1
325 47 12 31 7 1
326 47 13 31 7 1
327 47 14 31 7 1
328 48 8 31 7 1
329 48 9 31 7 1
330 48 10 31 7 1
331 48 11 31 7 1
332 48 12 31 7 1
333 48 13 31 7 1
334 48 14 31 7 1
335 49 8 31 7 1
336 49 9 31 7 1
337 49 10 31 7 1
338 49 11 31 7 1
339 49 12 31 7 1
340 49 13 31 7 1
341 49 14 31 7 1
342 50 8 31 7 1
343 50 9 31 7 1
344 50 10 31 7 1
345 50 11 31 7 1
346 50 12 31 7 1
347 50 13 31 7 1
348 50 14 31 7 1
349 51 8 31 7 1
350 51 9 31 7 1
351 51 10 31 7 1
352 51 11 31 7 1
353 51 12 31 7 1
354 51 13 31 7 1
355 51 14 31 7 1
356 52 8 31 7 1
357 52 9 31 7 1
358 52 10 31 7 1
359 52 11 31 7 1
360 52 12 31 7 1
361 52 13 31 7 1
362 52 14 31 7 1
363 53 8 31 7 1
364 53 9 31 7 1
365 53 10 31 7 1
366 53 11 31 7 1
367 53 12 31 7 1
368 53 13 31 7 1
369 53 14 31 7 1
370 54 8 31 7 1
371 54 9 31 7 1
372 54 10 31 7 1
373 54 11 31 7 1
374 54 12 31 7 1
375 54 13 31 7 1
376 54 14 31 7 1
377 55 8 31 7 1
378 55 9 31 7 1
379 55 10 31 7 1
380 55 11 31 7 1
381 55 12 31 7 1
382 55 13 31 7 1
383 55 14 31 7 1
384 56 8 31 7 1
385 56 9 31 7 1
386 56 10 31 7 1
387 56 11 31 7 1
388 56 14 31 7 1
389 57 8 31 7 1
390 57 9 31 7 1
391 57 10 31 7 1
392 57 11 31 7 1
393 57 14 31 7 1
394 58 8 31 7 1
395 58 11 31 7 1
396 58 12 31 7 1
397 58 13 31 7 1
398 58 14 31 7 1
399 59 8 31 7 1
400 59 11 31 7 1
401 59 12 31 7 1
402 59 13 31 7 1
403 59 14 31 7 1
404 60 8 31 7 1
405 60 9 31 7 1
406 60 10 31 7 1
407 60 11 31 7 1
408 60 12 31 7 1
409 60 13 31 7 1
410 60 14 31 7 1
411 61 8 31 7 1
412 61 9 31 7 1
413 61 10 31 7 1
414 61 11 31 7 1
415 61 12 31 7 1
416 61 13 31 7 1
417 61 14 31 7 1
418 62 8 31 7 1
419 62 9 31 7 1
420 62 10 31 7 1
421 62 11 31 7 1
422 62 12 31 7 1
423 62 13 31 7 1
424 62 14 31 7 1
425 63 8 31 7 1
426 63 9 31 7 1
427 63 10 31 7 1
428 63 11 31 7 1
429 63 12 31 7 1
430 63 13 31 7 1
431 63 14 31 7 1
432 64 8 31 7 1
433 64 9 31 7 1
434 64 10 31 7 1
435 64 11 31 7 1
436 64 12 31 7 1
437 64 13 31 7 1
438 64 14 31 7 1
439 65 8 31 7 1
440 65 9 31 7 1
441 65 10 31 7 1
442 65 11 31 7 1
443 65 12 31 7 1
444 65 13 31 7 1
445 65 14 31 7 1
446 66 8 31 7 1
447 66 9 31 7 1
448 66 10 31 7 1
449 66 11 31 7 1
450 66 12 31 7 1
451 66 13 31 7 1
452 66 14 31 7 1
453 67 8 31 7 1
454 67 9 31 7 1
455 67 10 31 7 1
456 67 11 31 7 1
457 67 12 31 7 1
458 67 13 31 7 1
459 67 14 31 7 1
460 68 8 31 7 1
461 68 9 31 7 1
462 68 10 31 7 1
463 68 11 31 7 1
464 68 12 31 7 1
465 68 13 31 7 1
466 68 14 31 7 1
467 69 8 31 7 1
468 69 9 31 7 1
469 69 10 31 7 1
470 69 11 31 7 1
471 69 12 31 7 1
472 69 13 31 7 1
473 69 14 31 7 1
474 70 8 31 7 1
475 70 9 31 7 1
476 70 10 31 7 1
477 70 11 31 7 1
478 70 12 31 7 1
479 70 13 31 7 1
480 70 14 31 7 1
481 71 8 31 7 1
482 71 9 31 7 1
483 71 10 31 7 1
484 71 11 31 7 1
485 71 12 31 7 1
486 71 13 31 7 1
487 71 14 31 7 1
488 72 8 31 7 1
489 72 9 31 7 1
490 72 10 31 7 1
491 72 11 31 7 1
492 72 12 31 7 1
493 72 13 31 7 1
494 72 14 31 7 1
495 73 8 31 7 1
496 73 9 31 7 1
497 73 10 31 7 1
498 73 11 31 7 1
499 73 12 31 7 1
500 73 13 31 7 1
501 73 14 31 7 1
502 74 8 31 7 1
503 74 9 31 7 1
504 74 10 31 7 1
505 74 11 31 7 1
506 74 12 31 7 1
507 74 13 31 7 1
508 74 14 31 7 1
509 75 8 31 7 1
510 75 9 31 7 1
511 75 10 31 7 1
512 75 11 31 7 1
513 75 12 31 7 1
514 75 13 31 7 1
515 75 14 31 7 1
516 76 8 31 7 1
517 76 9 31 7 1
518 76 10 31 7 1
519 76 11 31 7 1
520 76 12 31 7 1
521 76 13 31 7 1
522 76 14 31 7 1
523 77 8 31 7 1
524 77 9 31 7 1
525 77 10 31 7 1
526 77 11 31 7 1
527 77 12 31 7 1
528 77 13 31 7 1
529 77 14 31 7 1
530 78 8 31 7 1
531 78 9 31 7 1
532 78 10 31 7 1
533 78 11 31 7 1
534 78 12 31 7 1
535 78 13 31 7 1
536 78 14 31 7 1
537 79 8 31 7 1
538 79 9 31 7 1
539 79 10 31 7 1
540 79 11 31 7 1
541 79 12 31 7 1
542 79 13 31 7 1
543 79 14 31 7 1
544 80 8 31 7 1
545 80 9 31 7 1
546 80 10 31 7 1
547 80 11 31 7 1
548 80 12 31 7 1
549 80 13 31 7 1
550 80 14 31 7 1
551 81 8 31 7 1
552 81 9 31 7 1
553 81 10 31 7 1
554 81 11 31 7 1
555 81 12 31 7 1
556 81 13 31 7 1
557 81 14 31 7 1
558 82 8 31 7 1
559 82 9 31 7 1
560 82 10 31 7 1
561 82 11 31 7 1
562 82 12 31 7 1
563 82 13 31 7 1
564 82 14 31 7 1
565 83 8 31 7 1
566 83 9 31 7 1
567 83 10 31 7 1
568 83 11 31 7 1
569 83 12 31 7 1
570 83 13 31 7 1
571 83 14 31 7 1
572 84 8 31 7 1
573 84 9 31 7 1
574 84 10 31 7 1
575 84 11 31 7 1
576 84 12 31 7 1
577 84 13 31 7 1
578 84 14 31 7 1
579 85 8 31 7 1
580 85 9 31 7 1
581 85 10 31 7 1
582 85 11 31 7 1
583 85 12 31 7 1
584 85 13 31 7 1
585 85 14 31 7 1
586 86 8 31 7 1
587 86 9 31 7 1
588 86 10 31 7 1
589 86 11 31 7 1
590 86 12 31 7 1
591 86 13 31 7 1
592 86 14 31 7 1
593 87 8 31 7 1
594 87 9 31 7 1
595 87 10 31 7 1
596 87 11 31 7 1
597 87 12 31 7 1
598 87 13 31 7 1
599 87 14 31 7 1
600 88 8 31 7 1
601 88 9 31 7 1
602 88 10 31 7 1
603 88 11 31 7 1
604 88 12 31 7 1
605 88 13 31 7 1
606 88 14 31 7 1
607 89 8 31 7 1
608 89 9 31 7 1
609 89 10 31 7 1
610 89 11 31 7 1
611 89 12 31 7 1
612 89 13 31 7 1
613 89 14 31 7 1
614 90 8 31 7 1
615 90 9 31 7 1
616 90 10 31 7 1
617 90 11 31 7 1
618 90 12 31 7 1
619 90 13 31 7 1
620 90 14 31 7 1
621 91 8 31 7 1
622 91 9 31 7 1
623 91 10 31 7 1
624 91 11 31 7 1
625 91 12 31 7 1
626 91 13 31 7 1
627 91 14 31 7 1
628 92 8 31 7 1
629 92 9 31 7 1
630 92 10 31 7 1
631 92 11 31 7 1
632 92 12 31 7 1
633 92 13 31 7 1
634 92 14 31 7 1
635 93 8 31 7 1
636 93 9 31 7 1
637 93 10 31 7 1
638 93 11 31 7 1
639 93 12 31 7 1
640 93 13 31 7 1
641 93 14 31 7 1
642 94 8 31 7 1
643 94 9 31 7 1
644 94 10 31 7 1
645 94 11 31 7 1
646 94 12 31 7 1
647 94 13 31 7 1
648 94 14 31 7 1
649 95 8 31 7 1
650 95 9 31 7 1
651 95 10 31 7 1
652 95 11 31 7 1
653 95 12 31 7 1
654 95 13 31 7 1
655 95 14 31 7 1
656 96 8 31 7 1
657 96 9 31 7 1
658 96 10 31 7 1
659 96 11 31 7 1
660 96 12 31 7 1
661 96 13 31 7 1
662 96 14 31 7 1
663 97 8 31 7 1
664 97 9 31 7 1
665 97 10 31 7 1
666 97 11 31 7 1
667 97 12 31 7 1
668 97 13 31 7 1
669 97 14 31 7 1
670 98 8 31 7 1
671 98 9 31 7 1
672 98 10 31 7 1
673 98 11 31 7 1
674 98 12 31 7 1
675 98 13 31 7 1
676 98 14 31 7 1
677 99 8 31 7 1
678 99 9 31 7 1
679 99 10 31 7 1
680 99 11 31 7 1
681 99 12 31 7 1
682 99 13 31 7 1
683 99 14 31 7 1
684 100 8 31 7 1
685 100 9 31 7 1
686 100 10 31 7 1
687 100 11 31 7 1
688 100 12 31 7 1
689 100 13 31 7 1
690 100 14 31 7 1
691 101 8 31 7 1
692 101 9 31 7 1
693 101 10 31 7 1
694 101 11 31 7 1
695 101 12 31 7 1
696 101 13 31 7 1
697 101 14 31 7 1
698 102 8 31 7 1
699 102 9 31 7 1
700 102 10 31 7 1
701 102 11 31 7 1
702 102 12 31 7 1
703 102 13 31 7 1
704 102 14 31 7 1
705 103 8 31 7 1
706 103 9 31 7 1
707 103 10 31 7 1
708 103 11 31 7 1
709 103 12 31 7 1
710 103 13 31 7 1
711 103 14 31 7 1
712 104 8 31 7 1
713 104 9 31 7 1
714 104 10 31 7 1
715 104 11 31 7 1
716 104 12 31 7 1
717 104 13 31 7 1
718 104 14 31 7 1
719 105 8 31 7 1
720 105 9 31 7 1
721 105 10 31 7 1
722 105 11 31 7 1
723 105 12 31 7 1
724 105 13 31 7 1
725 105 14 31 7 1
726 106 8 31 7 1
727 106 9 31 7 1
728 106 10 31 7 1
729 106 11 31 7 1
730 106 12 31 7 1
731 106 13 31 7 1
732 106 14 31 7 1
733 107 8 31 7 1
734 107 9 31 7 1
735 107 10 31 7 1
736 107 11 31 7 1
737 107 12 31 7 1
738 107 13 31 7 1
739 107 14 31 7 1
740 108 8 31 7 1
741 108 9 31 7 1
742 108 10 31 7 1
743 108 13 31 7 1
744 108 14 31 7 1
745 109 8 31 7 1
746 109 9 31 7 1
747 109 10 31 7 1
748 109 13 31 7 1
749 109 14 31 7 1
750 110 8 31 7 1
751 110 9 31 7 1
752 110 12 31 7 1
753 110 13 31 7 1
754 110 14 31 7 1
755 111 8 31 7 1
756 111 9 31 7 1
757 111 12 31 7 1
758 111 13 31 7 1
759 111 14 31 7 1
760 112 8 31 7 1
761 112 9 31 7 1
762 112 10 31 7 1
763 112 11 31 7 1
764 112 12 31 7 1
765 112 13 31 7 1
766 112 14 31 7 1
767 113 8 31 7 1
768 113 9 31 7 1
769 113 10 31 7 1
770 113 11 31 7 1
771 113 12 31 7 1
772 113 13 31 7 1
773 113 14 31 7 1
774 114 8 31 7 1
775 114 9 31 7 1
776 114 10 31 7 1
777 114 11 31 7 1
778 114 12 31 7 1
779 114 13 31 7 1
780 114 14 31 7 1
781 115 8 31 7 1
782 115 9 31 7 1
783 115 10 31 7 1
784 115 11 31 7 1
785 115 12 31 7 1
786 115 13 31 7 1
787 115 14 31 7 1
788 116 8 31 7 1
789 116 9 31 7 1
790 116 10 31 7 1
791 116 11 31 7 1
792 116 12 31 7 1
793 116 13 31 7 1
794 116 14 31 7 1
795 117 8 31 7 1
796 117 9 31 7 1
797 117 10 31 7 1
798 117 11 31 7 1
799 117 12 31 7 1
800 117 13 31 7 1
801 117 14 31 7 1
802 118 8 31 7 1
803 118 9 31 7 1
804 118 10 31 7 1
805 118 11 31 7 1
806 118 12 31 7 1
807 118 13 31 7 1
808 118 14 31 7 1
809 119 8 31 7 1
810 119 9 31 7 1
811 119 10 31 7 1
812 119 11 31 7 1
813 119 12 31 7 1
814 119 13 31 7 1
815 119 14 31 7 1
816 120 8 31 7 1
817 120 9 31 7 1
818 120 10 31 7 1
819 120 11 31 7 1
820 120 12 31 7 1
821 120 13 31 7 1
822 120 14 31 7 1
823 121 8 31 7 1
824 121 9 31 7 1
825 121 10 31 7 1
826 121 11 31 7 1
827 121 12 31 7 1
828 121 13 31 7 1
829 121 14 31 7 1
830 122 8 31 7 1
831 122 9 31 7 1
832 122 10 31 7 1
833 122 11 31 7 1
834 122 12 31 7 1
835 122 13 31 7 1
836 122 14 31 7 1
837 123 8 31 7 1
838 123 9 31 7 1
839 123 10 31 7 1
840 123 11 31 7 1
841 123 12 31 7 1
842 123 13 31 7 1
843 123 14 31 7 1
844 124 8 31 7 1
845 124 9 31 7 1
846 124 10 31 7 1
847 124 11 31 7 1
848 124 12 31 7 1
849 124 13 31 7 1
850 124 14 31 7 1
851 125 8 31 7 1
852 125 9 31 7 1
853 125 10 31 7 1
854 125 11 31 7 1
855 125 12 31 7 1
856 125 13 31 7 1
857 125 14 31 7 1
858 126 8 31 7 1
859 126 9 31 7 1
860 126 10 31 7 1
861 126 11 31 7 1
862 126 12 31 7 1
863 126 13 31 7 1
864 126 14 31 7 1
865 127 8 31 7 1
866 127 9 31 7 1
867 127 10 31 7 1
868 127 11 31 7 1
869 127 12 31 7 1
870 127 13 31 7 1
871 127 14 31 7 1
872 128 8 31 7 1
873 128 9 31 7 1
874 128 10 31 7 1
875 128 11 31 7 1
876 128 12 31 7 1
877 128 13 31 7 1
878 128 14 31 7 1
879 129 8 31 7 1
880 129 9 31 7 1
881 129 10 31 7 1
882 129 11 31 7 1
883 129 12 31 7 1
884 129 13 31 7 1
885 129 14 31 7 1
886 130 8 31 7 1
887 130 9 31 7 1
888 130 10 31 7 1
889 130 11 31 7 1
890 130 12 31 7 1
891 130 13 31 7 1
892 130 14 31 7 1
893 131 8 31 7 1
894 131 9 31 7 1
895 131 10 31 7 1
896 131 11 31 7 1
897 131 12 31 7 1
898 131 13 31 7 1
899 131 14 31 7 1
900 132 8 31 7 1
901 132 9 31 7 1
902 132 10 31 7 1
903 132 11 31 7 1
904 132 12 31 7 1
905 132 13 31 7 1
906 132 14 31 7 1
907 133 8 31 7 1
908 133 9 31 7 1
909 133 10 31 7 1
910 133 11 31 7 1
911 133 12 31 7 1
912 133 13 31 7 1
913 133 14 31 7 1
914 134 8 31 7 1
915 134 9 31 7 1
916 134 10 31 7 1
917 134 11 31 7 1
918 134 12 31 7 1
919 134 13 31 7 1
920 134 14 31 7 1
921 135 8 31 7 1
922 135 9 31 7 1
923 135 10 31 7 1
924 135 11 31 7 1
925 135 12 31 7 1
926 135 13 31 7 1
927 135 14 31 7 1
928 136 8 31 7 1
929 136 9 31 7 1
930 136 10 31 7 1
931 136 11 31 7 1
932 136 12 31 7 1
933 136 13 31 7 1
934 136 14 31 7 1
935 137 8 31 7 1
936 137 9 31 7 1
937 137 10 31 7 1
938 137 11 31 7 1
939 137 12 31 7 1
940 137 13 31 7 1
941 137 14 31 7 1
942 138 8 31 7 1
943 138 9 31 7 1
944 138 10 31 7 1
945 138 11 31 7 1
946 138 12 31 7 1
947 138 13 31 7 1
948 138 14 31 7 1
949 139 8 31 7 1
950 139 9 31 7 1
951 139 10 31 7 1
952 139 11 31 7 1
953 139 12 31 7 1
954 139 13 31 7 1
955 139 14 31 7 1
956 140 8 31 7 1
957 140 9 31 7 1
958 140 10 31 7 1
959 140 11 31 7 1
960 140 12 31 7 1
961 140 13 31 7 1
962 140 14 31 7 1
963 141 8 31 7 1
964 141 9 31 7 1
965 141 10 31 7 1
966 141 11 31 7 1
967 141 12 31 7 1
968 141 13 31 7 1
969 141 14 31 7 1
970 142 8 31 7 1
971 142 9 31 7 1
972 142 10 31 7 1
973 142 11 31 7 1
974 142 12 31 7 1
975 142 13 31 7 1
976 142 14 31 7 1
977 143 8 31 7 1
978 143 9 31 7 1
979 143 10 31 7 1
980 143 11 31 7 1
981 143 12 31 7 1
982 143 13 31 7 1
983 143 14 31 7 1
984 144 8 31 7 1
985 144 9 31 7 1
986 144 10 31 7 1
987 144 11 31 7 1
988 144 12 31 7 1
989 144 13 31 7 1
990 144 14 31 7 1
991 145 8 31 7 1
992 145 9 31 7 1
993 145 10 31 7 1
994 145 11 31 7 1
995 145 12 31 7 1
996 145 13 31 7 1
997 145 14 31 7 1
998 146 8 31 7 1
999 146 9 31 7 1
1000 146 10 31 7 1
1001 146 11 31 7 1
1002 146 14 31 7 1
1003 147 8 31 7 1
1004 147 9 31 7 1
1005 147 10 31 7 1
1006 147 11 31 7 1
1007 147 14 31 7 1
1008 148 8 31 7 1
1009 148 9 31 7 1
1010 148 10 31 7 1
1011 148 11 31 7 1
1012 148 14 31 7 1
1013 149 8 31 7 1
1014 149 9 31 7 1
1015 149 10 31 7 1
1016 149 11 31 7 1
1017 149 14 31 7 1
1018 150 8 31 7 1
1019 150 11 31 7 1
1020 150 12 31 7 1
1021 150 13 31 7 1
1022 150 14 31 7 1
1023 151 8 31 7 1
1024 151 11 31 7 1
1025 151 12 31 7 1
1026 151 13 31 7 1
1027 151 14 31 7 1
1028 152 8 31 7 1
1029 152 11 31 7 1
1030 152 12 31 7 1
1031 152 13 31 7 1
1032 152 14 31 7 1
1033 153 8 31 7 1
1034 153 11 31 7 1
1035 153 12 31 7 1
1036 153 13 31 7 1
1037 153 14 31 7 1
1038 154 8 31 7 1
1039 154 9 31 7 1
1040 154 10 31 7 1
1041 154 11 31 7 1
1042 154 12 31 7 1
1043 154 13 31 7 1
1044 154 14 31 7 1
1045 155 8 31 7 1
1046 155 9 31 7 1
1047 155 10 31 7 1
1048 155 11 31 7 1
1049 155 12 31 7 1
1050 155 13 31 7 1
1051 155 14 31 7 1
1052 156 8 31 7 1
1053 156 9 31 7 1
1054 156 10 31 7 1
1055 156 11 31 7 1
1056 156 12 31 7 1
1057 156 13 31 7 1
1058 156 14 31 7 1
1059 157 8 31 7 1
1060 157 9 31 7 1
1061 157 10 31 7 1
1062 157 11 31 7 1
1063 157 12 31 7 1
1064 157 13 31 7 1
1065 157 14 31 7 1
1066 158 8 31 7 1
1067 158 9 31 7 1
1068 158 10 31 7 1
1069 158 11 31 7 1
1070 158 12 31 7 1
1071 158 13 31 7 1
1072 158 14 31 7 1
1073 159 8 31 7 1
1074 159 9 31 7 1
1075 159 10 31 7 1
1076 159 11 31 7 1
1077 159 12 31 7 1
1078 159 13 31 7 1
1079 159 14 31 7 1
1080 160 8 31 7 1
1081 160 9 31 7 1
1082 160 10 31 7 1
1083 160 11 31 7 1
1084 160 12 31 7 1
1085 160 13 31 7 1
1086 160 14 31 7 1
1087 161 8 31 7 1
1088 161 9 31 7 1
1089 161 10 31 7 1
1090 161 11 31 7 1
1091 161 12 31 7 1
1092 161 13 31 7 1
1093 161 14 31 7 1
1094 162 8 31 7 1
1095 162 9 31 7 1
1096 162 10 31 7 1
1097 162 11 31 7 1
1098 162 12 31 7 1
1099 162 13 31 7 1
1100 162 14 31 7 1
1101 163 8 31 7 1
1102 163 9 31 7 1
1103 163 10 31 7 1
1104 163 11 31 7 1
1105 163 12 31 7 1
1106 163 13 31 7 1
1107 163 14 31 7 1
1108 164 8 31 7 1
1109 164 9 31 7 1
1110 164 10 31 7 1
1111 164 11 31 7 1
1112 164 12 31 7 1
1113 164 13 31 7 1
1114 164 14 31 7 1
1115 165 8 31 7 1
1116 165 9 31 7 1
1117 165 10 31 7 1
1118 165 11 31 7 1
1119 165 12 31 7 1
1120 165 13 31 7 1
1121 165 14 31 7 1
1122 166 8 31 7 1
1123 166 9 31 7 1
1124 166 10 31 7 1
1125 166 11 31 7 1
1126 166 12 31 7 1
1127 166 13 31 7 1
1128 166 14 31 7 1
1129 167 8 31 7 1
1130 167 9 31 7 1
1131 167 10 31 7 1
1132 167 11 31 7 1
1133 167 12 31 7 1
1134 167 13 31 7 1
1135 167 14 31 7 1
1136 168 8 31 7 1
1137 168 9 31 7 1
1138 168 10 31 7 1
1139 168 11 31 7 1
1140 168 14 31 7 1
1141 169 8 31 7 1
1142 169 9 31 7 1
1143 169 10 31 7 1
1144 169 11 31 7 1
1145 169 14 31 7 1
1146 170 8 31 7 1
1147 170 11 31 7 1
1148 170 12 31 7 1
1149 170 13 31 7 1
1150 170 14 31 7 1
1151 171 8 31 7 1
1152 171 11 31 7 1
1153 171 12 31 7 1
1154 171 13 31 7 1
1155 171 14 31 7 1
1156 8 8 61 12 1
1157 8 9 61 12 1
1158 9 8 61 12 1
1159 9 9 61 12 1
1160 10 13 61 12 1
1161 10 14 61 12 1
1162 11 13 61 12 1
1163 11 14 61 12 1
1164 56 12 61 12 1
1165 56 13 61 12 1
1166 57 12 61 12 1
1167 57 13 61 12 1
1168 58 9 61 12 1
1169 58 10 61 12 1
1170 59 9 61 12 1
1171 59 10 61 12 1
1172 108 12 61 12 1
1173 109 12 61 12 1
1174 110 10 61 12 1
1175 111 10 61 12 1
1176 146 12 61 12 1
1177 146 13 61 12 1
1178 147 12 61 12 1
1179 147 13 61 12 1
1180 148 12 61 12 1
1181 148 13 61 12 1
1182 149 12 61 12 1
1183 149 13 61 12 1
1184 150 9 61 12 1
1185 150 10 61 12 1
1186 151 9 61 12 1
1187 151 10 61 12 1
1188 152 9 61 12 1
1189 152 10 61 12 1
1190 153 9 61 12 1
1191 153 10 61 12 1
1192 168 12 61 12 1
1193 168 13 61 12 1
1194 169 12 61 12 1
1195 169 13 61 12 1
1196 170 9 61 12 1
1197 170 10 61 12 1
1198 171 9 61 12 1
1199 171 10 61 12 1
1200 108 11 151 2 1
1201 109 11 151 2 1
1202 110 11 151 2 1
1203 111 11 151 2 1
