17 292 322 2576
9 1 3 4 10 11 13 14 15 16
8 0 1 2 5 8 9 11 13
8 0 2 4 5 8 11 12 13
9 1 2 8 9 11 13 14 15 16
9 3 6 9 10 11 13 14 15 16
8 0 1 2 4 6 9 10 12
8 0 2 3 6 8 10 11 12
9 1 2 3 6 9 13 14 15 16
9 4 7 8 10 11 12 14 15 16
8 0 1 2 4 6 9 11 12
8 0 1 3 6 8 10 11 12
9 1 2 5 10 11 12 14 15 16
9 1 3 7 10 11 13 14 15 16
8 0 1 2 6 7 9 10 12
8 0 2 3 5 6 10 11 12
9 1 2 5 9 11 13 14 15 16
9 1 5 8 10 11 13 14 15 16
8 0 2 3 4 8 9 10 13
8 0 3 4 5 9 10 11 13
9 1 2 4 7 11 13 14 15 16
9 5 6 9 10 11 13 14 15 16
8 0 2 3 5 7 10 11 13
8 0 2 3 6 8 10 11 13
9 1 2 3 6 7 13 14 15 16
9 3 7 8 10 12 13 14 15 16
8 0 2 3 5 6 10 11 13
8 0 2 3 7 8 10 11 13
9 1 3 4 8 12 13 14 15 16
9 2 3 7 10 12 13 14 15 16
8 0 1 2 4 7 8 10 12
8 0 2 4 5 8 10 11 12
8 0 1 2 3 6 9 11 13
8 0 2 4 7 10 11 12 13
9 1 4 8 9 12 13 14 15 16
9 3 7 8 10 11 13 14 15 16
9 1 2 4 5 9 13 14 15 16
9 4 6 9 10 12 13 14 15 16
8 0 1 4 6 9 10 11 13
8 0 2 3 4 7 9 12 13
9 1 2 5 7 12 13 14 15 16
9 5 6 8 10 11 12 14 15 16
8 0 2 3 5 8 9 10 13
8 0 3 4 5 8 10 11 13
9 1 3 4 10 11 12 14 15 16
9 1 3 8 9 11 12 14 15 16
8 0 1 2 4 7 8 9 12
8 0 3 4 5 8 10 11 12
9 1 2 4 5 10 12 14 15 16
9 2 7 8 9 11 13 14 15 16
8 0 1 3 4 7 8 10 12
8 0 2 4 5 8 9 11 12
9 1 3 4 5 10 13 14 15 16
9 1 4 5 10 11 13 14 15 16
8 0 1 2 4 5 8 10 12
8 0 2 4 7 8 10 11 12
9 1 2 7 8 11 13 14 15 16
9 1 3 4 9 11 12 14 15 16
8 0 2 3 4 5 9 10 13
8 0 3 4 8 9 10 11 13
9 1 2 4 9 10 12 14 15 16
9 3 5 8 10 11 12 14 15 16
8 0 1 2 3 5 8 9 12
8 0 3 4 7 9 10 11 12
9 1 4 6 10 11 12 14 15 16
9 2 3 8 9 11 12 14 15 16
8 0 1 2 4 6 8 9 11
8 0 2 3 5 7 9 10 11
9 1 2 4 5 10 11 14 15 16
9 3 5 8 9 11 12 14 15 16
8 0 1 5 7 8 9 10 12
8 0 2 3 4 5 7 11 12
9 1 2 4 5 8 10 14 15 16
9 5 7 8 9 11 12 14 15 16
8 0 1 2 4 7 9 12 13
8 0 1 4 6 9 11 12 13
9 1 7 8 9 11 12 14 15 16
9 1 7 8 9 11 13 14 15 16
8 0 1 3 5 6 9 12 13
8 0 1 4 7 8 10 12 13
9 1 3 4 5 11 13 14 15 16
9 2 3 5 10 12 13 14 15 16
8 0 1 2 4 6 9 12 13
8 0 1 4 7 9 11 12 13
9 1 6 8 9 12 13 14 15 16
9 1 6 8 9 11 12 14 15 16
8 0 1 2 4 7 8 9 13
8 0 1 2 5 7 8 9 13
9 1 2 4 5 7 12 14 15 16
9 1 5 8 9 11 13 14 15 16
8 0 1 2 5 6 8 10 11
8 0 1 3 5 6 9 10 11
9 1 3 4 7 11 13 14 15 16
9 4 7 8 9 11 13 14 15 16
8 0 1 2 4 5 8 11 13
8 0 2 5 8 9 11 12 13
9 1 3 4 5 8 13 14 15 16
9 1 4 5 9 11 13 14 15 16
8 0 1 2 5 6 8 9 11
8 0 2 3 5 6 9 10 11
9 1 3 7 8 11 13 14 15 16
9 2 3 6 9 11 13 14 15 16
8 0 1 2 3 6 7 9 11
8 0 2 4 5 8 9 10 11
9 1 3 6 9 10 13 14 15 16
9 1 3 4 5 11 12 14 15 16
8 0 1 4 5 7 9 10 12
8 0 2 3 5 7 8 11 12
9 1 2 8 9 10 12 14 15 16
9 3 6 8 9 12 13 14 15 16
8 0 1 3 5 7 8 9 12
8 0 3 4 5 7 9 11 12
9 2 3 5 8 12 13 14 15 16
9 3 5 8 9 12 13 14 15 16
8 0 2 3 4 5 8 10 13
8 0 2 5 7 8 9 10 13
8 0 3 4 5 6 8 11 13
8 0 3 5 8 9 10 11 13
9 2 3 6 8 12 13 14 15 16
9 2 6 8 9 10 13 14 15 16
9 2 3 4 6 10 13 14 15 16
9 3 5 7 9 10 12 13 15 16
8 0 1 2 3 5 6 10 11
8 0 1 5 6 8 9 10 11
9 1 3 5 9 10 12 13 15 16
9 2 4 5 9 11 13 14 15 16
8 0 1 3 4 5 8 9 11
8 0 2 3 6 7 8 10 11
9 1 3 7 8 10 13 14 15 16
9 2 3 4 6 9 12 14 15 16
8 0 2 3 4 7 8 9 11
9 2 4 6 9 10 13 14 15 16
8 0 1 2 4 6 7 9 10
8 0 1 3 4 6 8 9 10
9 2 3 6 8 10 13 14 15 16
9 3 5 6 9 10 12 14 15 16
8 0 1 2 4 5 7 9 10
8 0 1 3 5 6 8 9 10
9 1 3 4 7 8 10 14 15 16
9 3 4 6 10 11 13 14 15 16
8 0 2 3 4 6 8 9 12
8 0 3 4 6 8 9 10 12
9 1 2 6 8 9 13 14 15 16
9 1 4 5 6 11 12 14 15 16
8 0 1 3 4 5 7 9 12
8 0 3 5 7 8 9 11 12
9 1 2 7 8 9 12 14 15 16
9 2 6 8 10 11 13 14 15 16
8 0 2 3 7 8 9 10 13
8 0 3 4 5 6 10 11 13
9 1 2 4 6 10 13 14 15 16
9 1 5 7 10 11 13 14 15 16
8 0 1 2 5 7 8 9 12
8 0 3 4 5 7 10 11 12
9 1 2 5 7 11 13 14 15 16
9 3 6 8 11 12 13 14 15 16
8 0 1 2 4 7 8 11 13
8 0 2 5 6 9 11 12 13
9 2 4 7 11 12 13 14 15 16
9 3 5 8 11 12 13 14 15 16
8 0 1 3 5 7 8 11 12
8 0 1 4 5 7 9 11 12
9 2 5 7 11 12 13 14 15 16
9 1 5 6 10 12 13 14 15 16
8 0 1 5 7 8 10 11 13
9 2 6 7 10 12 13 14 15 16
8 0 1 3 6 7 8 10 12
8 0 2 4 5 6 9 11 12
9 1 4 5 9 12 13 14 15 16
9 4 7 8 9 12 13 14 15 16
8 0 1 2 4 6 8 11 14
8 0 2 4 6 7 8 11 14
9 2 3 4 7 12 13 14 15 16
9 1 6 7 9 11 12 14 15 16
8 0 1 2 4 6 7 10 11
8 0 1 4 5 7 9 10 11
8 0 1 3 4 5 7 11 12
8 0 1 5 7 8 9 11 12
9 1 3 4 6 11 12 14 15 16
9 1 2 7 9 10 12 14 15 16
9 1 2 4 6 7 12 14 15 16
9 2 4 6 10 11 13 14 15 16
8 0 1 2 4 5 7 10 11
8 0 1 4 6 7 9 10 11
9 1 2 6 8 10 13 14 15 16
9 2 3 6 8 11 13 14 15 16
8 0 2 6 7 8 9 10 13
8 0 3 4 5 6 7 11 13
9 1 4 6 9 10 13 14 15 16
9 4 5 8 10 12 13 14 15 16
8 0 1 4 5 7 8 10 12
8 0 2 4 5 7 8 11 12
9 1 3 6 7 12 13 14 15 16
9 3 4 7 10 12 13 14 15 16
8 0 2 3 6 7 8 10 12
8 0 2 4 5 6 9 10 12
9 1 4 7 8 12 13 14 15 16
9 3 6 7 9 10 12 14 15 16
8 0 1 2 3 5 6 10 12
8 0 2 6 7 9 10 11 12
9 1 3 4 6 7 10 14 15 16
9 3 4 7 9 12 13 14 15 16
8 0 2 3 4 6 7 10 12
8 0 2 5 6 8 9 10 12
9 2 4 7 8 12 13 14 15 16
9 3 5 6 10 11 12 14 15 16
8 0 2 3 4 5 7 10 13
8 0 3 6 8 9 10 11 13
9 3 4 6 10 11 12 14 15 16
9 3 5 7 8 10 11 14 15 16
8 0 1 4 6 7 8 9 11
8 0 2 3 4 5 7 10 11
9 2 3 5 6 8 10 14 15 16
9 2 4 7 8 10 11 14 15 16
8 0 2 3 4 5 6 10 12
8 0 2 6 7 8 9 10 12
9 2 3 5 6 9 11 14 15 16
9 3 5 6 8 10 11 14 15 16
8 0 1 2 3 4 6 10 13
8 0 2 3 4 5 6 10 13
9 2 3 5 7 8 10 14 15 16
9 2 3 4 6 11 13 14 15 16
8 0 1 2 4 6 7 10 13
8 0 3 6 7 9 11 12 13
9 1 6 8 9 10 13 14 15 16
9 3 5 7 10 12 13 14 15 16
8 0 1 4 5 6 7 10 13
8 0 3 6 7 8 9 12 13
9 1 4 6 8 12 13 14 15 16
9 4 6 7 10 11 13 14 15 16
8 0 1 2 4 6 7 9 13
8 0 2 3 5 7 8 9 13
9 1 2 5 6 8 13 14 15 16
9 1 6 7 8 11 12 14 15 16
8 0 2 5 6 7 8 10 13
8 0 3 5 6 7 8 11 13
9 1 2 5 6 7 12 14 15 16
9 3 6 7 9 11 13 14 15 16
8 0 2 3 6 7 8 9 12
8 0 3 4 5 6 9 10 12
9 1 3 5 6 9 13 14 15 16
9 2 5 6 9 11 13 14 15 16
8 0 1 3 4 5 6 10 12
8 0 2 6 7 8 9 11 12
9 1 3 6 7 10 13 14 15 16
9 3 5 6 10 11 13 14 15 16
8 0 2 4 5 6 7 10 13
8 0 3 6 7 8 9 11 13
9 1 2 6 7 9 13 14 15 16
9 1 4 6 7 11 12 14 15 16
8 0 1 2 3 4 7 9 13
8 0 2 5 6 7 8 9 13
9 1 2 6 7 9 12 14 15 16
9 2 3 5 7 8 12 14 15 16
8 0 1 2 3 5 7 8 11
8 0 3 4 6 8 9 10 11
9 1 5 6 8 10 11 14 15 16
9 3 5 6 9 11 13 14 15 16
8 0 1 4 5 6 8 9 11
8 0 2 3 5 6 7 10 11
8 0 1 2 4 5 6 9 12
8 0 3 6 7 8 10 11 12
9 1 3 6 7 9 13 14 15 16
9 4 5 7 8 10 12 14 15 16
9 1 3 5 6 8 9 14 15 16
9 1 4 7 8 9 12 14 15 16
8 0 1 2 4 5 6 9 11
8 0 2 5 6 7 9 10 11
9 1 4 5 6 9 12 14 15 16
9 1 4 6 8 9 12 14 15 16
8 0 1 2 3 4 7 8 12
8 0 4 5 8 9 10 11 12
9 1 4 5 7 9 12 14 15 16
9 1 5 6 7 11 12 14 15 16
8 0 2 3 4 6 7 9 12
8 0 3 5 6 8 9 10 12
9 1 2 6 7 8 12 14 15 16
9 3 4 5 8 11 13 14 15 16
8 0 2 4 5 6 8 9 12
8 0 3 4 6 7 8 10 12
9 1 4 7 8 9 13 14 15 16
9 3 5 7 8 10 13 14 15 16
8 0 1 2 3 5 6 9 13
8 0 3 4 6 7 8 9 13
9 2 4 5 7 9 13 14 15 16
9 3 5 7 8 11 13 14 15 16
8 0 1 2 4 5 7 8 12
8 0 4 5 7 8 10 11 12
9 1 4 5 7 9 13 14 15 16
9 3 4 6 7 10 12 14 15 16
8 0 2 5 6 7 8 9 12
8 0 3 4 5 6 7 10 12
9 1 3 6 7 9 10 14 15 16
0 1
0 2
3 1
3 2
4 5
4 6
7 5
7 6
8 9
8 10
11 9
11 10
12 13
12 14
15 13
15 14
16 17
16 18
19 17
19 18
20 21
20 22
23 21
23 22
24 25
24 26
27 25
27 26
28 29
28 30
28 31
28 32
33 29
33 30
33 31
33 32
34 29
34 30
34 31
34 32
35 29
35 30
35 31
35 32
36 37
36 38
39 37
39 38
40 41
40 42
43 41
43 42
44 45
44 46
47 45
47 46
48 49
48 50
51 49
51 50
52 53
52 54
55 53
55 54
56 57
56 58
59 57
59 58
60 61
60 62
63 61
63 62
64 65
64 66
67 65
67 66
68 69
68 70
71 69
71 70
72 73
72 74
75 73
75 74
76 77
76 78
79 77
79 78
80 81
80 82
83 81
83 82
84 85
84 86
87 85
87 86
88 89
88 90
91 89
91 90
92 93
92 94
95 93
95 94
96 97
96 98
99 97
99 98
100 101
100 102
103 101
103 102
104 105
104 106
107 105
107 106
108 109
108 110
111 109
111 110
112 113
112 114
112 115
112 116
117 113
117 114
117 115
117 116
118 113
118 114
118 115
118 116
119 113
119 114
119 115
119 116
120 121
120 122
123 121
123 122
124 125
124 126
127 125
127 126
128 129
130 131
130 132
133 131
133 132
134 135
134 136
137 135
137 136
138 139
138 140
141 139
141 140
142 143
142 144
145 143
145 144
146 147
146 148
149 147
149 148
150 151
150 152
153 151
153 152
154 155
154 156
157 155
157 156
158 159
158 160
161 159
161 160
162 163
164 165
164 166
167 165
167 166
168 169
168 170
171 169
171 170
172 173
172 174
172 175
172 176
177 173
177 174
177 175
177 176
178 173
178 174
178 175
178 176
179 173
179 174
179 175
179 176
180 181
180 182
183 181
183 182
184 185
184 186
187 185
187 186
188 189
188 190
191 189
191 190
192 193
192 194
195 193
195 194
196 197
196 198
199 197
199 198
200 201
200 202
203 201
203 202
204 205
204 206
207 205
207 206
208 209
208 210
211 209
211 210
212 213
212 214
215 213
215 214
216 217
216 218
219 217
219 218
220 221
220 222
223 221
223 222
224 225
224 226
227 225
227 226
228 229
228 230
231 229
231 230
232 233
232 234
235 233
235 234
236 237
236 238
239 237
239 238
240 241
240 242
243 241
243 242
244 245
244 246
247 245
247 246
248 249
248 250
251 249
251 250
252 253
252 254
255 253
255 254
256 257
256 258
256 259
256 260
261 257
261 258
261 259
261 260
262 257
262 258
262 259
262 260
263 257
263 258
263 259
263 260
264 265
264 266
267 265
267 266
268 269
268 270
271 269
271 270
272 273
272 274
275 273
275 274
276 277
276 278
279 277
279 278
280 281
280 282
283 281
283 282
284 285
284 286
287 285
287 286
288 289
288 290
291 289
291 290
0 0 9 103 8 1
1 0 10 103 8 1
2 0 11 103 8 1
3 0 12 103 8 1
4 0 13 103 8 1
5 0 14 103 8 1
6 0 15 103 8 1
7 0 16 103 8 1
8 1 9 103 8 1
9 1 10 103 8 1
10 1 11 103 8 1
11 1 12 103 8 1
12 1 13 103 8 1
13 1 14 103 8 1
14 1 15 103 8 1
15 1 16 103 8 1
16 2 9 103 8 1
17 2 10 103 8 1
18 2 11 103 8 1
19 2 12 103 8 1
20 2 13 103 8 1
21 2 14 103 8 1
22 2 15 103 8 1
23 2 16 103 8 1
24 3 9 103 8 1
25 3 10 103 8 1
26 3 11 103 8 1
27 3 12 103 8 1
28 3 13 103 8 1
29 3 14 103 8 1
30 3 15 103 8 1
31 3 16 103 8 1
32 4 9 103 8 1
33 4 10 103 8 1
34 4 11 103 8 1
35 4 12 103 8 1
36 4 13 103 8 1
37 4 14 103 8 1
38 4 15 103 8 1
39 4 16 103 8 1
40 5 9 103 8 1
41 5 10 103 8 1
42 5 11 103 8 1
43 5 12 103 8 1
44 5 13 103 8 1
45 5 14 103 8 1
46 5 15 103 8 1
47 5 16 103 8 1
48 6 9 103 8 1
49 6 10 103 8 1
50 6 11 103 8 1
51 6 12 103 8 1
52 6 13 103 8 1
53 6 14 103 8 1
54 6 15 103 8 1
55 6 16 103 8 1
56 7 9 103 8 1
57 7 10 103 8 1
58 7 11 103 8 1
59 7 12 103 8 1
60 7 13 103 8 1
61 7 14 103 8 1
62 7 15 103 8 1
63 7 16 103 8 1
64 8 9 103 8 1
65 8 10 103 8 1
66 8 11 103 8 1
67 8 12 103 8 1
68 8 13 103 8 1
69 8 14 103 8 1
70 8 15 103 8 1
71 8 16 103 8 1
72 9 9 103 8 1
73 9 10 103 8 1
74 9 11 103 8 1
75 9 12 103 8 1
76 9 13 103 8 1
77 9 14 103 8 1
78 9 15 103 8 1
79 9 16 103 8 1
80 10 9 103 8 1
81 10 10 103 8 1
82 10 11 103 8 1
83 10 12 103 8 1
84 10 13 103 8 1
85 10 14 103 8 1
86 10 15 103 8 1
87 10 16 103 8 1
88 11 9 103 8 1
89 11 10 103 8 1
90 11 11 103 8 1
91 11 12 103 8 1
92 11 13 103 8 1
93 11 14 103 8 1
94 11 15 103 8 1
95 11 16 103 8 1
96 12 9 103 8 1
97 12 10 103 8 1
98 12 11 103 8 1
99 12 12 103 8 1
100 12 13 103 8 1
101 12 14 103 8 1
102 12 15 103 8 1
103 12 16 103 8 1
104 13 9 103 8 1
105 13 10 103 8 1
106 13 11 103 8 1
107 13 12 103 8 1
108 13 13 103 8 1
109 13 14 103 8 1
110 13 15 103 8 1
111 13 16 103 8 1
112 14 9 103 8 1
113 14 10 103 8 1
114 14 11 103 8 1
115 14 12 103 8 1
116 14 13 103 8 1
117 14 14 103 8 1
118 14 15 103 8 1
119 14 16 103 8 1
120 15 9 103 8 1
121 15 10 103 8 1
122 15 11 103 8 1
123 15 12 103 8 1
124 15 13 103 8 1
125 15 14 103 8 1
126 15 15 103 8 1
127 15 16 103 8 1
128 16 9 103 8 1
129 16 10 103 8 1
130 16 11 103 8 1
131 16 12 103 8 1
132 16 13 103 8 1
133 16 14 103 8 1
134 16 15 103 8 1
135 16 16 103 8 1
136 17 9 103 8 1
137 17 10 103 8 1
138 17 11 103 8 1
139 17 12 103 8 1
140 17 13 103 8 1
141 17 14 103 8 1
142 17 15 103 8 1
143 17 16 103 8 1
144 18 9 103 8 1
145 18 10 103 8 1
146 18 11 103 8 1
147 18 12 103 8 1
148 18 13 103 8 1
149 18 14 103 8 1
150 18 15 103 8 1
151 18 16 103 8 1
152 19 9 103 8 1
153 19 10 103 8 1
154 19 11 103 8 1
155 19 12 103 8 1
156 19 13 103 8 1
157 19 14 103 8 1
158 19 15 103 8 1
159 19 16 103 8 1
160 20 9 103 8 1
161 20 10 103 8 1
162 20 11 103 8 1
163 20 12 103 8 1
164 20 13 103 8 1
165 20 14 103 8 1
166 20 15 103 8 1
167 20 16 103 8 1
168 21 9 103 8 1
169 21 10 103 8 1
170 21 11 103 8 1
171 21 12 103 8 1
172 21 13 103 8 1
173 21 14 103 8 1
174 21 15 103 8 1
175 21 16 103 8 1
176 22 9 103 8 1
177 22 10 103 8 1
178 22 11 103 8 1
179 22 12 103 8 1
180 22 13 103 8 1
181 22 14 103 8 1
182 22 15 103 8 1
183 22 16 103 8 1
184 23 9 103 8 1
185 23 10 103 8 1
186 23 11 103 8 1
187 23 12 103 8 1
188 23 13 103 8 1
189 23 14 103 8 1
190 23 15 103 8 1
191 23 16 103 8 1
192 24 9 103 8 1
193 24 12 103 8 1
194 24 13 103 8 1
195 24 14 103 8 1
196 24 15 103 8 1
197 24 16 103 8 1
198 25 9 103 8 1
199 25 12 103 8 1
200 25 13 103 8 1
201 25 14 103 8 1
202 25 15 103 8 1
203 25 16 103 8 1
204 26 9 103 8 1
205 26 10 103 8 1
206 26 11 103 8 1
207 26 12 103 8 1
208 26 13 103 8 1
209 26 16 103 8 1
210 27 9 103 8 1
211 27 10 103 8 1
212 27 11 103 8 1
213 27 12 103 8 1
214 27 13 103 8 1
215 27 16 103 8 1
216 28 9 103 8 1
217 28 10 103 8 1
218 28 11 103 8 1
219 28 12 103 8 1
220 28 13 103 8 1
221 28 14 103 8 1
222 28 15 103 8 1
223 28 16 103 8 1
224 29 9 103 8 1
225 29 10 103 8 1
226 29 11 103 8 1
227 29 12 103 8 1
228 29 13 103 8 1
229 29 14 103 8 1
230 29 15 103 8 1
231 29 16 103 8 1
232 30 9 103 8 1
233 30 10 103 8 1
234 30 11 103 8 1
235 30 12 103 8 1
236 30 13 103 8 1
237 30 14 103 8 1
238 30 15 103 8 1
239 30 16 103 8 1
240 31 9 103 8 1
241 31 10 103 8 1
242 31 11 103 8 1
243 31 12 103 8 1
244 31 13 103 8 1
245 31 14 103 8 1
246 31 15 103 8 1
247 31 16 103 8 1
248 32 9 103 8 1
249 32 10 103 8 1
250 32 11 103 8 1
251 32 12 103 8 1
252 32 13 103 8 1
253 32 14 103 8 1
254 32 15 103 8 1
255 32 16 103 8 1
256 33 9 103 8 1
257 33 10 103 8 1
258 33 11 103 8 1
259 33 12 103 8 1
260 33 13 103 8 1
261 33 14 103 8 1
262 33 15 103 8 1
263 33 16 103 8 1
264 34 9 103 8 1
265 34 10 103 8 1
266 34 11 103 8 1
267 34 12 103 8 1
268 34 13 103 8 1
269 34 14 103 8 1
270 34 15 103 8 1
271 34 16 103 8 1
272 35 9 103 8 1
273 35 10 103 8 1
274 35 11 103 8 1
275 35 12 103 8 1
276 35 13 103 8 1
277 35 14 103 8 1
278 35 15 103 8 1
279 35 16 103 8 1
280 36 9 103 8 1
281 36 10 103 8 1
282 36 11 103 8 1
283 36 12 103 8 1
284 36 13 103 8 1
285 36 14 103 8 1
286 36 15 103 8 1
287 36 16 103 8 1
288 37 9 103 8 1
289 37 10 103 8 1
290 37 11 103 8 1
291 37 12 103 8 1
292 37 13 103 8 1
293 37 14 103 8 1
294 37 15 103 8 1
295 37 16 103 8 1
296 38 9 103 8 1
297 38 10 103 8 1
298 38 11 103 8 1
299 38 12 103 8 1
300 38 13 103 8 1
301 38 14 103 8 1
302 38 15 103 8 1
303 38 16 103 8 1
304 39 9 103 8 1
305 39 10 103 8 1
306 39 11 103 8 1
307 39 12 103 8 1
308 39 13 103 8 1
309 39 14 103 8 1
310 39 15 103 8 1
311 39 16 103 8 1
312 40 9 103 8 1
313 40 10 103 8 1
314 40 11 103 8 1
315 40 12 103 8 1
316 40 13 103 8 1
317 40 14 103 8 1
318 40 15 103 8 1
319 40 16 103 8 1
320 41 9 103 8 1
321 41 10 103 8 1
322 41 11 103 8 1
323 41 12 103 8 1
324 41 13 103 8 1
325 41 14 103 8 1
326 41 15 103 8 1
327 41 16 103 8 1
328 42 9 103 8 1
329 42 10 103 8 1
330 42 11 103 8 1
331 42 12 103 8 1
332 42 13 103 8 1
333 42 14 103 8 1
334 42 15 103 8 1
335 42 16 103 8 1
336 43 9 103 8 1
337 43 10 103 8 1
338 43 11 103 8 1
339 43 12 103 8 1
340 43 13 103 8 1
341 43 14 103 8 1
342 43 15 103 8 1
343 43 16 103 8 1
344 44 9 103 8 1
345 44 10 103 8 1
346 44 11 103 8 1
347 44 12 103 8 1
348 44 13 103 8 1
349 44 14 103 8 1
350 44 15 103 8 1
351 44 16 103 8 1
352 45 9 103 8 1
353 45 10 103 8 1
354 45 11 103 8 1
355 45 12 103 8 1
356 45 13 103 8 1
357 45 14 103 8 1
358 45 15 103 8 1
359 45 16 103 8 1
360 46 9 103 8 1
361 46 10 103 8 1
362 46 11 103 8 1
363 46 12 103 8 1
364 46 13 103 8 1
365 46 14 103 8 1
366 46 15 103 8 1
367 46 16 103 8 1
368 47 9 103 8 1
369 47 10 103 8 1
370 47 11 103 8 1
371 47 12 103 8 1
372 47 13 103 8 1
373 47 14 103 8 1
374 47 15 103 8 1
375 47 16 103 8 1
376 48 9 103 8 1
377 48 10 103 8 1
378 48 11 103 8 1
379 48 12 103 8 1
380 48 13 103 8 1
381 48 14 103 8 1
382 48 15 103 8 1
383 48 16 103 8 1
384 49 9 103 8 1
385 49 10 103 8 1
386 49 11 103 8 1
387 49 12 103 8 1
388 49 13 103 8 1
389 49 14 103 8 1
390 49 15 103 8 1
391 49 16 103 8 1
392 50 9 103 8 1
393 50 10 103 8 1
394 50 11 103 8 1
395 50 12 103 8 1
396 50 13 103 8 1
397 50 14 103 8 1
398 50 15 103 8 1
399 50 16 103 8 1
400 51 9 103 8 1
401 51 10 103 8 1
402 51 11 103 8 1
403 51 12 103 8 1
404 51 13 103 8 1
405 51 14 103 8 1
406 51 15 103 8 1
407 51 16 103 8 1
408 52 9 103 8 1
409 52 10 103 8 1
410 52 11 103 8 1
411 52 12 103 8 1
412 52 13 103 8 1
413 52 14 103 8 1
414 52 15 103 8 1
415 52 16 103 8 1
416 53 9 103 8 1
417 53 10 103 8 1
418 53 11 103 8 1
419 53 12 103 8 1
420 53 13 103 8 1
421 53 14 103 8 1
422 53 15 103 8 1
423 53 16 103 8 1
424 54 9 103 8 1
425 54 10 103 8 1
426 54 11 103 8 1
427 54 12 103 8 1
428 54 13 103 8 1
429 54 14 103 8 1
430 54 15 103 8 1
431 54 16 103 8 1
432 55 9 103 8 1
433 55 10 103 8 1
434 55 11 103 8 1
435 55 12 103 8 1
436 55 13 103 8 1
437 55 14 103 8 1
438 55 15 103 8 1
439 55 16 103 8 1
440 56 9 103 8 1
441 56 10 103 8 1
442 56 11 103 8 1
443 56 12 103 8 1
444 56 13 103 8 1
445 56 14 103 8 1
446 56 15 103 8 1
447 56 16 103 8 1
448 57 9 103 8 1
449 57 10 103 8 1
450 57 11 103 8 1
451 57 12 103 8 1
452 57 13 103 8 1
453 57 14 103 8 1
454 57 15 103 8 1
455 57 16 103 8 1
456 58 9 103 8 1
457 58 10 103 8 1
458 58 11 103 8 1
459 58 12 103 8 1
460 58 13 103 8 1
461 58 14 103 8 1
462 58 15 103 8 1
463 58 16 103 8 1
464 59 9 103 8 1
465 59 10 103 8 1
466 59 11 103 8 1
467 59 12 103 8 1
468 59 13 103 8 1
469 59 14 103 8 1
470 59 15 103 8 1
471 59 16 103 8 1
472 60 9 103 8 1
473 60 10 103 8 1
474 60 11 103 8 1
475 60 12 103 8 1
476 60 13 103 8 1
477 60 14 103 8 1
478 60 15 103 8 1
479 60 16 103 8 1
480 61 9 103 8 1
481 61 10 103 8 1
482 61 11 103 8 1
483 61 12 103 8 1
484 61 13 103 8 1
485 61 14 103 8 1
486 61 15 103 8 1
487 61 16 103 8 1
488 62 9 103 8 1
489 62 10 103 8 1
490 62 11 103 8 1
491 62 12 103 8 1
492 62 13 103 8 1
493 62 14 103 8 1
494 62 15 103 8 1
495 62 16 103 8 1
496 63 9 103 8 1
497 63 10 103 8 1
498 63 11 103 8 1
499 63 12 103 8 1
500 63 13 103 8 1
501 63 14 103 8 1
502 63 15 103 8 1
503 63 16 103 8 1
504 64 9 103 8 1
505 64 10 103 8 1
506 64 11 103 8 1
507 64 12 103 8 1
508 64 13 103 8 1
509 64 14 103 8 1
510 64 15 103 8 1
511 64 16 103 8 1
512 65 9 103 8 1
513 65 10 103 8 1
514 65 11 103 8 1
515 65 12 103 8 1
516 65 13 103 8 1
517 65 14 103 8 1
518 65 15 103 8 1
519 65 16 103 8 1
520 66 9 103 8 1
521 66 10 103 8 1
522 66 11 103 8 1
523 66 12 103 8 1
524 66 13 103 8 1
525 66 14 103 8 1
526 66 15 103 8 1
527 66 16 103 8 1
528 67 9 103 8 1
529 67 10 103 8 1
530 67 11 103 8 1
531 67 12 103 8 1
532 67 13 103 8 1
533 67 14 103 8 1
534 67 15 103 8 1
535 67 16 103 8 1
536 68 9 103 8 1
537 68 10 103 8 1
538 68 11 103 8 1
539 68 12 103 8 1
540 68 13 103 8 1
541 68 14 103 8 1
542 68 15 103 8 1
543 68 16 103 8 1
544 69 9 103 8 1
545 69 10 103 8 1
546 69 11 103 8 1
547 69 12 103 8 1
548 69 13 103 8 1
549 69 14 103 8 1
550 69 15 103 8 1
551 69 16 103 8 1
552 70 9 103 8 1
553 70 10 103 8 1
554 70 11 103 8 1
555 70 12 103 8 1
556 70 13 103 8 1
557 70 14 103 8 1
558 70 15 103 8 1
559 70 16 103 8 1
560 71 9 103 8 1
561 71 10 103 8 1
562 71 11 103 8 1
563 71 12 103 8 1
564 71 13 103 8 1
565 71 14 103 8 1
566 71 15 103 8 1
567 71 16 103 8 1
568 72 9 103 8 1
569 72 10 103 8 1
570 72 11 103 8 1
571 72 12 103 8 1
572 72 13 103 8 1
573 72 14 103 8 1
574 72 15 103 8 1
575 72 16 103 8 1
576 73 9 103 8 1
577 73 10 103 8 1
578 73 11 103 8 1
579 73 12 103 8 1
580 73 13 103 8 1
581 73 14 103 8 1
582 73 15 103 8 1
583 73 16 103 8 1
584 74 9 103 8 1
585 74 10 103 8 1
586 74 11 103 8 1
587 74 12 103 8 1
588 74 13 103 8 1
589 74 14 103 8 1
590 74 15 103 8 1
591 74 16 103 8 1
592 75 9 103 8 1
593 75 10 103 8 1
594 75 11 103 8 1
595 75 12 103 8 1
596 75 13 103 8 1
597 75 14 103 8 1
598 75 15 103 8 1
599 75 16 103 8 1
600 76 9 103 8 1
601 76 10 103 8 1
602 76 11 103 8 1
603 76 12 103 8 1
604 76 13 103 8 1
605 76 14 103 8 1
606 76 15 103 8 1
607 76 16 103 8 1
608 77 9 103 8 1
609 77 10 103 8 1
610 77 11 103 8 1
611 77 12 103 8 1
612 77 13 103 8 1
613 77 14 103 8 1
614 77 15 103 8 1
615 77 16 103 8 1
616 78 9 103 8 1
617 78 10 103 8 1
618 78 11 103 8 1
619 78 12 103 8 1
620 78 13 103 8 1
621 78 14 103 8 1
622 78 15 103 8 1
623 78 16 103 8 1
624 79 9 103 8 1
625 79 10 103 8 1
626 79 11 103 8 1
627 79 12 103 8 1
628 79 13 103 8 1
629 79 14 103 8 1
630 79 15 103 8 1
631 79 16 103 8 1
632 80 9 103 8 1
633 80 10 103 8 1
634 80 11 103 8 1
635 80 12 103 8 1
636 80 13 103 8 1
637 80 14 103 8 1
638 80 15 103 8 1
639 80 16 103 8 1
640 81 9 103 8 1
641 81 10 103 8 1
642 81 11 103 8 1
643 81 12 103 8 1
644 81 13 103 8 1
645 81 14 103 8 1
646 81 15 103 8 1
647 81 16 103 8 1
648 82 9 103 8 1
649 82 10 103 8 1
650 82 11 103 8 1
651 82 12 103 8 1
652 82 13 103 8 1
653 82 14 103 8 1
654 82 15 103 8 1
655 82 16 103 8 1
656 83 9 103 8 1
657 83 10 103 8 1
658 83 11 103 8 1
659 83 12 103 8 1
660 83 13 103 8 1
661 83 14 103 8 1
662 83 15 103 8 1
663 83 16 103 8 1
664 84 9 103 8 1
665 84 10 103 8 1
666 84 11 103 8 1
667 84 12 103 8 1
668 84 13 103 8 1
669 84 14 103 8 1
670 84 15 103 8 1
671 84 16 103 8 1
672 85 9 103 8 1
673 85 10 103 8 1
674 85 11 103 8 1
675 85 12 103 8 1
676 85 13 103 8 1
677 85 14 103 8 1
678 85 15 103 8 1
679 85 16 103 8 1
680 86 9 103 8 1
681 86 10 103 8 1
682 86 11 103 8 1
683 86 12 103 8 1
684 86 13 103 8 1
685 86 14 103 8 1
686 86 15 103 8 1
687 86 16 103 8 1
688 87 9 103 8 1
689 87 10 103 8 1
690 87 11 103 8 1
691 87 12 103 8 1
692 87 13 103 8 1
693 87 14 103 8 1
694 87 15 103 8 1
695 87 16 103 8 1
696 88 9 103 8 1
697 88 10 103 8 1
698 88 11 103 8 1
699 88 12 103 8 1
700 88 13 103 8 1
701 88 14 103 8 1
702 88 15 103 8 1
703 88 16 103 8 1
704 89 9 103 8 1
705 89 10 103 8 1
706 89 11 103 8 1
707 89 12 103 8 1
708 89 13 103 8 1
709 89 14 103 8 1
710 89 15 103 8 1
711 89 16 103 8 1
712 90 9 103 8 1
713 90 10 103 8 1
714 90 11 103 8 1
715 90 12 103 8 1
716 90 13 103 8 1
717 90 14 103 8 1
718 90 15 103 8 1
719 90 16 103 8 1
720 91 9 103 8 1
721 91 10 103 8 1
722 91 11 103 8 1
723 91 12 103 8 1
724 91 13 103 8 1
725 91 14 103 8 1
726 91 15 103 8 1
727 91 16 103 8 1
728 92 9 103 8 1
729 92 10 103 8 1
730 92 11 103 8 1
731 92 12 103 8 1
732 92 13 103 8 1
733 92 14 103 8 1
734 92 15 103 8 1
735 92 16 103 8 1
736 93 9 103 8 1
737 93 10 103 8 1
738 93 11 103 8 1
739 93 12 103 8 1
740 93 13 103 8 1
741 93 14 103 8 1
742 93 15 103 8 1
743 93 16 103 8 1
744 94 9 103 8 1
745 94 10 103 8 1
746 94 11 103 8 1
747 94 12 103 8 1
748 94 13 103 8 1
749 94 14 103 8 1
750 94 15 103 8 1
751 94 16 103 8 1
752 95 9 103 8 1
753 95 10 103 8 1
754 95 11 103 8 1
755 95 12 103 8 1
756 95 13 103 8 1
757 95 14 103 8 1
758 95 15 103 8 1
759 95 16 103 8 1
760 96 9 103 8 1
761 96 10 103 8 1
762 96 11 103 8 1
763 96 12 103 8 1
764 96 13 103 8 1
765 96 14 103 8 1
766 96 15 103 8 1
767 96 16 103 8 1
768 97 9 103 8 1
769 97 10 103 8 1
770 97 11 103 8 1
771 97 12 103 8 1
772 97 13 103 8 1
773 97 14 103 8 1
774 97 15 103 8 1
775 97 16 103 8 1
776 98 9 103 8 1
777 98 10 103 8 1
778 98 11 103 8 1
779 98 12 103 8 1
780 98 13 103 8 1
781 98 14 103 8 1
782 98 15 103 8 1
783 98 16 103 8 1
784 99 9 103 8 1
785 99 10 103 8 1
786 99 11 103 8 1
787 99 12 103 8 1
788 99 13 103 8 1
789 99 14 103 8 1
790 99 15 103 8 1
791 99 16 103 8 1
792 100 9 103 8 1
793 100 10 103 8 1
794 100 13 103 8 1
795 100 14 103 8 1
796 100 15 103 8 1
797 100 16 103 8 1
798 101 9 103 8 1
799 101 10 103 8 1
800 101 13 103 8 1
801 101 14 103 8 1
802 101 15 103 8 1
803 101 16 103 8 1
804 102 9 103 8 1
805 102 10 103 8 1
806 102 11 103 8 1
807 102 12 103 8 1
808 102 15 103 8 1
809 102 16 103 8 1
810 103 9 103 8 1
811 103 10 103 8 1
812 103 11 103 8 1
813 103 12 103 8 1
814 103 15 103 8 1
815 103 16 103 8 1
816 104 9 103 8 1
817 104 10 103 8 1
818 104 11 103 8 1
819 104 12 103 8 1
820 104 13 103 8 1
821 104 14 103 8 1
822 104 15 103 8 1
823 104 16 103 8 1
824 105 9 103 8 1
825 105 10 103 8 1
826 105 11 103 8 1
827 105 12 103 8 1
828 105 13 103 8 1
829 105 14 103 8 1
830 105 15 103 8 1
831 105 16 103 8 1
832 106 9 103 8 1
833 106 10 103 8 1
834 106 11 103 8 1
835 106 12 103 8 1
836 106 13 103 8 1
837 106 14 103 8 1
838 106 15 103 8 1
839 106 16 103 8 1
840 107 9 103 8 1
841 107 10 103 8 1
842 107 11 103 8 1
843 107 12 103 8 1
844 107 13 103 8 1
845 107 14 103 8 1
846 107 15 103 8 1
847 107 16 103 8 1
848 108 9 103 8 1
849 108 10 103 8 1
850 108 11 103 8 1
851 108 12 103 8 1
852 108 13 103 8 1
853 108 14 103 8 1
854 108 15 103 8 1
855 108 16 103 8 1
856 109 9 103 8 1
857 109 10 103 8 1
858 109 11 103 8 1
859 109 12 103 8 1
860 109 13 103 8 1
861 109 14 103 8 1
862 109 15 103 8 1
863 109 16 103 8 1
864 110 9 103 8 1
865 110 10 103 8 1
866 110 11 103 8 1
867 110 12 103 8 1
868 110 13 103 8 1
869 110 14 103 8 1
870 110 15 103 8 1
871 110 16 103 8 1
872 111 9 103 8 1
873 111 10 103 8 1
874 111 11 103 8 1
875 111 12 103 8 1
876 111 13 103 8 1
877 111 14 103 8 1
878 111 15 103 8 1
879 111 16 103 8 1
880 112 9 103 8 1
881 112 10 103 8 1
882 112 11 103 8 1
883 112 12 103 8 1
884 112 13 103 8 1
885 112 14 103 8 1
886 112 15 103 8 1
887 112 16 103 8 1
888 113 9 103 8 1
889 113 10 103 8 1
890 113 11 103 8 1
891 113 12 103 8 1
892 113 13 103 8 1
893 113 14 103 8 1
894 113 15 103 8 1
895 113 16 103 8 1
896 114 9 103 8 1
897 114 10 103 8 1
898 114 11 103 8 1
899 114 12 103 8 1
900 114 13 103 8 1
901 114 14 103 8 1
902 114 15 103 8 1
903 114 16 103 8 1
904 115 9 103 8 1
905 115 10 103 8 1
906 115 11 103 8 1
907 115 12 103 8 1
908 115 13 103 8 1
909 115 14 103 8 1
910 115 15 103 8 1
911 115 16 103 8 1
912 116 9 103 8 1
913 116 10 103 8 1
914 116 11 103 8 1
915 116 12 103 8 1
916 116 13 103 8 1
917 116 14 103 8 1
918 116 15 103 8 1
919 116 16 103 8 1
920 117 9 103 8 1
921 117 10 103 8 1
922 117 11 103 8 1
923 117 12 103 8 1
924 117 13 103 8 1
925 117 14 103 8 1
926 117 15 103 8 1
927 117 16 103 8 1
928 118 9 103 8 1
929 118 10 103 8 1
930 118 11 103 8 1
931 118 12 103 8 1
932 118 13 103 8 1
933 118 14 103 8 1
934 118 15 103 8 1
935 118 16 103 8 1
936 119 9 103 8 1
937 119 10 103 8 1
938 119 11 103 8 1
939 119 12 103 8 1
940 119 13 103 8 1
941 119 14 103 8 1
942 119 15 103 8 1
943 119 16 103 8 1
944 120 9 103 8 1
945 120 10 103 8 1
946 120 11 103 8 1
947 120 12 103 8 1
948 120 13 103 8 1
949 120 14 103 8 1
950 120 15 103 8 1
951 120 16 103 8 1
952 121 9 103 8 1
953 121 10 103 8 1
954 121 11 103 8 1
955 121 12 103 8 1
956 121 13 103 8 1
957 121 14 103 8 1
958 121 15 103 8 1
959 121 16 103 8 1
960 122 9 103 8 1
961 122 10 103 8 1
962 122 11 103 8 1
963 122 12 103 8 1
964 122 13 103 8 1
965 122 14 103 8 1
966 122 15 103 8 1
967 122 16 103 8 1
968 123 9 103 8 1
969 123 10 103 8 1
970 123 11 103 8 1
971 123 12 103 8 1
972 123 13 103 8 1
973 123 14 103 8 1
974 123 15 103 8 1
975 123 16 103 8 1
976 124 9 103 8 1
977 124 10 103 8 1
978 124 11 103 8 1
979 124 12 103 8 1
980 124 13 103 8 1
981 124 14 103 8 1
982 124 15 103 8 1
983 124 16 103 8 1
984 125 9 103 8 1
985 125 10 103 8 1
986 125 11 103 8 1
987 125 12 103 8 1
988 125 13 103 8 1
989 125 14 103 8 1
990 125 15 103 8 1
991 125 16 103 8 1
992 126 9 103 8 1
993 126 10 103 8 1
994 126 11 103 8 1
995 126 12 103 8 1
996 126 13 103 8 1
997 126 14 103 8 1
998 126 15 103 8 1
999 126 16 103 8 1
1000 127 9 103 8 1
1001 127 10 103 8 1
1002 127 11 103 8 1
1003 127 12 103 8 1
1004 127 13 103 8 1
1005 127 14 103 8 1
1006 127 15 103 8 1
1007 127 16 103 8 1
1008 128 9 103 8 1
1009 128 10 103 8 1
1010 128 11 103 8 1
1011 128 12 103 8 1
1012 128 13 103 8 1
1013 128 14 103 8 1
1014 128 15 103 8 1
1015 128 16 103 8 1
1016 129 9 103 8 1
1017 129 10 103 8 1
1018 129 11 103 8 1
1019 129 12 103 8 1
1020 129 13 103 8 1
1021 129 14 103 8 1
1022 129 15 103 8 1
1023 129 16 103 8 1
1024 130 9 103 8 1
1025 130 10 103 8 1
1026 130 11 103 8 1
1027 130 12 103 8 1
1028 130 13 103 8 1
1029 130 14 103 8 1
1030 130 15 103 8 1
1031 130 16 103 8 1
1032 131 9 103 8 1
1033 131 10 103 8 1
1034 131 11 103 8 1
1035 131 12 103 8 1
1036 131 13 103 8 1
1037 131 14 103 8 1
1038 131 15 103 8 1
1039 131 16 103 8 1
1040 132 9 103 8 1
1041 132 10 103 8 1
1042 132 11 103 8 1
1043 132 12 103 8 1
1044 132 13 103 8 1
1045 132 14 103 8 1
1046 132 15 103 8 1
1047 132 16 103 8 1
1048 133 9 103 8 1
1049 133 10 103 8 1
1050 133 11 103 8 1
1051 133 12 103 8 1
1052 133 13 103 8 1
1053 133 14 103 8 1
1054 133 15 103 8 1
1055 133 16 103 8 1
1056 134 9 103 8 1
1057 134 10 103 8 1
1058 134 11 103 8 1
1059 134 12 103 8 1
1060 134 13 103 8 1
1061 134 14 103 8 1
1062 134 15 103 8 1
1063 134 16 103 8 1
1064 135 9 103 8 1
1065 135 10 103 8 1
1066 135 11 103 8 1
1067 135 12 103 8 1
1068 135 13 103 8 1
1069 135 14 103 8 1
1070 135 15 103 8 1
1071 135 16 103 8 1
1072 136 9 103 8 1
1073 136 10 103 8 1
1074 136 11 103 8 1
1075 136 12 103 8 1
1076 136 13 103 8 1
1077 136 14 103 8 1
1078 136 15 103 8 1
1079 136 16 103 8 1
1080 137 9 103 8 1
1081 137 10 103 8 1
1082 137 11 103 8 1
1083 137 12 103 8 1
1084 137 13 103 8 1
1085 137 14 103 8 1
1086 137 15 103 8 1
1087 137 16 103 8 1
1088 138 9 103 8 1
1089 138 10 103 8 1
1090 138 11 103 8 1
1091 138 12 103 8 1
1092 138 13 103 8 1
1093 138 14 103 8 1
1094 138 15 103 8 1
1095 138 16 103 8 1
1096 139 9 103 8 1
1097 139 10 103 8 1
1098 139 11 103 8 1
1099 139 12 103 8 1
1100 139 13 103 8 1
1101 139 14 103 8 1
1102 139 15 103 8 1
1103 139 16 103 8 1
1104 140 9 103 8 1
1105 140 10 103 8 1
1106 140 11 103 8 1
1107 140 12 103 8 1
1108 140 13 103 8 1
1109 140 14 103 8 1
1110 140 15 103 8 1
1111 140 16 103 8 1
1112 141 9 103 8 1
1113 141 10 103 8 1
1114 141 11 103 8 1
1115 141 12 103 8 1
1116 141 13 103 8 1
1117 141 14 103 8 1
1118 141 15 103 8 1
1119 141 16 103 8 1
1120 142 9 103 8 1
1121 142 10 103 8 1
1122 142 11 103 8 1
1123 142 12 103 8 1
1124 142 13 103 8 1
1125 142 14 103 8 1
1126 142 15 103 8 1
1127 142 16 103 8 1
1128 143 9 103 8 1
1129 143 10 103 8 1
1130 143 11 103 8 1
1131 143 12 103 8 1
1132 143 13 103 8 1
1133 143 14 103 8 1
1134 143 15 103 8 1
1135 143 16 103 8 1
1136 144 9 103 8 1
1137 144 10 103 8 1
1138 144 11 103 8 1
1139 144 12 103 8 1
1140 144 13 103 8 1
1141 144 14 103 8 1
1142 144 15 103 8 1
1143 144 16 103 8 1
1144 145 9 103 8 1
1145 145 10 103 8 1
1146 145 11 103 8 1
1147 145 12 103 8 1
1148 145 13 103 8 1
1149 145 14 103 8 1
1150 145 15 103 8 1
1151 145 16 103 8 1
1152 146 9 103 8 1
1153 146 10 103 8 1
1154 146 11 103 8 1
1155 146 12 103 8 1
1156 146 13 103 8 1
1157 146 14 103 8 1
1158 146 15 103 8 1
1159 146 16 103 8 1
1160 147 9 103 8 1
1161 147 10 103 8 1
1162 147 11 103 8 1
1163 147 12 103 8 1
1164 147 13 103 8 1
1165 147 14 103 8 1
1166 147 15 103 8 1
1167 147 16 103 8 1
1168 148 9 103 8 1
1169 148 10 103 8 1
1170 148 11 103 8 1
1171 148 12 103 8 1
1172 148 13 103 8 1
1173 148 14 103 8 1
1174 148 15 103 8 1
1175 148 16 103 8 1
1176 149 9 103 8 1
1177 149 10 103 8 1
1178 149 11 103 8 1
1179 149 12 103 8 1
1180 149 13 103 8 1
1181 149 14 103 8 1
1182 149 15 103 8 1
1183 149 16 103 8 1
1184 150 9 103 8 1
1185 150 10 103 8 1
1186 150 11 103 8 1
1187 150 12 103 8 1
1188 150 13 103 8 1
1189 150 14 103 8 1
1190 150 15 103 8 1
1191 150 16 103 8 1
1192 151 9 103 8 1
1193 151 10 103 8 1
1194 151 11 103 8 1
1195 151 12 103 8 1
1196 151 13 103 8 1
1197 151 14 103 8 1
1198 151 15 103 8 1
1199 151 16 103 8 1
1200 152 9 103 8 1
1201 152 10 103 8 1
1202 152 11 103 8 1
1203 152 12 103 8 1
1204 152 13 103 8 1
1205 152 14 103 8 1
1206 152 15 103 8 1
1207 152 16 103 8 1
1208 153 9 103 8 1
1209 153 10 103 8 1
1210 153 11 103 8 1
1211 153 12 103 8 1
1212 153 13 103 8 1
1213 153 14 103 8 1
1214 153 15 103 8 1
1215 153 16 103 8 1
1216 154 9 103 8 1
1217 154 10 103 8 1
1218 154 11 103 8 1
1219 154 12 103 8 1
1220 154 13 103 8 1
1221 154 14 103 8 1
1222 154 15 103 8 1
1223 154 16 103 8 1
1224 155 9 103 8 1
1225 155 10 103 8 1
1226 155 11 103 8 1
1227 155 12 103 8 1
1228 155 13 103 8 1
1229 155 14 103 8 1
1230 155 15 103 8 1
1231 155 16 103 8 1
1232 156 9 103 8 1
1233 156 10 103 8 1
1234 156 11 103 8 1
1235 156 12 103 8 1
1236 156 13 103 8 1
1237 156 14 103 8 1
1238 156 15 103 8 1
1239 156 16 103 8 1
1240 157 9 103 8 1
1241 157 10 103 8 1
1242 157 11 103 8 1
1243 157 12 103 8 1
1244 157 13 103 8 1
1245 157 14 103 8 1
1246 157 15 103 8 1
1247 157 16 103 8 1
1248 158 9 103 8 1
1249 158 10 103 8 1
1250 158 11 103 8 1
1251 158 12 103 8 1
1252 158 13 103 8 1
1253 158 14 103 8 1
1254 158 15 103 8 1
1255 158 16 103 8 1
1256 159 9 103 8 1
1257 159 10 103 8 1
1258 159 11 103 8 1
1259 159 12 103 8 1
1260 159 13 103 8 1
1261 159 14 103 8 1
1262 159 15 103 8 1
1263 159 16 103 8 1
1264 160 9 103 8 1
1265 160 10 103 8 1
1266 160 11 103 8 1
1267 160 12 103 8 1
1268 160 13 103 8 1
1269 160 14 103 8 1
1270 160 15 103 8 1
1271 160 16 103 8 1
1272 161 9 103 8 1
1273 161 10 103 8 1
1274 161 11 103 8 1
1275 161 12 103 8 1
1276 161 13 103 8 1
1277 161 14 103 8 1
1278 161 15 103 8 1
1279 161 16 103 8 1
1280 162 9 103 8 1
1281 162 10 103 8 1
1282 162 11 103 8 1
1283 162 12 103 8 1
1284 162 13 103 8 1
1285 162 14 103 8 1
1286 162 15 103 8 1
1287 162 16 103 8 1
1288 163 9 103 8 1
1289 163 10 103 8 1
1290 163 11 103 8 1
1291 163 12 103 8 1
1292 163 13 103 8 1
1293 163 14 103 8 1
1294 163 15 103 8 1
1295 163 16 103 8 1
1296 164 9 103 8 1
1297 164 10 103 8 1
1298 164 11 103 8 1
1299 164 12 103 8 1
1300 164 13 103 8 1
1301 164 14 103 8 1
1302 164 15 103 8 1
1303 164 16 103 8 1
1304 165 9 103 8 1
1305 165 10 103 8 1
1306 165 11 103 8 1
1307 165 12 103 8 1
1308 165 13 103 8 1
1309 165 14 103 8 1
1310 165 15 103 8 1
1311 165 16 103 8 1
1312 166 9 103 8 1
1313 166 10 103 8 1
1314 166 11 103 8 1
1315 166 12 103 8 1
1316 166 13 103 8 1
1317 166 14 103 8 1
1318 166 15 103 8 1
1319 166 16 103 8 1
1320 167 9 103 8 1
1321 167 10 103 8 1
1322 167 11 103 8 1
1323 167 12 103 8 1
1324 167 13 103 8 1
1325 167 14 103 8 1
1326 167 15 103 8 1
1327 167 16 103 8 1
1328 168 9 103 8 1
1329 168 10 103 8 1
1330 168 11 103 8 1
1331 168 12 103 8 1
1332 168 13 103 8 1
1333 168 14 103 8 1
1334 168 15 103 8 1
1335 168 16 103 8 1
1336 169 9 103 8 1
1337 169 10 103 8 1
1338 169 11 103 8 1
1339 169 12 103 8 1
1340 169 13 103 8 1
1341 169 14 103 8 1
1342 169 15 103 8 1
1343 169 16 103 8 1
1344 170 9 103 8 1
1345 170 10 103 8 1
1346 170 11 103 8 1
1347 170 12 103 8 1
1348 170 13 103 8 1
1349 170 14 103 8 1
1350 170 15 103 8 1
1351 170 16 103 8 1
1352 171 9 103 8 1
1353 171 10 103 8 1
1354 171 11 103 8 1
1355 171 12 103 8 1
1356 171 13 103 8 1
1357 171 14 103 8 1
1358 171 15 103 8 1
1359 171 16 103 8 1
1360 172 9 103 8 1
1361 172 10 103 8 1
1362 172 11 103 8 1
1363 172 12 103 8 1
1364 172 13 103 8 1
1365 172 14 103 8 1
1366 172 15 103 8 1
1367 172 16 103 8 1
1368 173 9 103 8 1
1369 173 10 103 8 1
1370 173 11 103 8 1
1371 173 12 103 8 1
1372 173 13 103 8 1
1373 173 14 103 8 1
1374 173 15 103 8 1
1375 173 16 103 8 1
1376 174 9 103 8 1
1377 174 10 103 8 1
1378 174 11 103 8 1
1379 174 12 103 8 1
1380 174 13 103 8 1
1381 174 14 103 8 1
1382 174 15 103 8 1
1383 174 16 103 8 1
1384 175 9 103 8 1
1385 175 10 103 8 1
1386 175 11 103 8 1
1387 175 12 103 8 1
1388 175 13 103 8 1
1389 175 14 103 8 1
1390 175 15 103 8 1
1391 175 16 103 8 1
1392 176 9 103 8 1
1393 176 10 103 8 1
1394 176 11 103 8 1
1395 176 12 103 8 1
1396 176 13 103 8 1
1397 176 14 103 8 1
1398 176 15 103 8 1
1399 176 16 103 8 1
1400 177 9 103 8 1
1401 177 10 103 8 1
1402 177 11 103 8 1
1403 177 12 103 8 1
1404 177 13 103 8 1
1405 177 14 103 8 1
1406 177 15 103 8 1
1407 177 16 103 8 1
1408 178 9 103 8 1
1409 178 10 103 8 1
1410 178 11 103 8 1
1411 178 12 103 8 1
1412 178 13 103 8 1
1413 178 14 103 8 1
1414 178 15 103 8 1
1415 178 16 103 8 1
1416 179 9 103 8 1
1417 179 10 103 8 1
1418 179 11 103 8 1
1419 179 12 103 8 1
1420 179 13 103 8 1
1421 179 14 103 8 1
1422 179 15 103 8 1
1423 179 16 103 8 1
1424 180 9 103 8 1
1425 180 10 103 8 1
1426 180 11 103 8 1
1427 180 12 103 8 1
1428 180 13 103 8 1
1429 180 14 103 8 1
1430 180 15 103 8 1
1431 180 16 103 8 1
1432 181 9 103 8 1
1433 181 10 103 8 1
1434 181 11 103 8 1
1435 181 12 103 8 1
1436 181 13 103 8 1
1437 181 14 103 8 1
1438 181 15 103 8 1
1439 181 16 103 8 1
1440 182 9 103 8 1
1441 182 10 103 8 1
1442 182 11 103 8 1
1443 182 12 103 8 1
1444 182 13 103 8 1
1445 182 14 103 8 1
1446 182 15 103 8 1
1447 182 16 103 8 1
1448 183 9 103 8 1
1449 183 10 103 8 1
1450 183 11 103 8 1
1451 183 12 103 8 1
1452 183 13 103 8 1
1453 183 14 103 8 1
1454 183 15 103 8 1
1455 183 16 103 8 1
1456 184 9 103 8 1
1457 184 10 103 8 1
1458 184 11 103 8 1
1459 184 12 103 8 1
1460 184 13 103 8 1
1461 184 14 103 8 1
1462 184 15 103 8 1
1463 184 16 103 8 1
1464 185 9 103 8 1
1465 185 10 103 8 1
1466 185 11 103 8 1
1467 185 12 103 8 1
1468 185 13 103 8 1
1469 185 14 103 8 1
1470 185 15 103 8 1
1471 185 16 103 8 1
1472 186 9 103 8 1
1473 186 10 103 8 1
1474 186 11 103 8 1
1475 186 12 103 8 1
1476 186 13 103 8 1
1477 186 14 103 8 1
1478 186 15 103 8 1
1479 186 16 103 8 1
1480 187 9 103 8 1
1481 187 10 103 8 1
1482 187 11 103 8 1
1483 187 12 103 8 1
1484 187 13 103 8 1
1485 187 14 103 8 1
1486 187 15 103 8 1
1487 187 16 103 8 1
1488 188 9 103 8 1
1489 188 10 103 8 1
1490 188 11 103 8 1
1491 188 12 103 8 1
1492 188 13 103 8 1
1493 188 14 103 8 1
1494 188 15 103 8 1
1495 188 16 103 8 1
1496 189 9 103 8 1
1497 189 10 103 8 1
1498 189 11 103 8 1
1499 189 12 103 8 1
1500 189 13 103 8 1
1501 189 14 103 8 1
1502 189 15 103 8 1
1503 189 16 103 8 1
1504 190 9 103 8 1
1505 190 10 103 8 1
1506 190 11 103 8 1
1507 190 12 103 8 1
1508 190 13 103 8 1
1509 190 14 103 8 1
1510 190 15 103 8 1
1511 190 16 103 8 1
1512 191 9 103 8 1
1513 191 10 103 8 1
1514 191 11 103 8 1
1515 191 12 103 8 1
1516 191 13 103 8 1
1517 191 14 103 8 1
1518 191 15 103 8 1
1519 191 16 103 8 1
1520 192 9 103 8 1
1521 192 10 103 8 1
1522 192 11 103 8 1
1523 192 12 103 8 1
1524 192 13 103 8 1
1525 192 14 103 8 1
1526 192 15 103 8 1
1527 192 16 103 8 1
1528 193 9 103 8 1
1529 193 10 103 8 1
1530 193 11 103 8 1
1531 193 12 103 8 1
1532 193 13 103 8 1
1533 193 14 103 8 1
1534 193 15 103 8 1
1535 193 16 103 8 1
1536 194 9 103 8 1
1537 194 10 103 8 1
1538 194 11 103 8 1
1539 194 12 103 8 1
1540 194 13 103 8 1
1541 194 14 103 8 1
1542 194 15 103 8 1
1543 194 16 103 8 1
1544 195 9 103 8 1
1545 195 10 103 8 1
1546 195 11 103 8 1
1547 195 12 103 8 1
1548 195 13 103 8 1
1549 195 14 103 8 1
1550 195 15 103 8 1
1551 195 16 103 8 1
1552 196 9 103 8 1
1553 196 10 103 8 1
1554 196 11 103 8 1
1555 196 12 103 8 1
1556 196 13 103 8 1
1557 196 14 103 8 1
1558 196 15 103 8 1
1559 196 16 103 8 1
1560 197 9 103 8 1
1561 197 10 103 8 1
1562 197 11 103 8 1
1563 197 12 103 8 1
1564 197 13 103 8 1
1565 197 14 103 8 1
1566 197 15 103 8 1
1567 197 16 103 8 1
1568 198 9 103 8 1
1569 198 10 103 8 1
1570 198 11 103 8 1
1571 198 12 103 8 1
1572 198 13 103 8 1
1573 198 14 103 8 1
1574 198 15 103 8 1
1575 198 16 103 8 1
1576 199 9 103 8 1
1577 199 10 103 8 1
1578 199 11 103 8 1
1579 199 12 103 8 1
1580 199 13 103 8 1
1581 199 14 103 8 1
1582 199 15 103 8 1
1583 199 16 103 8 1
1584 200 9 103 8 1
1585 200 10 103 8 1
1586 200 11 103 8 1
1587 200 12 103 8 1
1588 200 13 103 8 1
1589 200 14 103 8 1
1590 200 15 103 8 1
1591 200 16 103 8 1
1592 201 9 103 8 1
1593 201 10 103 8 1
1594 201 11 103 8 1
1595 201 12 103 8 1
1596 201 13 103 8 1
1597 201 14 103 8 1
1598 201 15 103 8 1
1599 201 16 103 8 1
1600 202 9 103 8 1
1601 202 10 103 8 1
1602 202 11 103 8 1
1603 202 12 103 8 1
1604 202 13 103 8 1
1605 202 14 103 8 1
1606 202 15 103 8 1
1607 202 16 103 8 1
1608 203 9 103 8 1
1609 203 10 103 8 1
1610 203 11 103 8 1
1611 203 12 103 8 1
1612 203 13 103 8 1
1613 203 14 103 8 1
1614 203 15 103 8 1
1615 203 16 103 8 1
1616 204 9 103 8 1
1617 204 10 103 8 1
1618 204 11 103 8 1
1619 204 12 103 8 1
1620 204 13 103 8 1
1621 204 14 103 8 1
1622 204 15 103 8 1
1623 204 16 103 8 1
1624 205 9 103 8 1
1625 205 10 103 8 1
1626 205 11 103 8 1
1627 205 12 103 8 1
1628 205 13 103 8 1
1629 205 14 103 8 1
1630 205 15 103 8 1
1631 205 16 103 8 1
1632 206 9 103 8 1
1633 206 10 103 8 1
1634 206 11 103 8 1
1635 206 12 103 8 1
1636 206 13 103 8 1
1637 206 14 103 8 1
1638 206 15 103 8 1
1639 206 16 103 8 1
1640 207 9 103 8 1
1641 207 10 103 8 1
1642 207 11 103 8 1
1643 207 12 103 8 1
1644 207 13 103 8 1
1645 207 14 103 8 1
1646 207 15 103 8 1
1647 207 16 103 8 1
1648 208 9 103 8 1
1649 208 10 103 8 1
1650 208 11 103 8 1
1651 208 12 103 8 1
1652 208 13 103 8 1
1653 208 14 103 8 1
1654 208 15 103 8 1
1655 208 16 103 8 1
1656 209 9 103 8 1
1657 209 10 103 8 1
1658 209 11 103 8 1
1659 209 12 103 8 1
1660 209 13 103 8 1
1661 209 14 103 8 1
1662 209 15 103 8 1
1663 209 16 103 8 1
1664 210 9 103 8 1
1665 210 10 103 8 1
1666 210 11 103 8 1
1667 210 12 103 8 1
1668 210 13 103 8 1
1669 210 14 103 8 1
1670 210 15 103 8 1
1671 210 16 103 8 1
1672 211 9 103 8 1
1673 211 10 103 8 1
1674 211 11 103 8 1
1675 211 12 103 8 1
1676 211 13 103 8 1
1677 211 14 103 8 1
1678 211 15 103 8 1
1679 211 16 103 8 1
1680 212 9 103 8 1
1681 212 10 103 8 1
1682 212 11 103 8 1
1683 212 12 103 8 1
1684 212 13 103 8 1
1685 212 14 103 8 1
1686 212 15 103 8 1
1687 212 16 103 8 1
1688 213 9 103 8 1
1689 213 10 103 8 1
1690 213 11 103 8 1
1691 213 12 103 8 1
1692 213 13 103 8 1
1693 213 14 103 8 1
1694 213 15 103 8 1
1695 213 16 103 8 1
1696 214 9 103 8 1
1697 214 10 103 8 1
1698 214 11 103 8 1
1699 214 12 103 8 1
1700 214 13 103 8 1
1701 214 14 103 8 1
1702 214 15 103 8 1
1703 214 16 103 8 1
1704 215 9 103 8 1
1705 215 10 103 8 1
1706 215 11 103 8 1
1707 215 12 103 8 1
1708 215 13 103 8 1
1709 215 14 103 8 1
1710 215 15 103 8 1
1711 215 16 103 8 1
1712 216 9 103 8 1
1713 216 10 103 8 1
1714 216 11 103 8 1
1715 216 12 103 8 1
1716 216 13 103 8 1
1717 216 14 103 8 1
1718 216 15 103 8 1
1719 216 16 103 8 1
1720 217 9 103 8 1
1721 217 10 103 8 1
1722 217 11 103 8 1
1723 217 12 103 8 1
1724 217 13 103 8 1
1725 217 14 103 8 1
1726 217 15 103 8 1
1727 217 16 103 8 1
1728 218 9 103 8 1
1729 218 10 103 8 1
1730 218 11 103 8 1
1731 218 12 103 8 1
1732 218 13 103 8 1
1733 218 14 103 8 1
1734 218 15 103 8 1
1735 218 16 103 8 1
1736 219 9 103 8 1
1737 219 10 103 8 1
1738 219 11 103 8 1
1739 219 12 103 8 1
1740 219 13 103 8 1
1741 219 14 103 8 1
1742 219 15 103 8 1
1743 219 16 103 8 1
1744 220 9 103 8 1
1745 220 10 103 8 1
1746 220 11 103 8 1
1747 220 12 103 8 1
1748 220 13 103 8 1
1749 220 14 103 8 1
1750 220 15 103 8 1
1751 220 16 103 8 1
1752 221 9 103 8 1
1753 221 10 103 8 1
1754 221 11 103 8 1
1755 221 12 103 8 1
1756 221 13 103 8 1
1757 221 14 103 8 1
1758 221 15 103 8 1
1759 221 16 103 8 1
1760 222 9 103 8 1
1761 222 10 103 8 1
1762 222 11 103 8 1
1763 222 12 103 8 1
1764 222 13 103 8 1
1765 222 14 103 8 1
1766 222 15 103 8 1
1767 222 16 103 8 1
1768 223 9 103 8 1
1769 223 10 103 8 1
1770 223 11 103 8 1
1771 223 12 103 8 1
1772 223 13 103 8 1
1773 223 14 103 8 1
1774 223 15 103 8 1
1775 223 16 103 8 1
1776 224 9 103 8 1
1777 224 10 103 8 1
1778 224 11 103 8 1
1779 224 12 103 8 1
1780 224 13 103 8 1
1781 224 14 103 8 1
1782 224 15 103 8 1
1783 224 16 103 8 1
1784 225 9 103 8 1
1785 225 10 103 8 1
1786 225 11 103 8 1
1787 225 12 103 8 1
1788 225 13 103 8 1
1789 225 14 103 8 1
1790 225 15 103 8 1
1791 225 16 103 8 1
1792 226 9 103 8 1
1793 226 10 103 8 1
1794 226 11 103 8 1
1795 226 12 103 8 1
1796 226 13 103 8 1
1797 226 14 103 8 1
1798 226 15 103 8 1
1799 226 16 103 8 1
1800 227 9 103 8 1
1801 227 10 103 8 1
1802 227 11 103 8 1
1803 227 12 103 8 1
1804 227 13 103 8 1
1805 227 14 103 8 1
1806 227 15 103 8 1
1807 227 16 103 8 1
1808 228 9 103 8 1
1809 228 10 103 8 1
1810 228 11 103 8 1
1811 228 12 103 8 1
1812 228 13 103 8 1
1813 228 14 103 8 1
1814 228 15 103 8 1
1815 228 16 103 8 1
1816 229 9 103 8 1
1817 229 10 103 8 1
1818 229 11 103 8 1
1819 229 12 103 8 1
1820 229 13 103 8 1
1821 229 14 103 8 1
1822 229 15 103 8 1
1823 229 16 103 8 1
1824 230 9 103 8 1
1825 230 10 103 8 1
1826 230 11 103 8 1
1827 230 12 103 8 1
1828 230 13 103 8 1
1829 230 14 103 8 1
1830 230 15 103 8 1
1831 230 16 103 8 1
1832 231 9 103 8 1
1833 231 10 103 8 1
1834 231 11 103 8 1
1835 231 12 103 8 1
1836 231 13 103 8 1
1837 231 14 103 8 1
1838 231 15 103 8 1
1839 231 16 103 8 1
1840 232 9 103 8 1
1841 232 10 103 8 1
1842 232 11 103 8 1
1843 232 12 103 8 1
1844 232 13 103 8 1
1845 232 14 103 8 1
1846 232 15 103 8 1
1847 232 16 103 8 1
1848 233 9 103 8 1
1849 233 10 103 8 1
1850 233 11 103 8 1
1851 233 12 103 8 1
1852 233 13 103 8 1
1853 233 14 103 8 1
1854 233 15 103 8 1
1855 233 16 103 8 1
1856 234 9 103 8 1
1857 234 10 103 8 1
1858 234 11 103 8 1
1859 234 12 103 8 1
1860 234 13 103 8 1
1861 234 14 103 8 1
1862 234 15 103 8 1
1863 234 16 103 8 1
1864 235 9 103 8 1
1865 235 10 103 8 1
1866 235 11 103 8 1
1867 235 12 103 8 1
1868 235 13 103 8 1
1869 235 14 103 8 1
1870 235 15 103 8 1
1871 235 16 103 8 1
1872 236 9 103 8 1
1873 236 10 103 8 1
1874 236 11 103 8 1
1875 236 12 103 8 1
1876 236 13 103 8 1
1877 236 14 103 8 1
1878 236 15 103 8 1
1879 236 16 103 8 1
1880 237 9 103 8 1
1881 237 10 103 8 1
1882 237 11 103 8 1
1883 237 12 103 8 1
1884 237 13 103 8 1
1885 237 14 103 8 1
1886 237 15 103 8 1
1887 237 16 103 8 1
1888 238 9 103 8 1
1889 238 10 103 8 1
1890 238 11 103 8 1
1891 238 12 103 8 1
1892 238 13 103 8 1
1893 238 14 103 8 1
1894 238 15 103 8 1
1895 238 16 103 8 1
1896 239 9 103 8 1
1897 239 10 103 8 1
1898 239 11 103 8 1
1899 239 12 103 8 1
1900 239 13 103 8 1
1901 239 14 103 8 1
1902 239 15 103 8 1
1903 239 16 103 8 1
1904 240 9 103 8 1
1905 240 10 103 8 1
1906 240 11 103 8 1
1907 240 12 103 8 1
1908 240 13 103 8 1
1909 240 14 103 8 1
1910 240 15 103 8 1
1911 240 16 103 8 1
1912 241 9 103 8 1
1913 241 10 103 8 1
1914 241 11 103 8 1
1915 241 12 103 8 1
1916 241 13 103 8 1
1917 241 14 103 8 1
1918 241 15 103 8 1
1919 241 16 103 8 1
1920 242 9 103 8 1
1921 242 10 103 8 1
1922 242 11 103 8 1
1923 242 12 103 8 1
1924 242 13 103 8 1
1925 242 14 103 8 1
1926 242 15 103 8 1
1927 242 16 103 8 1
1928 243 9 103 8 1
1929 243 10 103 8 1
1930 243 11 103 8 1
1931 243 12 103 8 1
1932 243 13 103 8 1
1933 243 14 103 8 1
1934 243 15 103 8 1
1935 243 16 103 8 1
1936 244 9 103 8 1
1937 244 10 103 8 1
1938 244 11 103 8 1
1939 244 12 103 8 1
1940 244 13 103 8 1
1941 244 14 103 8 1
1942 244 15 103 8 1
1943 244 16 103 8 1
1944 245 9 103 8 1
1945 245 10 103 8 1
1946 245 11 103 8 1
1947 245 12 103 8 1
1948 245 13 103 8 1
1949 245 14 103 8 1
1950 245 15 103 8 1
1951 245 16 103 8 1
1952 246 9 103 8 1
1953 246 10 103 8 1
1954 246 11 103 8 1
1955 246 12 103 8 1
1956 246 13 103 8 1
1957 246 14 103 8 1
1958 246 15 103 8 1
1959 246 16 103 8 1
1960 247 9 103 8 1
1961 247 10 103 8 1
1962 247 11 103 8 1
1963 247 12 103 8 1
1964 247 13 103 8 1
1965 247 14 103 8 1
1966 247 15 103 8 1
1967 247 16 103 8 1
1968 248 9 103 8 1
1969 248 10 103 8 1
1970 248 11 103 8 1
1971 248 12 103 8 1
1972 248 13 103 8 1
1973 248 14 103 8 1
1974 248 15 103 8 1
1975 248 16 103 8 1
1976 249 9 103 8 1
1977 249 10 103 8 1
1978 249 11 103 8 1
1979 249 12 103 8 1
1980 249 13 103 8 1
1981 249 14 103 8 1
1982 249 15 103 8 1
1983 249 16 103 8 1
1984 250 9 103 8 1
1985 250 10 103 8 1
1986 250 11 103 8 1
1987 250 12 103 8 1
1988 250 13 103 8 1
1989 250 14 103 8 1
1990 250 15 103 8 1
1991 250 16 103 8 1
1992 251 9 103 8 1
1993 251 10 103 8 1
1994 251 11 103 8 1
1995 251 12 103 8 1
1996 251 13 103 8 1
1997 251 14 103 8 1
1998 251 15 103 8 1
1999 251 16 103 8 1
2000 252 9 103 8 1
2001 252 10 103 8 1
2002 252 11 103 8 1
2003 252 12 103 8 1
2004 252 13 103 8 1
2005 252 14 103 8 1
2006 252 15 103 8 1
2007 252 16 103 8 1
2008 253 9 103 8 1
2009 253 10 103 8 1
2010 253 11 103 8 1
2011 253 12 103 8 1
2012 253 13 103 8 1
2013 253 14 103 8 1
2014 253 15 103 8 1
2015 253 16 103 8 1
2016 254 9 103 8 1
2017 254 10 103 8 1
2018 254 11 103 8 1
2019 254 12 103 8 1
2020 254 13 103 8 1
2021 254 14 103 8 1
2022 254 15 103 8 1
2023 254 16 103 8 1
2024 255 9 103 8 1
2025 255 10 103 8 1
2026 255 11 103 8 1
2027 255 12 103 8 1
2028 255 13 103 8 1
2029 255 14 103 8 1
2030 255 15 103 8 1
2031 255 16 103 8 1
2032 256 9 103 8 1
2033 256 10 103 8 1
2034 256 11 103 8 1
2035 256 12 103 8 1
2036 256 13 103 8 1
2037 256 14 103 8 1
2038 256 15 103 8 1
2039 256 16 103 8 1
2040 257 9 103 8 1
2041 257 10 103 8 1
2042 257 11 103 8 1
2043 257 12 103 8 1
2044 257 13 103 8 1
2045 257 14 103 8 1
2046 257 15 103 8 1
2047 257 16 103 8 1
2048 258 9 103 8 1
2049 258 10 103 8 1
2050 258 11 103 8 1
2051 258 12 103 8 1
2052 258 13 103 8 1
2053 258 14 103 8 1
2054 258 15 103 8 1
2055 258 16 103 8 1
2056 259 9 103 8 1
2057 259 10 103 8 1
2058 259 11 103 8 1
2059 259 12 103 8 1
2060 259 13 103 8 1
2061 259 14 103 8 1
2062 259 15 103 8 1
2063 259 16 103 8 1
2064 260 9 103 8 1
2065 260 10 103 8 1
2066 260 11 103 8 1
2067 260 12 103 8 1
2068 260 13 103 8 1
2069 260 14 103 8 1
2070 260 15 103 8 1
2071 260 16 103 8 1
2072 261 9 103 8 1
2073 261 10 103 8 1
2074 261 11 103 8 1
2075 261 12 103 8 1
2076 261 13 103 8 1
2077 261 14 103 8 1
2078 261 15 103 8 1
2079 261 16 103 8 1
2080 262 9 103 8 1
2081 262 10 103 8 1
2082 262 11 103 8 1
2083 262 12 103 8 1
2084 262 13 103 8 1
2085 262 14 103 8 1
2086 262 15 103 8 1
2087 262 16 103 8 1
2088 263 9 103 8 1
2089 263 10 103 8 1
2090 263 11 103 8 1
2091 263 12 103 8 1
2092 263 13 103 8 1
2093 263 14 103 8 1
2094 263 15 103 8 1
2095 263 16 103 8 1
2096 264 9 103 8 1
2097 264 10 103 8 1
2098 264 11 103 8 1
2099 264 12 103 8 1
2100 264 13 103 8 1
2101 264 14 103 8 1
2102 264 15 103 8 1
2103 264 16 103 8 1
2104 265 9 103 8 1
2105 265 10 103 8 1
2106 265 11 103 8 1
2107 265 12 103 8 1
2108 265 13 103 8 1
2109 265 14 103 8 1
2110 265 15 103 8 1
2111 265 16 103 8 1
2112 266 9 103 8 1
2113 266 10 103 8 1
2114 266 11 103 8 1
2115 266 12 103 8 1
2116 266 13 103 8 1
2117 266 14 103 8 1
2118 266 15 103 8 1
2119 266 16 103 8 1
2120 267 9 103 8 1
2121 267 10 103 8 1
2122 267 11 103 8 1
2123 267 12 103 8 1
2124 267 13 103 8 1
2125 267 14 103 8 1
2126 267 15 103 8 1
2127 267 16 103 8 1
2128 268 9 103 8 1
2129 268 10 103 8 1
2130 268 11 103 8 1
2131 268 12 103 8 1
2132 268 13 103 8 1
2133 268 14 103 8 1
2134 268 15 103 8 1
2135 268 16 103 8 1
2136 269 9 103 8 1
2137 269 10 103 8 1
2138 269 11 103 8 1
2139 269 12 103 8 1
2140 269 13 103 8 1
2141 269 14 103 8 1
2142 269 15 103 8 1
2143 269 16 103 8 1
2144 270 9 103 8 1
2145 270 10 103 8 1
2146 270 11 103 8 1
2147 270 12 103 8 1
2148 270 13 103 8 1
2149 270 14 103 8 1
2150 270 15 103 8 1
2151 270 16 103 8 1
2152 271 9 103 8 1
2153 271 10 103 8 1
2154 271 11 103 8 1
2155 271 12 103 8 1
2156 271 13 103 8 1
2157 271 14 103 8 1
2158 271 15 103 8 1
2159 271 16 103 8 1
2160 272 9 103 8 1
2161 272 10 103 8 1
2162 272 11 103 8 1
2163 272 12 103 8 1
2164 272 13 103 8 1
2165 272 14 103 8 1
2166 272 15 103 8 1
2167 272 16 103 8 1
2168 273 9 103 8 1
2169 273 10 103 8 1
2170 273 11 103 8 1
2171 273 12 103 8 1
2172 273 13 103 8 1
2173 273 14 103 8 1
2174 273 15 103 8 1
2175 273 16 103 8 1
2176 274 9 103 8 1
2177 274 10 103 8 1
2178 274 11 103 8 1
2179 274 12 103 8 1
2180 274 13 103 8 1
2181 274 14 103 8 1
2182 274 15 103 8 1
2183 274 16 103 8 1
2184 275 9 103 8 1
2185 275 10 103 8 1
2186 275 11 103 8 1
2187 275 12 103 8 1
2188 275 13 103 8 1
2189 275 14 103 8 1
2190 275 15 103 8 1
2191 275 16 103 8 1
2192 276 9 103 8 1
2193 276 10 103 8 1
2194 276 11 103 8 1
2195 276 12 103 8 1
2196 276 13 103 8 1
2197 276 14 103 8 1
2198 276 15 103 8 1
2199 276 16 103 8 1
2200 277 9 103 8 1
2201 277 10 103 8 1
2202 277 11 103 8 1
2203 277 12 103 8 1
2204 277 13 103 8 1
2205 277 14 103 8 1
2206 277 15 103 8 1
2207 277 16 103 8 1
2208 278 9 103 8 1
2209 278 10 103 8 1
2210 278 11 103 8 1
2211 278 12 103 8 1
2212 278 13 103 8 1
2213 278 14 103 8 1
2214 278 15 103 8 1
2215 278 16 103 8 1
2216 279 9 103 8 1
2217 279 10 103 8 1
2218 279 11 103 8 1
2219 279 12 103 8 1
2220 279 13 103 8 1
2221 279 14 103 8 1
2222 279 15 103 8 1
2223 279 16 103 8 1
2224 280 9 103 8 1
2225 280 10 103 8 1
2226 280 11 103 8 1
2227 280 12 103 8 1
2228 280 13 103 8 1
2229 280 14 103 8 1
2230 280 15 103 8 1
2231 280 16 103 8 1
2232 281 9 103 8 1
2233 281 10 103 8 1
2234 281 11 103 8 1
2235 281 12 103 8 1
2236 281 13 103 8 1
2237 281 14 103 8 1
2238 281 15 103 8 1
2239 281 16 103 8 1
2240 282 9 103 8 1
2241 282 10 103 8 1
2242 282 11 103 8 1
2243 282 12 103 8 1
2244 282 13 103 8 1
2245 282 14 103 8 1
2246 282 15 103 8 1
2247 282 16 103 8 1
2248 283 9 103 8 1
2249 283 10 103 8 1
2250 283 11 103 8 1
2251 283 12 103 8 1
2252 283 13 103 8 1
2253 283 14 103 8 1
2254 283 15 103 8 1
2255 283 16 103 8 1
2256 284 9 103 8 1
2257 284 10 103 8 1
2258 284 11 103 8 1
2259 284 12 103 8 1
2260 284 13 103 8 1
2261 284 14 103 8 1
2262 284 15 103 8 1
2263 284 16 103 8 1
2264 285 9 103 8 1
2265 285 10 103 8 1
2266 285 11 103 8 1
2267 285 12 103 8 1
2268 285 13 103 8 1
2269 285 14 103 8 1
2270 285 15 103 8 1
2271 285 16 103 8 1
2272 286 9 103 8 1
2273 286 10 103 8 1
2274 286 11 103 8 1
2275 286 12 103 8 1
2276 286 13 103 8 1
2277 286 14 103 8 1
2278 286 15 103 8 1
2279 286 16 103 8 1
2280 287 9 103 8 1
2281 287 10 103 8 1
2282 287 11 103 8 1
2283 287 12 103 8 1
2284 287 13 103 8 1
2285 287 14 103 8 1
2286 287 15 103 8 1
2287 287 16 103 8 1
2288 288 9 103 8 1
2289 288 10 103 8 1
2290 288 11 103 8 1
2291 288 12 103 8 1
2292 288 13 103 8 1
2293 288 14 103 8 1
2294 288 15 103 8 1
2295 288 16 103 8 1
2296 289 9 103 8 1
2297 289 10 103 8 1
2298 289 11 103 8 1
2299 289 12 103 8 1
2300 289 13 103 8 1
2301 289 14 103 8 1
2302 289 15 103 8 1
2303 289 16 103 8 1
2304 290 9 103 8 1
2305 290 10 103 8 1
2306 290 11 103 8 1
2307 290 12 103 8 1
2308 290 13 103 8 1
2309 290 14 103 8 1
2310 290 15 103 8 1
2311 290 16 103 8 1
2312 291 9 103 8 1
2313 291 10 103 8 1
2314 291 11 103 8 1
2315 291 12 103 8 1
2316 291 13 103 8 1
2317 291 14 103 8 1
2318 291 15 103 8 1
2319 291 16 103 8 1
2320 292 9 103 8 1
2321 292 10 103 8 1
2322 292 11 103 8 1
2323 292 12 103 8 1
2324 292 13 103 8 1
2325 292 14 103 8 1
2326 292 15 103 8 1
2327 292 16 103 8 1
2328 293 9 103 8 1
2329 293 10 103 8 1
2330 293 11 103 8 1
2331 293 12 103 8 1
2332 293 13 103 8 1
2333 293 14 103 8 1
2334 293 15 103 8 1
2335 293 16 103 8 1
2336 294 9 103 8 1
2337 294 10 103 8 1
2338 294 11 103 8 1
2339 294 12 103 8 1
2340 294 15 103 8 1
2341 294 16 103 8 1
2342 295 9 103 8 1
2343 295 10 103 8 1
2344 295 11 103 8 1
2345 295 12 103 8 1
2346 295 15 103 8 1
2347 295 16 103 8 1
2348 296 9 103 8 1
2349 296 10 103 8 1
2350 296 13 103 8 1
2351 296 14 103 8 1
2352 296 15 103 8 1
2353 296 16 103 8 1
2354 297 9 103 8 1
2355 297 10 103 8 1
2356 297 13 103 8 1
2357 297 14 103 8 1
2358 297 15 103 8 1
2359 297 16 103 8 1
2360 298 9 103 8 1
2361 298 10 103 8 1
2362 298 11 103 8 1
2363 298 12 103 8 1
2364 298 13 103 8 1
2365 298 14 103 8 1
2366 298 15 103 8 1
2367 298 16 103 8 1
2368 299 9 103 8 1
2369 299 10 103 8 1
2370 299 11 103 8 1
2371 299 12 103 8 1
2372 299 13 103 8 1
2373 299 14 103 8 1
2374 299 15 103 8 1
2375 299 16 103 8 1
2376 300 9 103 8 1
2377 300 10 103 8 1
2378 300 11 103 8 1
2379 300 12 103 8 1
2380 300 13 103 8 1
2381 300 14 103 8 1
2382 300 15 103 8 1
2383 300 16 103 8 1
2384 301 9 103 8 1
2385 301 10 103 8 1
2386 301 11 103 8 1
2387 301 12 103 8 1
2388 301 13 103 8 1
2389 301 14 103 8 1
2390 301 15 103 8 1
2391 301 16 103 8 1
2392 302 9 103 8 1
2393 302 10 103 8 1
2394 302 11 103 8 1
2395 302 12 103 8 1
2396 302 13 103 8 1
2397 302 14 103 8 1
2398 302 15 103 8 1
2399 302 16 103 8 1
2400 303 9 103 8 1
2401 303 10 103 8 1
2402 303 11 103 8 1
2403 303 12 103 8 1
2404 303 13 103 8 1
2405 303 14 103 8 1
2406 303 15 103 8 1
2407 303 16 103 8 1
2408 304 9 103 8 1
2409 304 10 103 8 1
2410 304 11 103 8 1
2411 304 12 103 8 1
2412 304 13 103 8 1
2413 304 14 103 8 1
2414 304 15 103 8 1
2415 304 16 103 8 1
2416 305 9 103 8 1
2417 305 10 103 8 1
2418 305 11 103 8 1
2419 305 12 103 8 1
2420 305 13 103 8 1
2421 305 14 103 8 1
2422 305 15 103 8 1
2423 305 16 103 8 1
2424 306 9 103 8 1
2425 306 10 103 8 1
2426 306 11 103 8 1
2427 306 12 103 8 1
2428 306 13 103 8 1
2429 306 14 103 8 1
2430 306 15 103 8 1
2431 306 16 103 8 1
2432 307 9 103 8 1
2433 307 10 103 8 1
2434 307 11 103 8 1
2435 307 12 103 8 1
2436 307 13 103 8 1
2437 307 14 103 8 1
2438 307 15 103 8 1
2439 307 16 103 8 1
2440 308 9 103 8 1
2441 308 10 103 8 1
2442 308 11 103 8 1
2443 308 12 103 8 1
2444 308 13 103 8 1
2445 308 14 103 8 1
2446 308 15 103 8 1
2447 308 16 103 8 1
2448 309 9 103 8 1
2449 309 10 103 8 1
2450 309 11 103 8 1
2451 309 12 103 8 1
2452 309 13 103 8 1
2453 309 14 103 8 1
2454 309 15 103 8 1
2455 309 16 103 8 1
2456 310 9 103 8 1
2457 310 10 103 8 1
2458 310 11 103 8 1
2459 310 12 103 8 1
2460 310 13 103 8 1
2461 310 14 103 8 1
2462 310 15 103 8 1
2463 310 16 103 8 1
2464 311 9 103 8 1
2465 311 10 103 8 1
2466 311 11 103 8 1
2467 311 12 103 8 1
2468 311 13 103 8 1
2469 311 14 103 8 1
2470 311 15 103 8 1
2471 311 16 103 8 1
2472 312 9 103 8 1
2473 312 10 103 8 1
2474 312 11 103 8 1
2475 312 12 103 8 1
2476 312 13 103 8 1
2477 312 14 103 8 1
2478 312 15 103 8 1
2479 312 16 103 8 1
2480 313 9 103 8 1
2481 313 10 103 8 1
2482 313 11 103 8 1
2483 313 12 103 8 1
2484 313 13 103 8 1
2485 313 14 103 8 1
2486 313 15 103 8 1
2487 313 16 103 8 1
2488 314 9 103 8 1
2489 314 10 103 8 1
2490 314 11 103 8 1
2491 314 12 103 8 1
2492 314 13 103 8 1
2493 314 14 103 8 1
2494 314 15 103 8 1
2495 314 16 103 8 1
2496 315 9 103 8 1
2497 315 10 103 8 1
2498 315 11 103 8 1
2499 315 12 103 8 1
2500 315 13 103 8 1
2501 315 14 103 8 1
2502 315 15 103 8 1
2503 315 16 103 8 1
2504 316 9 103 8 1
2505 316 10 103 8 1
2506 316 11 103 8 1
2507 316 12 103 8 1
2508 316 13 103 8 1
2509 316 14 103 8 1
2510 316 15 103 8 1
2511 316 16 103 8 1
2512 317 9 103 8 1
2513 317 10 103 8 1
2514 317 11 103 8 1
2515 317 12 103 8 1
2516 317 13 103 8 1
2517 317 14 103 8 1
2518 317 15 103 8 1
2519 317 16 103 8 1
2520 318 9 103 8 1
2521 318 10 103 8 1
2522 318 11 103 8 1
2523 318 12 103 8 1
2524 318 13 103 8 1
2525 318 14 103 8 1
2526 318 15 103 8 1
2527 318 16 103 8 1
2528 319 9 103 8 1
2529 319 10 103 8 1
2530 319 11 103 8 1
2531 319 12 103 8 1
2532 319 13 103 8 1
2533 319 14 103 8 1
2534 319 15 103 8 1
2535 319 16 103 8 1
2536 320 9 103 8 1
2537 320 10 103 8 1
2538 320 11 103 8 1
2539 320 12 103 8 1
2540 320 13 103 8 1
2541 320 14 103 8 1
2542 320 15 103 8 1
2543 320 16 103 8 1
2544 321 9 103 8 1
2545 321 10 103 8 1
2546 321 11 103 8 1
2547 321 12 103 8 1
2548 321 13 103 8 1
2549 321 14 103 8 1
2550 321 15 103 8 1
2551 321 16 103 8 1
2552 24 10 137 16 1
2553 24 11 137 16 1
2554 25 10 137 16 1
2555 25 11 137 16 1
2556 26 14 137 16 1
2557 26 15 137 16 1
2558 27 14 137 16 1
2559 27 15 137 16 1
2560 100 11 137 16 1
2561 100 12 137 16 1
2562 101 11 137 16 1
2563 101 12 137 16 1
2564 102 13 137 16 1
2565 102 14 137 16 1
2566 103 13 137 16 1
2567 103 14 137 16 1
2568 294 13 137 16 1
2569 294 14 137 16 1
2570 295 13 137 16 1
2571 295 14 137 16 1
2572 296 11 137 16 1
2573 296 12 137 16 1
2574 297 11 137 16 1
2575 297 12 137 16 1
