19 418 448 4032
10 2 5 9 10 12 14 15 16 17 18
9 0 1 3 4 8 9 10 12 14
9 0 2 4 5 6 10 11 13 14
9 0 1 2 4 7 9 10 11 15
10 1 3 4 8 11 14 15 16 17 18
10 1 4 9 10 12 13 14 16 17 18
9 0 1 2 4 8 9 11 13 14
9 0 1 3 5 6 10 12 13 14
10 1 2 7 10 12 13 14 16 17 18
10 2 4 8 10 13 14 15 16 17 18
9 0 1 2 5 8 9 10 12 15
9 0 3 5 6 7 10 13 14 15
10 1 4 5 10 12 14 15 16 17 18
10 1 3 8 9 12 14 15 16 17 18
10 5 7 9 10 12 13 14 16 17 18
9 0 1 2 5 7 10 11 13 14
9 0 1 3 4 7 9 12 13 14
10 1 2 4 6 12 13 14 16 17 18
10 4 7 9 11 12 14 15 16 17 18
9 0 2 3 4 8 9 12 13 15
9 0 2 3 6 7 11 12 13 15
10 2 7 9 10 12 14 15 16 17 18
10 1 3 4 6 11 14 15 16 17 18
10 1 2 4 6 9 14 15 16 17 18
10 5 7 9 10 11 13 14 16 17 18
9 0 1 2 5 6 9 11 12 14
9 0 2 3 5 8 9 12 13 14
10 1 3 9 10 11 13 14 16 17 18
10 3 7 9 10 12 14 15 16 17 18
9 0 1 2 3 6 8 11 12 15
9 0 3 4 7 9 12 13 14 15
10 1 3 4 6 10 14 15 16 17 18
10 3 5 9 10 13 14 15 16 17 18
9 0 1 3 4 7 9 10 12 14
9 0 2 4 5 7 10 11 13 14
9 0 1 2 3 6 9 11 13 16
10 2 3 7 9 13 14 15 16 17 18
10 3 6 9 10 12 14 15 16 17 18
9 0 1 2 3 6 8 10 11 15
9 0 1 3 5 8 9 10 11 15
10 1 3 4 7 10 14 15 16 17 18
10 1 6 7 10 12 13 14 16 17 18
9 0 1 2 3 5 8 10 11 15
9 0 1 3 6 8 9 10 11 15
10 1 4 5 10 12 13 14 16 17 18
10 4 6 9 10 12 13 15 16 17 18
9 0 1 2 3 5 7 11 12 15
9 0 2 4 5 6 7 11 14 15
10 1 2 4 5 8 10 15 16 17 18
10 2 3 4 6 10 13 15 16 17 18
9 0 1 3 5 6 9 10 11 13
9 0 2 3 4 7 8 10 12 13
10 1 4 8 10 11 12 15 16 17 18
10 2 4 7 10 11 14 15 16 17 18
9 0 1 3 4 5 6 10 12 14
9 0 2 4 8 9 10 11 13 14
10 2 3 6 9 11 14 15 16 17 18
10 1 4 5 9 11 12 14 16 17 18
9 0 1 5 8 9 10 11 12 14
9 0 2 3 4 5 6 9 13 14
10 1 3 4 6 10 11 14 16 17 18
10 2 7 9 10 11 13 15 16 17 18
9 0 1 4 5 7 10 11 12 14
9 0 2 3 4 7 9 10 13 14
10 1 3 4 5 7 12 15 16 17 18
10 2 3 5 9 11 13 14 16 17 18
9 0 1 3 4 5 6 10 11 13
9 0 2 3 7 8 9 10 12 13
10 1 2 4 6 10 12 13 16 17 18
10 2 5 6 10 11 13 15 16 17 18
9 0 2 3 4 5 6 10 12 15
9 0 1 2 3 4 6 10 13 15
10 1 4 5 9 10 13 15 16 17 18
10 1 3 4 8 9 12 15 16 17 18
10 2 3 7 9 10 13 15 16 17 18
9 0 1 4 6 8 9 10 11 13
9 0 2 3 4 5 7 9 12 13
10 1 4 5 7 11 12 15 16 17 18
10 1 4 5 6 12 13 15 16 17 18
9 0 2 4 5 6 9 10 12 15
9 0 2 5 6 8 10 11 12 15
9 0 3 4 5 7 9 10 13 15
9 0 3 5 6 9 10 11 13 15
10 1 2 8 9 10 13 15 16 17 18
10 2 4 6 9 10 13 15 16 17 18
9 0 1 5 7 8 9 10 11 14
9 0 3 4 5 6 7 9 13 14
10 1 4 5 8 10 12 15 16 17 18
10 1 3 7 10 12 13 15 16 17 18
9 0 1 2 4 7 8 11 12 13
9 0 1 2 5 6 9 11 12 13
9 0 1 2 4 5 8 12 13 14
9 0 1 2 6 9 10 12 13 14
10 1 2 4 7 11 13 15 16 17 18
10 3 4 8 11 13 14 15 16 17 18
9 0 1 2 4 6 9 12 13 15
9 0 2 3 6 9 11 13 14 15
10 1 4 8 9 13 14 15 16 17 18
10 1 3 8 9 12 13 15 16 17 18
9 0 1 2 4 7 8 10 12 13
9 0 1 3 5 6 9 11 12 13
10 1 2 6 8 12 13 15 16 17 18
10 1 2 5 6 11 13 15 16 17 18
10 4 5 9 11 13 14 15 16 17 18
9 0 1 2 5 7 9 10 13 16
9 0 1 3 5 8 9 10 13 16
10 1 3 7 8 13 14 15 16 17 18
10 2 4 6 11 12 14 15 16 17 18
9 0 1 3 6 7 10 11 12 14
9 0 2 3 4 7 8 11 13 14
10 1 2 7 9 11 14 15 16 17 18
10 2 4 6 11 12 13 15 16 17 18
9 0 1 4 7 10 11 12 13 15
9 0 2 3 4 5 8 11 14 15
10 1 2 3 8 10 12 15 16 17 18
10 2 5 6 11 12 13 15 16 17 18
9 0 2 4 7 9 10 11 12 15
9 0 3 4 5 6 8 11 13 15
10 2 6 9 10 11 12 15 16 17 18
10 1 2 3 8 9 12 15 16 17 18
10 2 4 8 9 12 14 15 16 17 18
9 0 2 3 4 6 9 10 11 14
9 0 3 4 5 8 10 11 12 14
10 1 4 5 9 11 14 15 16 17 18
10 3 4 8 10 11 13 14 16 17 18
9 0 1 2 4 6 8 9 11 12
9 0 1 3 4 6 8 10 11 12
10 1 2 4 5 7 11 12 16 17 18
10 5 6 8 11 12 13 15 16 17 18
9 0 1 4 6 8 9 10 12 15
9 0 3 5 6 7 9 11 14 15
10 1 2 3 6 8 9 15 16 17 18
10 3 6 8 10 11 12 15 16 17 18
9 0 2 3 4 7 8 10 11 13
9 0 2 3 5 6 9 10 11 13
10 2 3 4 6 8 11 15 16 17 18
10 3 4 6 10 12 13 15 16 17 18
9 0 1 3 4 5 8 9 11 13
9 0 2 4 5 8 9 10 12 13
10 1 2 4 8 10 11 15 16 17 18
10 2 3 5 9 11 12 14 16 17 18
9 0 2 3 4 5 6 10 11 14
9 0 3 4 8 9 10 11 12 14
10 1 3 4 6 10 12 13 16 17 18
10 2 3 4 6 12 14 15 16 17 18
9 0 1 3 5 8 9 12 14 15
9 0 1 3 6 7 10 12 14 15
10 1 7 9 10 11 14 15 16 17 18
10 2 5 7 11 13 14 15 16 17 18
9 0 1 2 5 7 9 10 13 14
9 0 1 4 5 7 9 12 13 14
10 1 5 7 10 13 14 15 16 17 18
10 3 6 8 11 12 14 15 16 17 18
9 0 1 2 3 6 7 10 12 14
9 0 2 4 7 8 11 12 13 14
10 1 2 5 7 10 14 15 16 17 18
10 2 3 4 10 12 13 14 16 17 18
9 0 2 3 4 7 9 10 12 15
9 0 3 5 6 8 11 12 13 15
10 1 7 8 9 12 13 14 16 17 18
10 3 7 8 10 11 13 14 16 17 18
9 0 1 3 7 8 9 10 12 14
9 0 2 4 5 6 7 11 13 14
9 0 1 2 3 4 8 10 13 15
10 1 2 4 5 7 8 12 16 17 18
10 2 3 4 5 8 13 15 16 17 18
9 0 1 3 4 7 8 10 12 14
9 0 2 4 6 7 10 11 13 14
9 0 1 3 4 6 7 11 13 15
10 1 6 9 10 11 12 15 16 17 18
10 2 5 6 11 13 14 15 16 17 18
9 0 1 2 5 6 8 11 13 15
9 0 2 4 7 9 10 13 14 15
10 1 6 7 10 13 14 15 16 17 18
10 6 7 8 10 11 13 14 16 17 18
10 3 4 7 11 13 14 15 16 17 18
9 0 2 3 5 8 9 10 13 15
9 0 2 5 6 7 10 12 13 15
10 1 5 8 9 13 14 15 16 17 18
10 3 7 8 10 12 14 15 16 17 18
9 0 1 2 3 5 8 11 14 15
9 0 1 4 7 10 12 13 14 15
10 1 3 5 6 10 14 15 16 17 18
10 3 7 8 10 11 13 15 16 17 18
9 0 1 2 3 5 8 9 11 15
9 0 2 3 6 8 9 10 11 15
10 1 3 4 6 7 11 15 16 17 18
10 5 7 9 10 11 14 15 16 17 18
9 0 1 4 5 7 8 10 13 15
9 0 2 5 7 8 10 11 14 15
10 2 3 4 6 8 14 15 16 17 18
10 5 6 9 10 12 14 15 16 17 18
9 0 1 5 7 8 10 11 13 15
9 0 1 5 7 9 10 12 13 15
10 1 3 4 7 8 14 15 16 17 18
10 1 5 8 9 11 13 14 16 17 18
9 0 1 2 3 5 8 9 10 14
9 0 4 5 6 9 11 12 13 14
10 1 2 4 6 7 10 14 16 17 18
10 5 7 8 10 11 12 15 16 17 18
9 0 2 4 5 8 9 10 12 15
9 0 3 5 6 7 10 11 13 15
10 2 3 4 6 7 9 15 16 17 18
10 4 7 8 10 11 13 15 16 17 18
9 0 2 4 5 6 7 11 12 15
9 0 3 4 8 9 10 11 13 15
10 1 3 4 6 7 10 15 16 17 18
10 2 3 5 6 11 13 15 16 17 18
9 0 1 4 7 8 9 10 12 14
9 0 2 4 5 6 7 10 13 14
10 1 3 8 9 11 12 15 16 17 18
10 1 3 8 9 10 13 14 16 17 18
9 0 1 2 3 5 6 9 12 14
9 0 2 5 8 9 11 12 13 14
10 1 2 5 6 7 12 14 16 17 18
10 1 3 6 7 11 13 14 16 17 18
9 0 1 2 3 4 6 9 13 14
9 0 1 5 8 10 11 12 13 14
10 1 2 4 8 9 12 14 16 17 18
10 4 6 7 11 12 13 15 16 17 18
9 0 2 3 4 6 7 10 12 15
9 0 3 5 8 9 11 12 13 15
10 1 2 3 7 8 10 15 16 17 18
10 2 3 4 6 9 12 14 16 17 18
9 0 1 2 3 4 7 8 11 13
9 0 2 5 6 9 10 11 12 13
10 2 3 4 6 8 11 14 16 17 18
10 2 3 6 9 11 12 14 16 17 18
9 0 1 2 3 4 6 8 12 13
9 0 1 5 7 9 10 11 12 13
10 1 3 4 6 9 12 13 16 17 18
10 4 6 7 10 12 13 14 16 17 18
9 0 1 2 4 5 6 9 12 14
9 0 2 5 8 9 10 12 13 14
10 1 4 5 7 12 13 14 16 17 18
10 4 6 7 9 10 12 13 16 17 18
9 0 1 2 4 5 6 9 11 13
9 0 2 4 7 8 9 11 12 13
10 2 3 5 6 8 9 11 16 17 18
10 1 4 6 7 11 12 14 16 17 18
9 0 1 2 5 6 8 9 10 12
9 0 2 3 4 6 7 10 11 12
10 1 3 4 8 9 11 14 16 17 18
10 3 4 7 9 10 12 14 16 17 18
9 0 1 3 4 7 8 9 10 12
9 0 2 3 4 5 8 9 11 12
9 0 1 2 3 4 5 9 12 15
10 1 3 5 6 8 11 12 16 17 18
10 2 5 6 9 11 13 15 16 17 18
9 0 1 6 7 9 10 11 12 14
9 0 2 3 4 5 7 8 13 14
10 1 3 5 8 9 12 15 16 17 18
10 2 5 8 9 10 12 14 16 17 18
10 2 4 5 6 11 13 15 16 17 18
9 0 1 2 4 5 6 9 12 15
9 0 3 6 9 10 11 13 14 15
10 1 3 8 9 10 12 15 16 17 18
10 5 6 7 9 11 12 14 16 17 18
10 1 5 6 8 11 13 14 16 17 18
9 0 1 5 6 7 8 9 11 15
9 0 2 3 4 5 6 10 11 15
10 1 2 4 7 9 10 14 16 17 18
10 4 5 8 9 11 13 15 16 17 18
9 0 1 2 4 5 7 9 10 13
9 0 3 4 6 8 9 11 12 13
10 1 3 5 6 9 10 15 16 17 18
10 3 4 6 8 11 12 15 16 17 18
9 0 1 3 4 6 8 9 10 12
9 0 2 3 4 6 8 9 11 12
10 2 3 6 8 10 11 15 16 17 18
10 2 4 6 7 10 11 13 16 17 18
9 0 1 5 7 8 9 10 11 13
9 0 2 3 4 5 6 8 12 13
10 2 4 5 8 9 11 13 16 17 18
10 1 7 8 9 12 13 15 16 17 18
9 0 1 4 6 7 8 10 13 15
9 0 2 5 7 8 9 11 14 15
10 1 2 5 6 7 13 15 16 17 18
10 2 6 7 10 12 14 15 16 17 18
9 0 1 2 5 7 8 9 11 14
9 0 3 5 6 7 9 12 13 14
10 1 3 6 7 11 14 15 16 17 18
10 1 5 6 9 12 14 15 16 17 18
9 0 1 2 4 5 7 9 13 14
9 0 1 5 7 9 10 12 13 14
10 1 4 7 8 12 14 15 16 17 18
10 2 3 5 7 11 13 14 16 17 18
9 0 1 2 3 4 7 9 10 14
9 0 4 5 7 10 11 12 13 14
10 1 2 4 8 10 12 13 16 17 18
10 3 5 7 10 13 14 15 16 17 18
9 0 1 2 5 6 7 9 12 15
9 0 3 6 8 9 10 13 14 15
10 2 5 7 9 13 14 15 16 17 18
10 1 5 7 8 12 13 15 16 17 18
9 0 1 3 5 6 7 10 11 13
9 0 2 3 6 7 8 10 12 13
10 1 2 6 7 9 13 15 16 17 18
10 1 3 5 6 8 13 14 16 17 18
9 0 1 3 4 7 8 9 10 14
9 0 1 3 4 5 7 8 13 14
9 0 4 5 6 7 10 11 13 14
10 1 2 7 9 10 12 14 16 17 18
10 2 3 5 6 8 9 14 16 17 18
9 0 1 3 5 7 8 9 10 14
9 0 4 5 6 7 9 11 13 14
10 1 6 7 9 10 12 13 16 17 18
10 2 4 5 8 9 13 15 16 17 18
9 0 1 3 5 7 8 9 10 13
9 0 3 4 5 6 8 10 12 13
10 1 5 6 9 10 12 15 16 17 18
10 3 4 6 8 11 12 14 15 17 18
9 0 1 2 3 6 7 8 10 12
9 0 2 4 5 6 9 10 11 12
10 2 4 6 7 11 12 14 15 17 18
10 3 5 6 9 11 14 15 16 17 18
9 0 2 4 5 6 7 10 11 14
9 0 3 4 5 7 9 10 11 14
9 0 3 4 7 8 9 10 12 14
10 2 4 7 8 10 14 15 16 17 18
10 3 5 7 8 10 11 14 16 17 18
9 0 1 2 5 6 7 9 10 12
9 0 2 3 5 6 7 10 11 12
10 1 4 5 7 8 10 12 16 17 18
10 3 5 6 9 10 14 15 16 17 18
9 0 2 4 5 6 8 9 11 14
9 0 3 5 6 8 9 10 12 14
10 3 4 7 8 10 14 15 16 17 18
10 3 6 7 9 10 11 15 16 17 18
10 3 4 5 7 8 11 15 16 17 18
10 2 3 4 6 12 13 15 16 17 18
9 0 1 3 5 7 8 11 12 14
9 0 2 3 6 7 9 11 13 14
10 1 2 8 10 11 12 15 16 17 18
10 1 3 7 8 11 13 14 16 17 18
9 0 2 3 7 8 9 10 11 14
9 0 3 4 5 6 7 11 12 14
10 1 3 4 7 9 13 14 16 17 18
10 1 2 6 8 11 12 14 16 17 18
10 1 2 4 7 8 12 14 16 17 18
10 2 3 5 7 12 14 15 16 17 18
9 0 1 4 5 6 8 11 12 14
9 0 2 3 6 8 9 10 13 14
10 1 6 8 10 11 14 15 16 17 18
10 1 7 8 9 11 13 14 16 17 18
9 0 1 3 4 7 8 9 12 14
9 0 2 3 6 7 8 11 12 14
9 0 2 5 6 7 10 11 13 14
10 5 7 8 9 11 12 14 16 17 18
10 2 7 8 9 12 14 15 16 17 18
9 0 1 4 6 7 8 10 12 15
9 0 3 5 7 8 9 11 14 15
10 1 4 5 6 11 14 15 16 17 18
10 2 3 6 8 9 13 15 16 17 18
9 0 1 3 4 5 6 8 12 14
9 0 2 6 8 9 10 11 13 14
10 1 5 6 8 11 12 15 16 17 18
10 2 3 4 6 7 13 15 16 17 18
9 0 2 3 6 7 8 10 13 15
9 0 2 5 7 8 9 12 13 15
10 1 7 8 10 11 12 15 16 17 18
10 2 7 8 9 11 13 15 16 17 18
9 0 1 3 5 6 8 9 12 13
9 0 1 4 5 7 8 10 12 13
10 1 3 5 6 7 12 15 16 17 18
10 2 4 7 8 12 14 15 16 17 18
9 0 1 5 7 8 9 11 12 14
9 0 2 3 5 6 7 9 13 14
10 1 5 6 9 11 14 15 16 17 18
10 4 6 8 9 10 13 14 16 17 18
9 0 1 2 3 5 7 8 11 14
9 0 3 6 7 9 11 12 13 14
10 1 3 8 9 10 12 13 16 17 18
10 4 6 7 9 12 13 14 16 17 18
9 0 2 3 4 5 8 9 11 15
9 0 2 3 6 7 8 9 11 15
10 2 4 5 7 12 13 14 16 17 18
10 4 5 7 9 12 13 14 16 17 18
9 0 1 2 4 5 7 8 11 13
9 0 2 5 6 8 9 11 12 13
10 2 4 6 7 12 13 14 16 17 18
10 2 5 6 8 11 13 15 16 17 18
9 0 1 2 4 6 7 8 11 12
9 0 1 4 5 6 8 10 11 12
10 1 3 6 8 9 12 15 16 17 18
10 4 5 7 8 10 12 14 15 17 18
10 4 5 7 9 10 13 14 16 17 18
9 0 1 2 4 5 6 8 11 13
9 0 2 5 7 8 9 11 12 13
10 1 2 5 6 8 10 11 16 17 18
10 3 4 7 8 10 13 15 16 17 18
9 0 1 2 3 4 6 8 12 15
9 0 2 4 5 6 7 8 12 15
10 1 4 6 7 10 11 15 16 17 18
10 1 5 6 7 10 11 14 16 17 18
9 0 1 2 3 5 6 8 10 13
9 0 1 3 4 5 6 8 11 13
9 0 2 5 7 8 9 10 12 13
9 0 3 5 7 8 10 11 12 13
10 1 4 5 8 9 10 14 16 17 18
10 3 4 6 8 9 12 15 16 17 18
9 0 1 2 3 4 6 8 11 15
9 0 3 5 7 8 9 10 11 15
10 2 5 6 8 10 11 15 16 17 18
10 3 4 6 7 11 13 14 16 17 18
9 0 1 3 5 6 7 9 11 12
9 0 2 3 6 7 8 9 11 13
9 0 2 4 5 6 7 10 11 13
10 1 2 4 8 9 11 12 16 17 18
10 3 5 6 7 10 12 15 16 17 18
9 0 2 3 5 6 7 8 11 15
9 0 3 4 5 6 8 9 11 15
10 2 4 7 8 9 11 15 16 17 18
10 2 5 6 7 11 13 15 16 17 18
9 0 1 3 4 6 7 8 11 13
9 0 2 5 6 7 9 10 12 13
10 1 3 7 8 9 12 15 16 17 18
10 3 5 6 8 12 13 14 16 17 18
0 1
0 2
0 3
4 1
4 2
4 3
5 6
5 7
8 6
8 7
9 10
9 11
12 10
12 11
13 10
13 11
14 15
14 16
17 15
17 16
18 19
18 20
21 19
21 20
22 19
22 20
23 19
23 20
24 25
24 26
27 25
27 26
28 29
28 30
31 29
31 30
32 33
32 34
32 35
36 33
36 34
36 35
37 38
37 39
40 38
40 39
41 42
41 43
44 42
44 43
45 46
45 47
48 46
48 47
49 50
49 51
52 50
52 51
53 54
53 55
56 54
56 55
57 58
57 59
60 58
60 59
61 62
61 63
64 62
64 63
65 66
65 67
68 66
68 67
69 70
69 71
72 70
72 71
73 70
73 71
74 75
74 76
77 75
77 76
78 79
78 80
78 81
78 82
83 79
83 80
83 81
83 82
84 85
84 86
87 85
87 86
88 89
88 90
88 91
88 92
93 89
93 90
93 91
93 92
94 95
94 96
97 95
97 96
98 99
98 100
101 99
101 100
102 99
102 100
103 104
103 105
106 104
106 105
107 108
107 109
110 108
110 109
111 112
111 113
114 112
114 113
115 116
115 117
118 116
118 117
119 116
119 117
120 121
120 122
123 121
123 122
124 125
124 126
127 125
127 126
128 129
128 130
131 129
131 130
132 133
132 134
135 133
135 134
136 137
136 138
139 137
139 138
140 141
140 142
143 141
143 142
144 145
144 146
147 145
147 146
148 149
148 150
151 149
151 150
152 153
152 154
155 153
155 154
156 157
156 158
159 157
159 158
160 161
160 162
160 163
164 161
164 162
164 163
165 166
165 167
165 168
169 166
169 167
169 168
170 171
170 172
173 171
173 172
174 171
174 172
175 176
175 177
178 176
178 177
179 180
179 181
182 180
182 181
183 184
183 185
186 184
186 185
187 188
187 189
190 188
190 189
191 192
191 193
194 192
194 193
195 196
195 197
198 196
198 197
199 200
199 201
202 200
202 201
203 204
203 205
206 204
206 205
207 208
207 209
210 208
210 209
211 212
211 213
214 212
214 213
215 216
215 217
218 216
218 217
219 220
219 221
222 220
222 221
223 224
223 225
226 224
226 225
227 228
227 229
230 228
230 229
231 232
231 233
234 232
234 233
235 236
235 237
238 236
238 237
239 240
239 241
242 240
242 241
243 244
243 245
243 246
247 244
247 245
247 246
248 249
248 250
251 249
251 250
252 249
252 250
253 254
253 255
256 254
256 255
257 254
257 255
258 259
258 260
261 259
261 260
262 263
262 264
265 263
265 264
266 267
266 268
269 267
269 268
270 271
270 272
273 271
273 272
274 275
274 276
277 275
277 276
278 279
278 280
281 279
281 280
282 283
282 284
285 283
285 284
286 287
286 288
289 287
289 288
290 291
290 292
293 291
293 292
294 295
294 296
297 295
297 296
298 299
298 300
298 301
302 299
302 300
302 301
303 304
303 305
306 304
306 305
307 308
307 309
310 308
310 309
311 312
311 313
314 312
314 313
315 316
315 317
315 318
319 316
319 317
319 318
320 321
320 322
323 321
323 322
324 325
324 326
327 325
327 326
328 325
328 326
329 325
329 326
330 331
330 332
333 331
333 332
334 335
334 336
337 335
337 336
338 335
338 336
339 335
339 336
340 341
340 342
343 341
343 342
344 345
344 346
344 347
348 345
348 346
348 347
349 350
349 351
352 350
352 351
353 354
353 355
356 354
356 355
357 358
357 359
360 358
360 359
361 362
361 363
364 362
364 363
365 366
365 367
368 366
368 367
369 370
369 371
372 370
372 371
373 374
373 375
376 374
376 375
377 378
377 379
380 378
380 379
381 382
381 383
384 382
384 383
385 382
385 383
386 387
386 388
389 387
389 388
390 391
390 392
393 391
393 392
394 395
394 396
394 397
394 398
399 395
399 396
399 397
399 398
400 401
400 402
403 401
403 402
404 405
404 406
404 407
408 405
408 406
408 407
409 410
409 411
412 410
412 411
413 414
413 415
416 414
416 415
417 414
417 415
0 0 10 191 5 1
1 0 11 191 5 1
2 0 12 191 5 1
3 0 13 191 5 1
4 0 14 191 5 1
5 0 15 191 5 1
6 0 16 191 5 1
7 0 17 191 5 1
8 0 18 191 5 1
9 1 10 191 5 1
10 1 11 191 5 1
11 1 12 191 5 1
12 1 13 191 5 1
13 1 14 191 5 1
14 1 15 191 5 1
15 1 16 191 5 1
16 1 17 191 5 1
17 1 18 191 5 1
18 2 10 191 5 1
19 2 11 191 5 1
20 2 12 191 5 1
21 2 13 191 5 1
22 2 14 191 5 1
23 2 15 191 5 1
24 2 16 191 5 1
25 2 17 191 5 1
26 2 18 191 5 1
27 3 10 191 5 1
28 3 11 191 5 1
29 3 12 191 5 1
30 3 13 191 5 1
31 3 14 191 5 1
32 3 15 191 5 1
33 3 16 191 5 1
34 3 17 191 5 1
35 3 18 191 5 1
36 4 10 191 5 1
37 4 11 191 5 1
38 4 12 191 5 1
39 4 13 191 5 1
40 4 14 191 5 1
41 4 15 191 5 1
42 4 16 191 5 1
43 4 17 191 5 1
44 4 18 191 5 1
45 5 10 191 5 1
46 5 11 191 5 1
47 5 12 191 5 1
48 5 13 191 5 1
49 5 14 191 5 1
50 5 15 191 5 1
51 5 16 191 5 1
52 5 17 191 5 1
53 5 18 191 5 1
54 6 10 191 5 1
55 6 11 191 5 1
56 6 12 191 5 1
57 6 13 191 5 1
58 6 14 191 5 1
59 6 15 191 5 1
60 6 16 191 5 1
61 6 17 191 5 1
62 6 18 191 5 1
63 7 10 191 5 1
64 7 11 191 5 1
65 7 12 191 5 1
66 7 13 191 5 1
67 7 14 191 5 1
68 7 15 191 5 1
69 7 16 191 5 1
70 7 17 191 5 1
71 7 18 191 5 1
72 8 10 191 5 1
73 8 11 191 5 1
74 8 12 191 5 1
75 8 13 191 5 1
76 8 14 191 5 1
77 8 15 191 5 1
78 8 16 191 5 1
79 8 17 191 5 1
80 8 18 191 5 1
81 9 10 191 5 1
82 9 11 191 5 1
83 9 12 191 5 1
84 9 13 191 5 1
85 9 14 191 5 1
86 9 15 191 5 1
87 9 16 191 5 1
88 9 17 191 5 1
89 9 18 191 5 1
90 10 10 191 5 1
91 10 11 191 5 1
92 10 12 191 5 1
93 10 13 191 5 1
94 10 14 191 5 1
95 10 15 191 5 1
96 10 16 191 5 1
97 10 17 191 5 1
98 10 18 191 5 1
99 11 10 191 5 1
100 11 11 191 5 1
101 11 12 191 5 1
102 11 13 191 5 1
103 11 14 191 5 1
104 11 15 191 5 1
105 11 16 191 5 1
106 11 17 191 5 1
107 11 18 191 5 1
108 12 10 191 5 1
109 12 11 191 5 1
110 12 12 191 5 1
111 12 13 191 5 1
112 12 14 191 5 1
113 12 15 191 5 1
114 12 16 191 5 1
115 12 17 191 5 1
116 12 18 191 5 1
117 13 10 191 5 1
118 13 11 191 5 1
119 13 12 191 5 1
120 13 13 191 5 1
121 13 14 191 5 1
122 13 15 191 5 1
123 13 16 191 5 1
124 13 17 191 5 1
125 13 18 191 5 1
126 14 10 191 5 1
127 14 11 191 5 1
128 14 12 191 5 1
129 14 13 191 5 1
130 14 14 191 5 1
131 14 15 191 5 1
132 14 16 191 5 1
133 14 17 191 5 1
134 14 18 191 5 1
135 15 10 191 5 1
136 15 11 191 5 1
137 15 12 191 5 1
138 15 13 191 5 1
139 15 14 191 5 1
140 15 15 191 5 1
141 15 16 191 5 1
142 15 17 191 5 1
143 15 18 191 5 1
144 16 10 191 5 1
145 16 11 191 5 1
146 16 12 191 5 1
147 16 13 191 5 1
148 16 14 191 5 1
149 16 15 191 5 1
150 16 16 191 5 1
151 16 17 191 5 1
152 16 18 191 5 1
153 17 10 191 5 1
154 17 11 191 5 1
155 17 12 191 5 1
156 17 13 191 5 1
157 17 14 191 5 1
158 17 15 191 5 1
159 17 16 191 5 1
160 17 17 191 5 1
161 17 18 191 5 1
162 18 10 191 5 1
163 18 11 191 5 1
164 18 12 191 5 1
165 18 13 191 5 1
166 18 14 191 5 1
167 18 15 191 5 1
168 18 16 191 5 1
169 18 17 191 5 1
170 18 18 191 5 1
171 19 10 191 5 1
172 19 11 191 5 1
173 19 12 191 5 1
174 19 13 191 5 1
175 19 14 191 5 1
176 19 15 191 5 1
177 19 16 191 5 1
178 19 17 191 5 1
179 19 18 191 5 1
180 20 10 191 5 1
181 20 11 191 5 1
182 20 12 191 5 1
183 20 13 191 5 1
184 20 14 191 5 1
185 20 15 191 5 1
186 20 16 191 5 1
187 20 17 191 5 1
188 20 18 191 5 1
189 21 10 191 5 1
190 21 11 191 5 1
191 21 12 191 5 1
192 21 13 191 5 1
193 21 14 191 5 1
194 21 15 191 5 1
195 21 16 191 5 1
196 21 17 191 5 1
197 21 18 191 5 1
198 22 10 191 5 1
199 22 11 191 5 1
200 22 12 191 5 1
201 22 13 191 5 1
202 22 14 191 5 1
203 22 15 191 5 1
204 22 16 191 5 1
205 22 17 191 5 1
206 22 18 191 5 1
207 23 10 191 5 1
208 23 11 191 5 1
209 23 12 191 5 1
210 23 13 191 5 1
211 23 14 191 5 1
212 23 15 191 5 1
213 23 16 191 5 1
214 23 17 191 5 1
215 23 18 191 5 1
216 24 10 191 5 1
217 24 11 191 5 1
218 24 12 191 5 1
219 24 13 191 5 1
220 24 14 191 5 1
221 24 15 191 5 1
222 24 16 191 5 1
223 24 17 191 5 1
224 24 18 191 5 1
225 25 10 191 5 1
226 25 11 191 5 1
227 25 12 191 5 1
228 25 13 191 5 1
229 25 14 191 5 1
230 25 15 191 5 1
231 25 16 191 5 1
232 25 17 191 5 1
233 25 18 191 5 1
234 26 10 191 5 1
235 26 11 191 5 1
236 26 12 191 5 1
237 26 13 191 5 1
238 26 14 191 5 1
239 26 15 191 5 1
240 26 16 191 5 1
241 26 17 191 5 1
242 26 18 191 5 1
243 27 10 191 5 1
244 27 11 191 5 1
245 27 12 191 5 1
246 27 13 191 5 1
247 27 14 191 5 1
248 27 15 191 5 1
249 27 16 191 5 1
250 27 17 191 5 1
251 27 18 191 5 1
252 28 10 191 5 1
253 28 11 191 5 1
254 28 12 191 5 1
255 28 13 191 5 1
256 28 14 191 5 1
257 28 15 191 5 1
258 28 16 191 5 1
259 28 17 191 5 1
260 28 18 191 5 1
261 29 10 191 5 1
262 29 11 191 5 1
263 29 12 191 5 1
264 29 13 191 5 1
265 29 14 191 5 1
266 29 15 191 5 1
267 29 16 191 5 1
268 29 17 191 5 1
269 29 18 191 5 1
270 30 10 191 5 1
271 30 11 191 5 1
272 30 12 191 5 1
273 30 13 191 5 1
274 30 14 191 5 1
275 30 15 191 5 1
276 30 16 191 5 1
277 30 17 191 5 1
278 30 18 191 5 1
279 31 10 191 5 1
280 31 11 191 5 1
281 31 12 191 5 1
282 31 13 191 5 1
283 31 14 191 5 1
284 31 15 191 5 1
285 31 16 191 5 1
286 31 17 191 5 1
287 31 18 191 5 1
288 32 10 191 5 1
289 32 11 191 5 1
290 32 12 191 5 1
291 32 13 191 5 1
292 32 14 191 5 1
293 32 15 191 5 1
294 32 16 191 5 1
295 32 17 191 5 1
296 32 18 191 5 1
297 33 10 191 5 1
298 33 11 191 5 1
299 33 12 191 5 1
300 33 13 191 5 1
301 33 14 191 5 1
302 33 15 191 5 1
303 33 16 191 5 1
304 33 17 191 5 1
305 33 18 191 5 1
306 34 10 191 5 1
307 34 11 191 5 1
308 34 12 191 5 1
309 34 13 191 5 1
310 34 14 191 5 1
311 34 15 191 5 1
312 34 16 191 5 1
313 34 17 191 5 1
314 34 18 191 5 1
315 35 10 191 5 1
316 35 11 191 5 1
317 35 12 191 5 1
318 35 13 191 5 1
319 35 14 191 5 1
320 35 15 191 5 1
321 35 16 191 5 1
322 35 17 191 5 1
323 35 18 191 5 1
324 36 10 191 5 1
325 36 11 191 5 1
326 36 12 191 5 1
327 36 13 191 5 1
328 36 14 191 5 1
329 36 15 191 5 1
330 36 16 191 5 1
331 36 17 191 5 1
332 36 18 191 5 1
333 37 10 191 5 1
334 37 11 191 5 1
335 37 12 191 5 1
336 37 13 191 5 1
337 37 14 191 5 1
338 37 15 191 5 1
339 37 16 191 5 1
340 37 17 191 5 1
341 37 18 191 5 1
342 38 10 191 5 1
343 38 11 191 5 1
344 38 12 191 5 1
345 38 13 191 5 1
346 38 14 191 5 1
347 38 15 191 5 1
348 38 16 191 5 1
349 38 17 191 5 1
350 38 18 191 5 1
351 39 10 191 5 1
352 39 11 191 5 1
353 39 12 191 5 1
354 39 13 191 5 1
355 39 14 191 5 1
356 39 15 191 5 1
357 39 16 191 5 1
358 39 17 191 5 1
359 39 18 191 5 1
360 40 10 191 5 1
361 40 11 191 5 1
362 40 12 191 5 1
363 40 13 191 5 1
364 40 14 191 5 1
365 40 15 191 5 1
366 40 16 191 5 1
367 40 17 191 5 1
368 40 18 191 5 1
369 41 10 191 5 1
370 41 11 191 5 1
371 41 12 191 5 1
372 41 13 191 5 1
373 41 14 191 5 1
374 41 15 191 5 1
375 41 16 191 5 1
376 41 17 191 5 1
377 41 18 191 5 1
378 42 10 191 5 1
379 42 11 191 5 1
380 42 12 191 5 1
381 42 13 191 5 1
382 42 14 191 5 1
383 42 15 191 5 1
384 42 16 191 5 1
385 42 17 191 5 1
386 42 18 191 5 1
387 43 10 191 5 1
388 43 11 191 5 1
389 43 12 191 5 1
390 43 13 191 5 1
391 43 14 191 5 1
392 43 15 191 5 1
393 43 16 191 5 1
394 43 17 191 5 1
395 43 18 191 5 1
396 44 10 191 5 1
397 44 11 191 5 1
398 44 12 191 5 1
399 44 13 191 5 1
400 44 14 191 5 1
401 44 15 191 5 1
402 44 16 191 5 1
403 44 17 191 5 1
404 44 18 191 5 1
405 45 10 191 5 1
406 45 11 191 5 1
407 45 12 191 5 1
408 45 13 191 5 1
409 45 14 191 5 1
410 45 15 191 5 1
411 45 16 191 5 1
412 45 17 191 5 1
413 45 18 191 5 1
414 46 10 191 5 1
415 46 11 191 5 1
416 46 12 191 5 1
417 46 13 191 5 1
418 46 14 191 5 1
419 46 15 191 5 1
420 46 16 191 5 1
421 46 17 191 5 1
422 46 18 191 5 1
423 47 10 191 5 1
424 47 11 191 5 1
425 47 12 191 5 1
426 47 13 191 5 1
427 47 14 191 5 1
428 47 15 191 5 1
429 47 16 191 5 1
430 47 17 191 5 1
431 47 18 191 5 1
432 48 10 191 5 1
433 48 11 191 5 1
434 48 12 191 5 1
435 48 13 191 5 1
436 48 14 191 5 1
437 48 15 191 5 1
438 48 16 191 5 1
439 48 17 191 5 1
440 48 18 191 5 1
441 49 10 191 5 1
442 49 11 191 5 1
443 49 12 191 5 1
444 49 13 191 5 1
445 49 14 191 5 1
446 49 15 191 5 1
447 49 16 191 5 1
448 49 17 191 5 1
449 49 18 191 5 1
450 50 10 191 5 1
451 50 11 191 5 1
452 50 12 191 5 1
453 50 13 191 5 1
454 50 14 191 5 1
455 50 15 191 5 1
456 50 16 191 5 1
457 50 17 191 5 1
458 50 18 191 5 1
459 51 10 191 5 1
460 51 11 191 5 1
461 51 12 191 5 1
462 51 13 191 5 1
463 51 14 191 5 1
464 51 15 191 5 1
465 51 16 191 5 1
466 51 17 191 5 1
467 51 18 191 5 1
468 52 10 191 5 1
469 52 11 191 5 1
470 52 12 191 5 1
471 52 13 191 5 1
472 52 14 191 5 1
473 52 15 191 5 1
474 52 16 191 5 1
475 52 17 191 5 1
476 52 18 191 5 1
477 53 10 191 5 1
478 53 11 191 5 1
479 53 12 191 5 1
480 53 13 191 5 1
481 53 14 191 5 1
482 53 15 191 5 1
483 53 16 191 5 1
484 53 17 191 5 1
485 53 18 191 5 1
486 54 10 191 5 1
487 54 11 191 5 1
488 54 12 191 5 1
489 54 13 191 5 1
490 54 14 191 5 1
491 54 15 191 5 1
492 54 16 191 5 1
493 54 17 191 5 1
494 54 18 191 5 1
495 55 10 191 5 1
496 55 11 191 5 1
497 55 12 191 5 1
498 55 13 191 5 1
499 55 14 191 5 1
500 55 15 191 5 1
501 55 16 191 5 1
502 55 17 191 5 1
503 55 18 191 5 1
504 56 10 191 5 1
505 56 11 191 5 1
506 56 12 191 5 1
507 56 13 191 5 1
508 56 14 191 5 1
509 56 15 191 5 1
510 56 16 191 5 1
511 56 17 191 5 1
512 56 18 191 5 1
513 57 10 191 5 1
514 57 11 191 5 1
515 57 12 191 5 1
516 57 13 191 5 1
517 57 14 191 5 1
518 57 15 191 5 1
519 57 16 191 5 1
520 57 17 191 5 1
521 57 18 191 5 1
522 58 10 191 5 1
523 58 11 191 5 1
524 58 12 191 5 1
525 58 13 191 5 1
526 58 14 191 5 1
527 58 15 191 5 1
528 58 16 191 5 1
529 58 17 191 5 1
530 58 18 191 5 1
531 59 10 191 5 1
532 59 11 191 5 1
533 59 12 191 5 1
534 59 13 191 5 1
535 59 14 191 5 1
536 59 15 191 5 1
537 59 16 191 5 1
538 59 17 191 5 1
539 59 18 191 5 1
540 60 10 191 5 1
541 60 11 191 5 1
542 60 12 191 5 1
543 60 13 191 5 1
544 60 14 191 5 1
545 60 15 191 5 1
546 60 16 191 5 1
547 60 17 191 5 1
548 60 18 191 5 1
549 61 10 191 5 1
550 61 11 191 5 1
551 61 12 191 5 1
552 61 13 191 5 1
553 61 14 191 5 1
554 61 15 191 5 1
555 61 16 191 5 1
556 61 17 191 5 1
557 61 18 191 5 1
558 62 10 191 5 1
559 62 11 191 5 1
560 62 12 191 5 1
561 62 13 191 5 1
562 62 14 191 5 1
563 62 15 191 5 1
564 62 16 191 5 1
565 62 17 191 5 1
566 62 18 191 5 1
567 63 10 191 5 1
568 63 11 191 5 1
569 63 12 191 5 1
570 63 13 191 5 1
571 63 14 191 5 1
572 63 15 191 5 1
573 63 16 191 5 1
574 63 17 191 5 1
575 63 18 191 5 1
576 64 10 191 5 1
577 64 11 191 5 1
578 64 12 191 5 1
579 64 13 191 5 1
580 64 14 191 5 1
581 64 15 191 5 1
582 64 16 191 5 1
583 64 17 191 5 1
584 64 18 191 5 1
585 65 10 191 5 1
586 65 11 191 5 1
587 65 12 191 5 1
588 65 13 191 5 1
589 65 14 191 5 1
590 65 15 191 5 1
591 65 16 191 5 1
592 65 17 191 5 1
593 65 18 191 5 1
594 66 10 191 5 1
595 66 11 191 5 1
596 66 12 191 5 1
597 66 13 191 5 1
598 66 14 191 5 1
599 66 15 191 5 1
600 66 16 191 5 1
601 66 17 191 5 1
602 66 18 191 5 1
603 67 10 191 5 1
604 67 11 191 5 1
605 67 12 191 5 1
606 67 13 191 5 1
607 67 14 191 5 1
608 67 15 191 5 1
609 67 16 191 5 1
610 67 17 191 5 1
611 67 18 191 5 1
612 68 10 191 5 1
613 68 11 191 5 1
614 68 12 191 5 1
615 68 13 191 5 1
616 68 14 191 5 1
617 68 15 191 5 1
618 68 16 191 5 1
619 68 17 191 5 1
620 68 18 191 5 1
621 69 10 191 5 1
622 69 11 191 5 1
623 69 12 191 5 1
624 69 13 191 5 1
625 69 14 191 5 1
626 69 15 191 5 1
627 69 16 191 5 1
628 69 17 191 5 1
629 69 18 191 5 1
630 70 10 191 5 1
631 70 11 191 5 1
632 70 12 191 5 1
633 70 13 191 5 1
634 70 14 191 5 1
635 70 15 191 5 1
636 70 16 191 5 1
637 70 17 191 5 1
638 70 18 191 5 1
639 71 10 191 5 1
640 71 11 191 5 1
641 71 12 191 5 1
642 71 13 191 5 1
643 71 14 191 5 1
644 71 15 191 5 1
645 71 16 191 5 1
646 71 17 191 5 1
647 71 18 191 5 1
648 72 10 191 5 1
649 72 11 191 5 1
650 72 12 191 5 1
651 72 13 191 5 1
652 72 14 191 5 1
653 72 15 191 5 1
654 72 16 191 5 1
655 72 17 191 5 1
656 72 18 191 5 1
657 73 10 191 5 1
658 73 11 191 5 1
659 73 12 191 5 1
660 73 13 191 5 1
661 73 14 191 5 1
662 73 15 191 5 1
663 73 16 191 5 1
664 73 17 191 5 1
665 73 18 191 5 1
666 74 10 191 5 1
667 74 11 191 5 1
668 74 12 191 5 1
669 74 13 191 5 1
670 74 14 191 5 1
671 74 15 191 5 1
672 74 16 191 5 1
673 74 17 191 5 1
674 74 18 191 5 1
675 75 10 191 5 1
676 75 11 191 5 1
677 75 12 191 5 1
678 75 13 191 5 1
679 75 14 191 5 1
680 75 15 191 5 1
681 75 16 191 5 1
682 75 17 191 5 1
683 75 18 191 5 1
684 76 10 191 5 1
685 76 11 191 5 1
686 76 12 191 5 1
687 76 13 191 5 1
688 76 14 191 5 1
689 76 15 191 5 1
690 76 16 191 5 1
691 76 17 191 5 1
692 76 18 191 5 1
693 77 10 191 5 1
694 77 11 191 5 1
695 77 12 191 5 1
696 77 13 191 5 1
697 77 14 191 5 1
698 77 15 191 5 1
699 77 16 191 5 1
700 77 17 191 5 1
701 77 18 191 5 1
702 78 10 191 5 1
703 78 11 191 5 1
704 78 12 191 5 1
705 78 13 191 5 1
706 78 14 191 5 1
707 78 15 191 5 1
708 78 16 191 5 1
709 78 17 191 5 1
710 78 18 191 5 1
711 79 10 191 5 1
712 79 11 191 5 1
713 79 12 191 5 1
714 79 13 191 5 1
715 79 14 191 5 1
716 79 15 191 5 1
717 79 16 191 5 1
718 79 17 191 5 1
719 79 18 191 5 1
720 80 10 191 5 1
721 80 13 191 5 1
722 80 14 191 5 1
723 80 15 191 5 1
724 80 16 191 5 1
725 80 17 191 5 1
726 80 18 191 5 1
727 81 10 191 5 1
728 81 13 191 5 1
729 81 14 191 5 1
730 81 15 191 5 1
731 81 16 191 5 1
732 81 17 191 5 1
733 81 18 191 5 1
734 82 10 191 5 1
735 82 11 191 5 1
736 82 12 191 5 1
737 82 13 191 5 1
738 82 14 191 5 1
739 82 15 191 5 1
740 82 18 191 5 1
741 83 10 191 5 1
742 83 11 191 5 1
743 83 12 191 5 1
744 83 13 191 5 1
745 83 14 191 5 1
746 83 15 191 5 1
747 83 18 191 5 1
748 84 10 191 5 1
749 84 11 191 5 1
750 84 12 191 5 1
751 84 13 191 5 1
752 84 14 191 5 1
753 84 15 191 5 1
754 84 16 191 5 1
755 84 17 191 5 1
756 84 18 191 5 1
757 85 10 191 5 1
758 85 11 191 5 1
759 85 12 191 5 1
760 85 13 191 5 1
761 85 14 191 5 1
762 85 15 191 5 1
763 85 16 191 5 1
764 85 17 191 5 1
765 85 18 191 5 1
766 86 10 191 5 1
767 86 11 191 5 1
768 86 12 191 5 1
769 86 13 191 5 1
770 86 14 191 5 1
771 86 15 191 5 1
772 86 16 191 5 1
773 86 17 191 5 1
774 86 18 191 5 1
775 87 10 191 5 1
776 87 11 191 5 1
777 87 12 191 5 1
778 87 13 191 5 1
779 87 14 191 5 1
780 87 15 191 5 1
781 87 16 191 5 1
782 87 17 191 5 1
783 87 18 191 5 1
784 88 10 191 5 1
785 88 11 191 5 1
786 88 12 191 5 1
787 88 13 191 5 1
788 88 14 191 5 1
789 88 15 191 5 1
790 88 16 191 5 1
791 88 17 191 5 1
792 88 18 191 5 1
793 89 10 191 5 1
794 89 11 191 5 1
795 89 12 191 5 1
796 89 13 191 5 1
797 89 14 191 5 1
798 89 15 191 5 1
799 89 16 191 5 1
800 89 17 191 5 1
801 89 18 191 5 1
802 90 10 191 5 1
803 90 11 191 5 1
804 90 12 191 5 1
805 90 13 191 5 1
806 90 14 191 5 1
807 90 15 191 5 1
808 90 16 191 5 1
809 90 17 191 5 1
810 90 18 191 5 1
811 91 10 191 5 1
812 91 11 191 5 1
813 91 12 191 5 1
814 91 13 191 5 1
815 91 14 191 5 1
816 91 15 191 5 1
817 91 16 191 5 1
818 91 17 191 5 1
819 91 18 191 5 1
820 92 10 191 5 1
821 92 11 191 5 1
822 92 12 191 5 1
823 92 13 191 5 1
824 92 14 191 5 1
825 92 15 191 5 1
826 92 16 191 5 1
827 92 17 191 5 1
828 92 18 191 5 1
829 93 10 191 5 1
830 93 11 191 5 1
831 93 12 191 5 1
832 93 13 191 5 1
833 93 14 191 5 1
834 93 15 191 5 1
835 93 16 191 5 1
836 93 17 191 5 1
837 93 18 191 5 1
838 94 10 191 5 1
839 94 11 191 5 1
840 94 12 191 5 1
841 94 13 191 5 1
842 94 14 191 5 1
843 94 15 191 5 1
844 94 16 191 5 1
845 94 17 191 5 1
846 94 18 191 5 1
847 95 10 191 5 1
848 95 11 191 5 1
849 95 12 191 5 1
850 95 13 191 5 1
851 95 14 191 5 1
852 95 15 191 5 1
853 95 16 191 5 1
854 95 17 191 5 1
855 95 18 191 5 1
856 96 10 191 5 1
857 96 11 191 5 1
858 96 12 191 5 1
859 96 13 191 5 1
860 96 14 191 5 1
861 96 15 191 5 1
862 96 16 191 5 1
863 96 17 191 5 1
864 96 18 191 5 1
865 97 10 191 5 1
866 97 11 191 5 1
867 97 12 191 5 1
868 97 13 191 5 1
869 97 14 191 5 1
870 97 15 191 5 1
871 97 16 191 5 1
872 97 17 191 5 1
873 97 18 191 5 1
874 98 10 191 5 1
875 98 11 191 5 1
876 98 12 191 5 1
877 98 13 191 5 1
878 98 14 191 5 1
879 98 15 191 5 1
880 98 16 191 5 1
881 98 17 191 5 1
882 98 18 191 5 1
883 99 10 191 5 1
884 99 11 191 5 1
885 99 12 191 5 1
886 99 13 191 5 1
887 99 14 191 5 1
888 99 15 191 5 1
889 99 16 191 5 1
890 99 17 191 5 1
891 99 18 191 5 1
892 100 10 191 5 1
893 100 11 191 5 1
894 100 12 191 5 1
895 100 13 191 5 1
896 100 14 191 5 1
897 100 15 191 5 1
898 100 16 191 5 1
899 100 17 191 5 1
900 100 18 191 5 1
901 101 10 191 5 1
902 101 11 191 5 1
903 101 12 191 5 1
904 101 13 191 5 1
905 101 14 191 5 1
906 101 15 191 5 1
907 101 16 191 5 1
908 101 17 191 5 1
909 101 18 191 5 1
910 102 10 191 5 1
911 102 11 191 5 1
912 102 12 191 5 1
913 102 13 191 5 1
914 102 14 191 5 1
915 102 15 191 5 1
916 102 16 191 5 1
917 102 17 191 5 1
918 102 18 191 5 1
919 103 10 191 5 1
920 103 11 191 5 1
921 103 12 191 5 1
922 103 13 191 5 1
923 103 14 191 5 1
924 103 15 191 5 1
925 103 16 191 5 1
926 103 17 191 5 1
927 103 18 191 5 1
928 104 10 191 5 1
929 104 11 191 5 1
930 104 12 191 5 1
931 104 13 191 5 1
932 104 14 191 5 1
933 104 15 191 5 1
934 104 16 191 5 1
935 104 17 191 5 1
936 104 18 191 5 1
937 105 10 191 5 1
938 105 11 191 5 1
939 105 12 191 5 1
940 105 13 191 5 1
941 105 14 191 5 1
942 105 15 191 5 1
943 105 16 191 5 1
944 105 17 191 5 1
945 105 18 191 5 1
946 106 10 191 5 1
947 106 11 191 5 1
948 106 12 191 5 1
949 106 13 191 5 1
950 106 14 191 5 1
951 106 15 191 5 1
952 106 16 191 5 1
953 106 17 191 5 1
954 106 18 191 5 1
955 107 10 191 5 1
956 107 11 191 5 1
957 107 12 191 5 1
958 107 13 191 5 1
959 107 14 191 5 1
960 107 15 191 5 1
961 107 16 191 5 1
962 107 17 191 5 1
963 107 18 191 5 1
964 108 10 191 5 1
965 108 11 191 5 1
966 108 12 191 5 1
967 108 13 191 5 1
968 108 14 191 5 1
969 108 15 191 5 1
970 108 16 191 5 1
971 108 17 191 5 1
972 108 18 191 5 1
973 109 10 191 5 1
974 109 11 191 5 1
975 109 12 191 5 1
976 109 13 191 5 1
977 109 14 191 5 1
978 109 15 191 5 1
979 109 16 191 5 1
980 109 17 191 5 1
981 109 18 191 5 1
982 110 10 191 5 1
983 110 11 191 5 1
984 110 12 191 5 1
985 110 13 191 5 1
986 110 14 191 5 1
987 110 15 191 5 1
988 110 16 191 5 1
989 110 17 191 5 1
990 110 18 191 5 1
991 111 10 191 5 1
992 111 11 191 5 1
993 111 12 191 5 1
994 111 13 191 5 1
995 111 14 191 5 1
996 111 15 191 5 1
997 111 16 191 5 1
998 111 17 191 5 1
999 111 18 191 5 1
1000 112 10 191 5 1
1001 112 11 191 5 1
1002 112 12 191 5 1
1003 112 13 191 5 1
1004 112 14 191 5 1
1005 112 15 191 5 1
1006 112 16 191 5 1
1007 112 17 191 5 1
1008 112 18 191 5 1
1009 113 10 191 5 1
1010 113 11 191 5 1
1011 113 12 191 5 1
1012 113 13 191 5 1
1013 113 14 191 5 1
1014 113 15 191 5 1
1015 113 16 191 5 1
1016 113 17 191 5 1
1017 113 18 191 5 1
1018 114 10 191 5 1
1019 114 11 191 5 1
1020 114 12 191 5 1
1021 114 15 191 5 1
1022 114 16 191 5 1
1023 114 17 191 5 1
1024 114 18 191 5 1
1025 115 10 191 5 1
1026 115 11 191 5 1
1027 115 12 191 5 1
1028 115 15 191 5 1
1029 115 16 191 5 1
1030 115 17 191 5 1
1031 115 18 191 5 1
1032 116 10 191 5 1
1033 116 11 191 5 1
1034 116 12 191 5 1
1035 116 13 191 5 1
1036 116 16 191 5 1
1037 116 17 191 5 1
1038 116 18 191 5 1
1039 117 10 191 5 1
1040 117 11 191 5 1
1041 117 12 191 5 1
1042 117 13 191 5 1
1043 117 16 191 5 1
1044 117 17 191 5 1
1045 117 18 191 5 1
1046 118 10 191 5 1
1047 118 11 191 5 1
1048 118 12 191 5 1
1049 118 13 191 5 1
1050 118 14 191 5 1
1051 118 15 191 5 1
1052 118 16 191 5 1
1053 118 17 191 5 1
1054 118 18 191 5 1
1055 119 10 191 5 1
1056 119 11 191 5 1
1057 119 12 191 5 1
1058 119 13 191 5 1
1059 119 14 191 5 1
1060 119 15 191 5 1
1061 119 16 191 5 1
1062 119 17 191 5 1
1063 119 18 191 5 1
1064 120 10 191 5 1
1065 120 11 191 5 1
1066 120 12 191 5 1
1067 120 13 191 5 1
1068 120 14 191 5 1
1069 120 15 191 5 1
1070 120 16 191 5 1
1071 120 17 191 5 1
1072 120 18 191 5 1
1073 121 10 191 5 1
1074 121 11 191 5 1
1075 121 12 191 5 1
1076 121 13 191 5 1
1077 121 14 191 5 1
1078 121 15 191 5 1
1079 121 16 191 5 1
1080 121 17 191 5 1
1081 121 18 191 5 1
1082 122 10 191 5 1
1083 122 11 191 5 1
1084 122 12 191 5 1
1085 122 13 191 5 1
1086 122 14 191 5 1
1087 122 15 191 5 1
1088 122 16 191 5 1
1089 122 17 191 5 1
1090 122 18 191 5 1
1091 123 10 191 5 1
1092 123 11 191 5 1
1093 123 12 191 5 1
1094 123 13 191 5 1
1095 123 14 191 5 1
1096 123 15 191 5 1
1097 123 16 191 5 1
1098 123 17 191 5 1
1099 123 18 191 5 1
1100 124 10 191 5 1
1101 124 11 191 5 1
1102 124 12 191 5 1
1103 124 13 191 5 1
1104 124 14 191 5 1
1105 124 15 191 5 1
1106 124 16 191 5 1
1107 124 17 191 5 1
1108 124 18 191 5 1
1109 125 10 191 5 1
1110 125 11 191 5 1
1111 125 12 191 5 1
1112 125 13 191 5 1
1113 125 14 191 5 1
1114 125 15 191 5 1
1115 125 16 191 5 1
1116 125 17 191 5 1
1117 125 18 191 5 1
1118 126 10 191 5 1
1119 126 11 191 5 1
1120 126 12 191 5 1
1121 126 13 191 5 1
1122 126 14 191 5 1
1123 126 15 191 5 1
1124 126 16 191 5 1
1125 126 17 191 5 1
1126 126 18 191 5 1
1127 127 10 191 5 1
1128 127 11 191 5 1
1129 127 12 191 5 1
1130 127 13 191 5 1
1131 127 14 191 5 1
1132 127 15 191 5 1
1133 127 16 191 5 1
1134 127 17 191 5 1
1135 127 18 191 5 1
1136 128 10 191 5 1
1137 128 11 191 5 1
1138 128 12 191 5 1
1139 128 13 191 5 1
1140 128 14 191 5 1
1141 128 15 191 5 1
1142 128 16 191 5 1
1143 128 17 191 5 1
1144 128 18 191 5 1
1145 129 10 191 5 1
1146 129 11 191 5 1
1147 129 12 191 5 1
1148 129 13 191 5 1
1149 129 14 191 5 1
1150 129 15 191 5 1
1151 129 16 191 5 1
1152 129 17 191 5 1
1153 129 18 191 5 1
1154 130 10 191 5 1
1155 130 11 191 5 1
1156 130 12 191 5 1
1157 130 13 191 5 1
1158 130 14 191 5 1
1159 130 15 191 5 1
1160 130 16 191 5 1
1161 130 17 191 5 1
1162 130 18 191 5 1
1163 131 10 191 5 1
1164 131 11 191 5 1
1165 131 12 191 5 1
1166 131 13 191 5 1
1167 131 14 191 5 1
1168 131 15 191 5 1
1169 131 16 191 5 1
1170 131 17 191 5 1
1171 131 18 191 5 1
1172 132 10 191 5 1
1173 132 11 191 5 1
1174 132 12 191 5 1
1175 132 13 191 5 1
1176 132 14 191 5 1
1177 132 15 191 5 1
1178 132 16 191 5 1
1179 132 17 191 5 1
1180 132 18 191 5 1
1181 133 10 191 5 1
1182 133 11 191 5 1
1183 133 12 191 5 1
1184 133 13 191 5 1
1185 133 14 191 5 1
1186 133 15 191 5 1
1187 133 16 191 5 1
1188 133 17 191 5 1
1189 133 18 191 5 1
1190 134 10 191 5 1
1191 134 11 191 5 1
1192 134 12 191 5 1
1193 134 13 191 5 1
1194 134 14 191 5 1
1195 134 15 191 5 1
1196 134 16 191 5 1
1197 134 17 191 5 1
1198 134 18 191 5 1
1199 135 10 191 5 1
1200 135 11 191 5 1
1201 135 12 191 5 1
1202 135 13 191 5 1
1203 135 14 191 5 1
1204 135 15 191 5 1
1205 135 16 191 5 1
1206 135 17 191 5 1
1207 135 18 191 5 1
1208 136 10 191 5 1
1209 136 11 191 5 1
1210 136 12 191 5 1
1211 136 13 191 5 1
1212 136 14 191 5 1
1213 136 15 191 5 1
1214 136 16 191 5 1
1215 136 17 191 5 1
1216 136 18 191 5 1
1217 137 10 191 5 1
1218 137 11 191 5 1
1219 137 12 191 5 1
1220 137 13 191 5 1
1221 137 14 191 5 1
1222 137 15 191 5 1
1223 137 16 191 5 1
1224 137 17 191 5 1
1225 137 18 191 5 1
1226 138 10 191 5 1
1227 138 11 191 5 1
1228 138 12 191 5 1
1229 138 13 191 5 1
1230 138 14 191 5 1
1231 138 15 191 5 1
1232 138 16 191 5 1
1233 138 17 191 5 1
1234 138 18 191 5 1
1235 139 10 191 5 1
1236 139 11 191 5 1
1237 139 12 191 5 1
1238 139 13 191 5 1
1239 139 14 191 5 1
1240 139 15 191 5 1
1241 139 16 191 5 1
1242 139 17 191 5 1
1243 139 18 191 5 1
1244 140 10 191 5 1
1245 140 11 191 5 1
1246 140 12 191 5 1
1247 140 13 191 5 1
1248 140 14 191 5 1
1249 140 15 191 5 1
1250 140 16 191 5 1
1251 140 17 191 5 1
1252 140 18 191 5 1
1253 141 10 191 5 1
1254 141 11 191 5 1
1255 141 12 191 5 1
1256 141 13 191 5 1
1257 141 14 191 5 1
1258 141 15 191 5 1
1259 141 16 191 5 1
1260 141 17 191 5 1
1261 141 18 191 5 1
1262 142 10 191 5 1
1263 142 11 191 5 1
1264 142 12 191 5 1
1265 142 13 191 5 1
1266 142 14 191 5 1
1267 142 15 191 5 1
1268 142 16 191 5 1
1269 142 17 191 5 1
1270 142 18 191 5 1
1271 143 10 191 5 1
1272 143 11 191 5 1
1273 143 12 191 5 1
1274 143 13 191 5 1
1275 143 14 191 5 1
1276 143 15 191 5 1
1277 143 16 191 5 1
1278 143 17 191 5 1
1279 143 18 191 5 1
1280 144 10 191 5 1
1281 144 11 191 5 1
1282 144 12 191 5 1
1283 144 13 191 5 1
1284 144 14 191 5 1
1285 144 15 191 5 1
1286 144 16 191 5 1
1287 144 17 191 5 1
1288 144 18 191 5 1
1289 145 10 191 5 1
1290 145 11 191 5 1
1291 145 12 191 5 1
1292 145 13 191 5 1
1293 145 14 191 5 1
1294 145 15 191 5 1
1295 145 16 191 5 1
1296 145 17 191 5 1
1297 145 18 191 5 1
1298 146 10 191 5 1
1299 146 11 191 5 1
1300 146 12 191 5 1
1301 146 13 191 5 1
1302 146 14 191 5 1
1303 146 15 191 5 1
1304 146 16 191 5 1
1305 146 17 191 5 1
1306 146 18 191 5 1
1307 147 10 191 5 1
1308 147 11 191 5 1
1309 147 12 191 5 1
1310 147 13 191 5 1
1311 147 14 191 5 1
1312 147 15 191 5 1
1313 147 16 191 5 1
1314 147 17 191 5 1
1315 147 18 191 5 1
1316 148 10 191 5 1
1317 148 11 191 5 1
1318 148 12 191 5 1
1319 148 13 191 5 1
1320 148 14 191 5 1
1321 148 15 191 5 1
1322 148 16 191 5 1
1323 148 17 191 5 1
1324 148 18 191 5 1
1325 149 10 191 5 1
1326 149 11 191 5 1
1327 149 12 191 5 1
1328 149 13 191 5 1
1329 149 14 191 5 1
1330 149 15 191 5 1
1331 149 16 191 5 1
1332 149 17 191 5 1
1333 149 18 191 5 1
1334 150 10 191 5 1
1335 150 11 191 5 1
1336 150 12 191 5 1
1337 150 13 191 5 1
1338 150 14 191 5 1
1339 150 15 191 5 1
1340 150 16 191 5 1
1341 150 17 191 5 1
1342 150 18 191 5 1
1343 151 10 191 5 1
1344 151 11 191 5 1
1345 151 12 191 5 1
1346 151 13 191 5 1
1347 151 14 191 5 1
1348 151 15 191 5 1
1349 151 16 191 5 1
1350 151 17 191 5 1
1351 151 18 191 5 1
1352 152 10 191 5 1
1353 152 11 191 5 1
1354 152 12 191 5 1
1355 152 13 191 5 1
1356 152 14 191 5 1
1357 152 15 191 5 1
1358 152 16 191 5 1
1359 152 17 191 5 1
1360 152 18 191 5 1
1361 153 10 191 5 1
1362 153 11 191 5 1
1363 153 12 191 5 1
1364 153 13 191 5 1
1365 153 14 191 5 1
1366 153 15 191 5 1
1367 153 16 191 5 1
1368 153 17 191 5 1
1369 153 18 191 5 1
1370 154 10 191 5 1
1371 154 11 191 5 1
1372 154 12 191 5 1
1373 154 13 191 5 1
1374 154 14 191 5 1
1375 154 15 191 5 1
1376 154 16 191 5 1
1377 154 17 191 5 1
1378 154 18 191 5 1
1379 155 10 191 5 1
1380 155 11 191 5 1
1381 155 12 191 5 1
1382 155 13 191 5 1
1383 155 14 191 5 1
1384 155 15 191 5 1
1385 155 16 191 5 1
1386 155 17 191 5 1
1387 155 18 191 5 1
1388 156 10 191 5 1
1389 156 11 191 5 1
1390 156 12 191 5 1
1391 156 13 191 5 1
1392 156 14 191 5 1
1393 156 15 191 5 1
1394 156 16 191 5 1
1395 156 17 191 5 1
1396 156 18 191 5 1
1397 157 10 191 5 1
1398 157 11 191 5 1
1399 157 12 191 5 1
1400 157 13 191 5 1
1401 157 14 191 5 1
1402 157 15 191 5 1
1403 157 16 191 5 1
1404 157 17 191 5 1
1405 157 18 191 5 1
1406 158 10 191 5 1
1407 158 11 191 5 1
1408 158 12 191 5 1
1409 158 13 191 5 1
1410 158 14 191 5 1
1411 158 15 191 5 1
1412 158 16 191 5 1
1413 158 17 191 5 1
1414 158 18 191 5 1
1415 159 10 191 5 1
1416 159 11 191 5 1
1417 159 12 191 5 1
1418 159 13 191 5 1
1419 159 14 191 5 1
1420 159 15 191 5 1
1421 159 16 191 5 1
1422 159 17 191 5 1
1423 159 18 191 5 1
1424 160 10 191 5 1
1425 160 11 191 5 1
1426 160 12 191 5 1
1427 160 13 191 5 1
1428 160 14 191 5 1
1429 160 15 191 5 1
1430 160 16 191 5 1
1431 160 17 191 5 1
1432 160 18 191 5 1
1433 161 10 191 5 1
1434 161 11 191 5 1
1435 161 12 191 5 1
1436 161 13 191 5 1
1437 161 14 191 5 1
1438 161 15 191 5 1
1439 161 16 191 5 1
1440 161 17 191 5 1
1441 161 18 191 5 1
1442 162 10 191 5 1
1443 162 11 191 5 1
1444 162 12 191 5 1
1445 162 13 191 5 1
1446 162 14 191 5 1
1447 162 15 191 5 1
1448 162 16 191 5 1
1449 162 17 191 5 1
1450 162 18 191 5 1
1451 163 10 191 5 1
1452 163 11 191 5 1
1453 163 12 191 5 1
1454 163 13 191 5 1
1455 163 14 191 5 1
1456 163 15 191 5 1
1457 163 16 191 5 1
1458 163 17 191 5 1
1459 163 18 191 5 1
1460 164 10 191 5 1
1461 164 11 191 5 1
1462 164 12 191 5 1
1463 164 13 191 5 1
1464 164 14 191 5 1
1465 164 15 191 5 1
1466 164 16 191 5 1
1467 164 17 191 5 1
1468 164 18 191 5 1
1469 165 10 191 5 1
1470 165 11 191 5 1
1471 165 12 191 5 1
1472 165 13 191 5 1
1473 165 14 191 5 1
1474 165 15 191 5 1
1475 165 16 191 5 1
1476 165 17 191 5 1
1477 165 18 191 5 1
1478 166 10 191 5 1
1479 166 11 191 5 1
1480 166 12 191 5 1
1481 166 13 191 5 1
1482 166 14 191 5 1
1483 166 15 191 5 1
1484 166 16 191 5 1
1485 166 17 191 5 1
1486 166 18 191 5 1
1487 167 10 191 5 1
1488 167 11 191 5 1
1489 167 12 191 5 1
1490 167 13 191 5 1
1491 167 14 191 5 1
1492 167 15 191 5 1
1493 167 16 191 5 1
1494 167 17 191 5 1
1495 167 18 191 5 1
1496 168 10 191 5 1
1497 168 11 191 5 1
1498 168 12 191 5 1
1499 168 13 191 5 1
1500 168 14 191 5 1
1501 168 15 191 5 1
1502 168 16 191 5 1
1503 168 17 191 5 1
1504 168 18 191 5 1
1505 169 10 191 5 1
1506 169 11 191 5 1
1507 169 12 191 5 1
1508 169 13 191 5 1
1509 169 14 191 5 1
1510 169 15 191 5 1
1511 169 16 191 5 1
1512 169 17 191 5 1
1513 169 18 191 5 1
1514 170 10 191 5 1
1515 170 11 191 5 1
1516 170 12 191 5 1
1517 170 13 191 5 1
1518 170 14 191 5 1
1519 170 15 191 5 1
1520 170 16 191 5 1
1521 170 17 191 5 1
1522 170 18 191 5 1
1523 171 10 191 5 1
1524 171 11 191 5 1
1525 171 12 191 5 1
1526 171 13 191 5 1
1527 171 14 191 5 1
1528 171 15 191 5 1
1529 171 16 191 5 1
1530 171 17 191 5 1
1531 171 18 191 5 1
1532 172 10 191 5 1
1533 172 11 191 5 1
1534 172 12 191 5 1
1535 172 13 191 5 1
1536 172 14 191 5 1
1537 172 15 191 5 1
1538 172 16 191 5 1
1539 172 17 191 5 1
1540 172 18 191 5 1
1541 173 10 191 5 1
1542 173 11 191 5 1
1543 173 12 191 5 1
1544 173 13 191 5 1
1545 173 14 191 5 1
1546 173 15 191 5 1
1547 173 16 191 5 1
1548 173 17 191 5 1
1549 173 18 191 5 1
1550 174 10 191 5 1
1551 174 11 191 5 1
1552 174 12 191 5 1
1553 174 13 191 5 1
1554 174 14 191 5 1
1555 174 15 191 5 1
1556 174 16 191 5 1
1557 174 17 191 5 1
1558 174 18 191 5 1
1559 175 10 191 5 1
1560 175 11 191 5 1
1561 175 12 191 5 1
1562 175 13 191 5 1
1563 175 14 191 5 1
1564 175 15 191 5 1
1565 175 16 191 5 1
1566 175 17 191 5 1
1567 175 18 191 5 1
1568 176 10 191 5 1
1569 176 11 191 5 1
1570 176 12 191 5 1
1571 176 13 191 5 1
1572 176 14 191 5 1
1573 176 15 191 5 1
1574 176 16 191 5 1
1575 176 17 191 5 1
1576 176 18 191 5 1
1577 177 10 191 5 1
1578 177 11 191 5 1
1579 177 12 191 5 1
1580 177 13 191 5 1
1581 177 14 191 5 1
1582 177 15 191 5 1
1583 177 16 191 5 1
1584 177 17 191 5 1
1585 177 18 191 5 1
1586 178 10 191 5 1
1587 178 11 191 5 1
1588 178 12 191 5 1
1589 178 13 191 5 1
1590 178 14 191 5 1
1591 178 15 191 5 1
1592 178 16 191 5 1
1593 178 17 191 5 1
1594 178 18 191 5 1
1595 179 10 191 5 1
1596 179 11 191 5 1
1597 179 12 191 5 1
1598 179 13 191 5 1
1599 179 14 191 5 1
1600 179 15 191 5 1
1601 179 16 191 5 1
1602 179 17 191 5 1
1603 179 18 191 5 1
1604 180 10 191 5 1
1605 180 11 191 5 1
1606 180 12 191 5 1
1607 180 13 191 5 1
1608 180 14 191 5 1
1609 180 15 191 5 1
1610 180 16 191 5 1
1611 180 17 191 5 1
1612 180 18 191 5 1
1613 181 10 191 5 1
1614 181 11 191 5 1
1615 181 12 191 5 1
1616 181 13 191 5 1
1617 181 14 191 5 1
1618 181 15 191 5 1
1619 181 16 191 5 1
1620 181 17 191 5 1
1621 181 18 191 5 1
1622 182 10 191 5 1
1623 182 11 191 5 1
1624 182 12 191 5 1
1625 182 13 191 5 1
1626 182 14 191 5 1
1627 182 15 191 5 1
1628 182 16 191 5 1
1629 182 17 191 5 1
1630 182 18 191 5 1
1631 183 10 191 5 1
1632 183 11 191 5 1
1633 183 12 191 5 1
1634 183 13 191 5 1
1635 183 14 191 5 1
1636 183 15 191 5 1
1637 183 16 191 5 1
1638 183 17 191 5 1
1639 183 18 191 5 1
1640 184 10 191 5 1
1641 184 11 191 5 1
1642 184 12 191 5 1
1643 184 13 191 5 1
1644 184 14 191 5 1
1645 184 15 191 5 1
1646 184 16 191 5 1
1647 184 17 191 5 1
1648 184 18 191 5 1
1649 185 10 191 5 1
1650 185 11 191 5 1
1651 185 12 191 5 1
1652 185 13 191 5 1
1653 185 14 191 5 1
1654 185 15 191 5 1
1655 185 16 191 5 1
1656 185 17 191 5 1
1657 185 18 191 5 1
1658 186 10 191 5 1
1659 186 11 191 5 1
1660 186 12 191 5 1
1661 186 13 191 5 1
1662 186 14 191 5 1
1663 186 15 191 5 1
1664 186 16 191 5 1
1665 186 17 191 5 1
1666 186 18 191 5 1
1667 187 10 191 5 1
1668 187 11 191 5 1
1669 187 12 191 5 1
1670 187 13 191 5 1
1671 187 14 191 5 1
1672 187 15 191 5 1
1673 187 16 191 5 1
1674 187 17 191 5 1
1675 187 18 191 5 1
1676 188 10 191 5 1
1677 188 11 191 5 1
1678 188 12 191 5 1
1679 188 13 191 5 1
1680 188 14 191 5 1
1681 188 15 191 5 1
1682 188 16 191 5 1
1683 188 17 191 5 1
1684 188 18 191 5 1
1685 189 10 191 5 1
1686 189 11 191 5 1
1687 189 12 191 5 1
1688 189 13 191 5 1
1689 189 14 191 5 1
1690 189 15 191 5 1
1691 189 16 191 5 1
1692 189 17 191 5 1
1693 189 18 191 5 1
1694 190 10 191 5 1
1695 190 11 191 5 1
1696 190 12 191 5 1
1697 190 13 191 5 1
1698 190 14 191 5 1
1699 190 15 191 5 1
1700 190 16 191 5 1
1701 190 17 191 5 1
1702 190 18 191 5 1
1703 191 10 191 5 1
1704 191 11 191 5 1
1705 191 12 191 5 1
1706 191 13 191 5 1
1707 191 14 191 5 1
1708 191 15 191 5 1
1709 191 16 191 5 1
1710 191 17 191 5 1
1711 191 18 191 5 1
1712 192 10 191 5 1
1713 192 11 191 5 1
1714 192 12 191 5 1
1715 192 13 191 5 1
1716 192 14 191 5 1
1717 192 15 191 5 1
1718 192 16 191 5 1
1719 192 17 191 5 1
1720 192 18 191 5 1
1721 193 10 191 5 1
1722 193 11 191 5 1
1723 193 12 191 5 1
1724 193 13 191 5 1
1725 193 14 191 5 1
1726 193 15 191 5 1
1727 193 16 191 5 1
1728 193 17 191 5 1
1729 193 18 191 5 1
1730 194 10 191 5 1
1731 194 11 191 5 1
1732 194 12 191 5 1
1733 194 13 191 5 1
1734 194 14 191 5 1
1735 194 15 191 5 1
1736 194 16 191 5 1
1737 194 17 191 5 1
1738 194 18 191 5 1
1739 195 10 191 5 1
1740 195 11 191 5 1
1741 195 12 191 5 1
1742 195 13 191 5 1
1743 195 14 191 5 1
1744 195 15 191 5 1
1745 195 16 191 5 1
1746 195 17 191 5 1
1747 195 18 191 5 1
1748 196 10 191 5 1
1749 196 11 191 5 1
1750 196 12 191 5 1
1751 196 13 191 5 1
1752 196 14 191 5 1
1753 196 15 191 5 1
1754 196 16 191 5 1
1755 196 17 191 5 1
1756 196 18 191 5 1
1757 197 10 191 5 1
1758 197 11 191 5 1
1759 197 12 191 5 1
1760 197 13 191 5 1
1761 197 14 191 5 1
1762 197 15 191 5 1
1763 197 16 191 5 1
1764 197 17 191 5 1
1765 197 18 191 5 1
1766 198 10 191 5 1
1767 198 11 191 5 1
1768 198 12 191 5 1
1769 198 13 191 5 1
1770 198 14 191 5 1
1771 198 15 191 5 1
1772 198 16 191 5 1
1773 198 17 191 5 1
1774 198 18 191 5 1
1775 199 10 191 5 1
1776 199 11 191 5 1
1777 199 12 191 5 1
1778 199 13 191 5 1
1779 199 14 191 5 1
1780 199 15 191 5 1
1781 199 16 191 5 1
1782 199 17 191 5 1
1783 199 18 191 5 1
1784 200 10 191 5 1
1785 200 11 191 5 1
1786 200 12 191 5 1
1787 200 13 191 5 1
1788 200 14 191 5 1
1789 200 15 191 5 1
1790 200 16 191 5 1
1791 200 17 191 5 1
1792 200 18 191 5 1
1793 201 10 191 5 1
1794 201 11 191 5 1
1795 201 12 191 5 1
1796 201 13 191 5 1
1797 201 14 191 5 1
1798 201 15 191 5 1
1799 201 16 191 5 1
1800 201 17 191 5 1
1801 201 18 191 5 1
1802 202 10 191 5 1
1803 202 11 191 5 1
1804 202 12 191 5 1
1805 202 13 191 5 1
1806 202 14 191 5 1
1807 202 15 191 5 1
1808 202 16 191 5 1
1809 202 17 191 5 1
1810 202 18 191 5 1
1811 203 10 191 5 1
1812 203 11 191 5 1
1813 203 12 191 5 1
1814 203 13 191 5 1
1815 203 14 191 5 1
1816 203 15 191 5 1
1817 203 16 191 5 1
1818 203 17 191 5 1
1819 203 18 191 5 1
1820 204 10 191 5 1
1821 204 11 191 5 1
1822 204 12 191 5 1
1823 204 13 191 5 1
1824 204 14 191 5 1
1825 204 15 191 5 1
1826 204 16 191 5 1
1827 204 17 191 5 1
1828 204 18 191 5 1
1829 205 10 191 5 1
1830 205 11 191 5 1
1831 205 12 191 5 1
1832 205 13 191 5 1
1833 205 14 191 5 1
1834 205 15 191 5 1
1835 205 16 191 5 1
1836 205 17 191 5 1
1837 205 18 191 5 1
1838 206 10 191 5 1
1839 206 11 191 5 1
1840 206 12 191 5 1
1841 206 13 191 5 1
1842 206 14 191 5 1
1843 206 15 191 5 1
1844 206 16 191 5 1
1845 206 17 191 5 1
1846 206 18 191 5 1
1847 207 10 191 5 1
1848 207 11 191 5 1
1849 207 12 191 5 1
1850 207 13 191 5 1
1851 207 14 191 5 1
1852 207 15 191 5 1
1853 207 16 191 5 1
1854 207 17 191 5 1
1855 207 18 191 5 1
1856 208 10 191 5 1
1857 208 11 191 5 1
1858 208 12 191 5 1
1859 208 13 191 5 1
1860 208 14 191 5 1
1861 208 15 191 5 1
1862 208 16 191 5 1
1863 208 17 191 5 1
1864 208 18 191 5 1
1865 209 10 191 5 1
1866 209 11 191 5 1
1867 209 12 191 5 1
1868 209 13 191 5 1
1869 209 14 191 5 1
1870 209 15 191 5 1
1871 209 16 191 5 1
1872 209 17 191 5 1
1873 209 18 191 5 1
1874 210 10 191 5 1
1875 210 11 191 5 1
1876 210 12 191 5 1
1877 210 13 191 5 1
1878 210 14 191 5 1
1879 210 15 191 5 1
1880 210 16 191 5 1
1881 210 17 191 5 1
1882 210 18 191 5 1
1883 211 10 191 5 1
1884 211 11 191 5 1
1885 211 12 191 5 1
1886 211 13 191 5 1
1887 211 14 191 5 1
1888 211 15 191 5 1
1889 211 16 191 5 1
1890 211 17 191 5 1
1891 211 18 191 5 1
1892 212 10 191 5 1
1893 212 11 191 5 1
1894 212 12 191 5 1
1895 212 13 191 5 1
1896 212 14 191 5 1
1897 212 15 191 5 1
1898 212 16 191 5 1
1899 212 17 191 5 1
1900 212 18 191 5 1
1901 213 10 191 5 1
1902 213 11 191 5 1
1903 213 12 191 5 1
1904 213 13 191 5 1
1905 213 14 191 5 1
1906 213 15 191 5 1
1907 213 16 191 5 1
1908 213 17 191 5 1
1909 213 18 191 5 1
1910 214 10 191 5 1
1911 214 11 191 5 1
1912 214 12 191 5 1
1913 214 13 191 5 1
1914 214 14 191 5 1
1915 214 15 191 5 1
1916 214 16 191 5 1
1917 214 17 191 5 1
1918 214 18 191 5 1
1919 215 10 191 5 1
1920 215 11 191 5 1
1921 215 12 191 5 1
1922 215 13 191 5 1
1923 215 14 191 5 1
1924 215 15 191 5 1
1925 215 16 191 5 1
1926 215 17 191 5 1
1927 215 18 191 5 1
1928 216 10 191 5 1
1929 216 11 191 5 1
1930 216 12 191 5 1
1931 216 13 191 5 1
1932 216 14 191 5 1
1933 216 15 191 5 1
1934 216 16 191 5 1
1935 216 17 191 5 1
1936 216 18 191 5 1
1937 217 10 191 5 1
1938 217 11 191 5 1
1939 217 12 191 5 1
1940 217 13 191 5 1
1941 217 14 191 5 1
1942 217 15 191 5 1
1943 217 16 191 5 1
1944 217 17 191 5 1
1945 217 18 191 5 1
1946 218 10 191 5 1
1947 218 11 191 5 1
1948 218 12 191 5 1
1949 218 13 191 5 1
1950 218 14 191 5 1
1951 218 15 191 5 1
1952 218 16 191 5 1
1953 218 17 191 5 1
1954 218 18 191 5 1
1955 219 10 191 5 1
1956 219 11 191 5 1
1957 219 12 191 5 1
1958 219 13 191 5 1
1959 219 14 191 5 1
1960 219 15 191 5 1
1961 219 16 191 5 1
1962 219 17 191 5 1
1963 219 18 191 5 1
1964 220 10 191 5 1
1965 220 11 191 5 1
1966 220 12 191 5 1
1967 220 13 191 5 1
1968 220 14 191 5 1
1969 220 15 191 5 1
1970 220 16 191 5 1
1971 220 17 191 5 1
1972 220 18 191 5 1
1973 221 10 191 5 1
1974 221 11 191 5 1
1975 221 12 191 5 1
1976 221 13 191 5 1
1977 221 14 191 5 1
1978 221 15 191 5 1
1979 221 16 191 5 1
1980 221 17 191 5 1
1981 221 18 191 5 1
1982 222 10 191 5 1
1983 222 11 191 5 1
1984 222 12 191 5 1
1985 222 13 191 5 1
1986 222 14 191 5 1
1987 222 15 191 5 1
1988 222 16 191 5 1
1989 222 17 191 5 1
1990 222 18 191 5 1
1991 223 10 191 5 1
1992 223 11 191 5 1
1993 223 12 191 5 1
1994 223 13 191 5 1
1995 223 14 191 5 1
1996 223 15 191 5 1
1997 223 16 191 5 1
1998 223 17 191 5 1
1999 223 18 191 5 1
2000 224 10 191 5 1
2001 224 11 191 5 1
2002 224 12 191 5 1
2003 224 13 191 5 1
2004 224 14 191 5 1
2005 224 15 191 5 1
2006 224 16 191 5 1
2007 224 17 191 5 1
2008 224 18 191 5 1
2009 225 10 191 5 1
2010 225 11 191 5 1
2011 225 12 191 5 1
2012 225 13 191 5 1
2013 225 14 191 5 1
2014 225 15 191 5 1
2015 225 16 191 5 1
2016 225 17 191 5 1
2017 225 18 191 5 1
2018 226 10 191 5 1
2019 226 11 191 5 1
2020 226 12 191 5 1
2021 226 13 191 5 1
2022 226 14 191 5 1
2023 226 15 191 5 1
2024 226 16 191 5 1
2025 226 17 191 5 1
2026 226 18 191 5 1
2027 227 10 191 5 1
2028 227 11 191 5 1
2029 227 12 191 5 1
2030 227 13 191 5 1
2031 227 14 191 5 1
2032 227 15 191 5 1
2033 227 16 191 5 1
2034 227 17 191 5 1
2035 227 18 191 5 1
2036 228 10 191 5 1
2037 228 11 191 5 1
2038 228 12 191 5 1
2039 228 13 191 5 1
2040 228 14 191 5 1
2041 228 15 191 5 1
2042 228 16 191 5 1
2043 228 17 191 5 1
2044 228 18 191 5 1
2045 229 10 191 5 1
2046 229 11 191 5 1
2047 229 12 191 5 1
2048 229 13 191 5 1
2049 229 14 191 5 1
2050 229 15 191 5 1
2051 229 16 191 5 1
2052 229 17 191 5 1
2053 229 18 191 5 1
2054 230 10 191 5 1
2055 230 11 191 5 1
2056 230 12 191 5 1
2057 230 13 191 5 1
2058 230 14 191 5 1
2059 230 15 191 5 1
2060 230 16 191 5 1
2061 230 17 191 5 1
2062 230 18 191 5 1
2063 231 10 191 5 1
2064 231 11 191 5 1
2065 231 12 191 5 1
2066 231 13 191 5 1
2067 231 14 191 5 1
2068 231 15 191 5 1
2069 231 16 191 5 1
2070 231 17 191 5 1
2071 231 18 191 5 1
2072 232 10 191 5 1
2073 232 11 191 5 1
2074 232 12 191 5 1
2075 232 13 191 5 1
2076 232 14 191 5 1
2077 232 15 191 5 1
2078 232 16 191 5 1
2079 232 17 191 5 1
2080 232 18 191 5 1
2081 233 10 191 5 1
2082 233 11 191 5 1
2083 233 12 191 5 1
2084 233 13 191 5 1
2085 233 14 191 5 1
2086 233 15 191 5 1
2087 233 16 191 5 1
2088 233 17 191 5 1
2089 233 18 191 5 1
2090 234 10 191 5 1
2091 234 11 191 5 1
2092 234 12 191 5 1
2093 234 13 191 5 1
2094 234 14 191 5 1
2095 234 15 191 5 1
2096 234 16 191 5 1
2097 234 17 191 5 1
2098 234 18 191 5 1
2099 235 10 191 5 1
2100 235 11 191 5 1
2101 235 12 191 5 1
2102 235 13 191 5 1
2103 235 14 191 5 1
2104 235 15 191 5 1
2105 235 16 191 5 1
2106 235 17 191 5 1
2107 235 18 191 5 1
2108 236 10 191 5 1
2109 236 11 191 5 1
2110 236 12 191 5 1
2111 236 13 191 5 1
2112 236 14 191 5 1
2113 236 15 191 5 1
2114 236 16 191 5 1
2115 236 17 191 5 1
2116 236 18 191 5 1
2117 237 10 191 5 1
2118 237 11 191 5 1
2119 237 12 191 5 1
2120 237 13 191 5 1
2121 237 14 191 5 1
2122 237 15 191 5 1
2123 237 16 191 5 1
2124 237 17 191 5 1
2125 237 18 191 5 1
2126 238 10 191 5 1
2127 238 11 191 5 1
2128 238 12 191 5 1
2129 238 13 191 5 1
2130 238 14 191 5 1
2131 238 15 191 5 1
2132 238 16 191 5 1
2133 238 17 191 5 1
2134 238 18 191 5 1
2135 239 10 191 5 1
2136 239 11 191 5 1
2137 239 12 191 5 1
2138 239 13 191 5 1
2139 239 14 191 5 1
2140 239 15 191 5 1
2141 239 16 191 5 1
2142 239 17 191 5 1
2143 239 18 191 5 1
2144 240 10 191 5 1
2145 240 11 191 5 1
2146 240 12 191 5 1
2147 240 13 191 5 1
2148 240 14 191 5 1
2149 240 15 191 5 1
2150 240 16 191 5 1
2151 240 17 191 5 1
2152 240 18 191 5 1
2153 241 10 191 5 1
2154 241 11 191 5 1
2155 241 12 191 5 1
2156 241 13 191 5 1
2157 241 14 191 5 1
2158 241 15 191 5 1
2159 241 16 191 5 1
2160 241 17 191 5 1
2161 241 18 191 5 1
2162 242 10 191 5 1
2163 242 11 191 5 1
2164 242 12 191 5 1
2165 242 13 191 5 1
2166 242 14 191 5 1
2167 242 15 191 5 1
2168 242 16 191 5 1
2169 242 17 191 5 1
2170 242 18 191 5 1
2171 243 10 191 5 1
2172 243 11 191 5 1
2173 243 12 191 5 1
2174 243 13 191 5 1
2175 243 14 191 5 1
2176 243 15 191 5 1
2177 243 16 191 5 1
2178 243 17 191 5 1
2179 243 18 191 5 1
2180 244 10 191 5 1
2181 244 11 191 5 1
2182 244 12 191 5 1
2183 244 13 191 5 1
2184 244 14 191 5 1
2185 244 15 191 5 1
2186 244 16 191 5 1
2187 244 17 191 5 1
2188 244 18 191 5 1
2189 245 10 191 5 1
2190 245 11 191 5 1
2191 245 12 191 5 1
2192 245 13 191 5 1
2193 245 14 191 5 1
2194 245 15 191 5 1
2195 245 16 191 5 1
2196 245 17 191 5 1
2197 245 18 191 5 1
2198 246 10 191 5 1
2199 246 11 191 5 1
2200 246 12 191 5 1
2201 246 13 191 5 1
2202 246 14 191 5 1
2203 246 15 191 5 1
2204 246 16 191 5 1
2205 246 17 191 5 1
2206 246 18 191 5 1
2207 247 10 191 5 1
2208 247 11 191 5 1
2209 247 12 191 5 1
2210 247 13 191 5 1
2211 247 14 191 5 1
2212 247 15 191 5 1
2213 247 16 191 5 1
2214 247 17 191 5 1
2215 247 18 191 5 1
2216 248 10 191 5 1
2217 248 11 191 5 1
2218 248 12 191 5 1
2219 248 13 191 5 1
2220 248 14 191 5 1
2221 248 15 191 5 1
2222 248 16 191 5 1
2223 248 17 191 5 1
2224 248 18 191 5 1
2225 249 10 191 5 1
2226 249 11 191 5 1
2227 249 12 191 5 1
2228 249 13 191 5 1
2229 249 14 191 5 1
2230 249 15 191 5 1
2231 249 16 191 5 1
2232 249 17 191 5 1
2233 249 18 191 5 1
2234 250 10 191 5 1
2235 250 11 191 5 1
2236 250 12 191 5 1
2237 250 13 191 5 1
2238 250 14 191 5 1
2239 250 15 191 5 1
2240 250 16 191 5 1
2241 250 17 191 5 1
2242 250 18 191 5 1
2243 251 10 191 5 1
2244 251 11 191 5 1
2245 251 12 191 5 1
2246 251 13 191 5 1
2247 251 14 191 5 1
2248 251 15 191 5 1
2249 251 16 191 5 1
2250 251 17 191 5 1
2251 251 18 191 5 1
2252 252 10 191 5 1
2253 252 11 191 5 1
2254 252 12 191 5 1
2255 252 13 191 5 1
2256 252 14 191 5 1
2257 252 15 191 5 1
2258 252 16 191 5 1
2259 252 17 191 5 1
2260 252 18 191 5 1
2261 253 10 191 5 1
2262 253 11 191 5 1
2263 253 12 191 5 1
2264 253 13 191 5 1
2265 253 14 191 5 1
2266 253 15 191 5 1
2267 253 16 191 5 1
2268 253 17 191 5 1
2269 253 18 191 5 1
2270 254 10 191 5 1
2271 254 11 191 5 1
2272 254 12 191 5 1
2273 254 13 191 5 1
2274 254 14 191 5 1
2275 254 15 191 5 1
2276 254 16 191 5 1
2277 254 17 191 5 1
2278 254 18 191 5 1
2279 255 10 191 5 1
2280 255 11 191 5 1
2281 255 12 191 5 1
2282 255 13 191 5 1
2283 255 14 191 5 1
2284 255 15 191 5 1
2285 255 16 191 5 1
2286 255 17 191 5 1
2287 255 18 191 5 1
2288 256 10 191 5 1
2289 256 11 191 5 1
2290 256 12 191 5 1
2291 256 13 191 5 1
2292 256 14 191 5 1
2293 256 15 191 5 1
2294 256 16 191 5 1
2295 256 17 191 5 1
2296 256 18 191 5 1
2297 257 10 191 5 1
2298 257 11 191 5 1
2299 257 12 191 5 1
2300 257 13 191 5 1
2301 257 14 191 5 1
2302 257 15 191 5 1
2303 257 16 191 5 1
2304 257 17 191 5 1
2305 257 18 191 5 1
2306 258 10 191 5 1
2307 258 11 191 5 1
2308 258 12 191 5 1
2309 258 13 191 5 1
2310 258 14 191 5 1
2311 258 15 191 5 1
2312 258 16 191 5 1
2313 258 17 191 5 1
2314 258 18 191 5 1
2315 259 10 191 5 1
2316 259 11 191 5 1
2317 259 12 191 5 1
2318 259 13 191 5 1
2319 259 14 191 5 1
2320 259 15 191 5 1
2321 259 16 191 5 1
2322 259 17 191 5 1
2323 259 18 191 5 1
2324 260 10 191 5 1
2325 260 11 191 5 1
2326 260 12 191 5 1
2327 260 13 191 5 1
2328 260 14 191 5 1
2329 260 15 191 5 1
2330 260 16 191 5 1
2331 260 17 191 5 1
2332 260 18 191 5 1
2333 261 10 191 5 1
2334 261 11 191 5 1
2335 261 12 191 5 1
2336 261 13 191 5 1
2337 261 14 191 5 1
2338 261 15 191 5 1
2339 261 16 191 5 1
2340 261 17 191 5 1
2341 261 18 191 5 1
2342 262 10 191 5 1
2343 262 11 191 5 1
2344 262 12 191 5 1
2345 262 13 191 5 1
2346 262 14 191 5 1
2347 262 15 191 5 1
2348 262 16 191 5 1
2349 262 17 191 5 1
2350 262 18 191 5 1
2351 263 10 191 5 1
2352 263 11 191 5 1
2353 263 12 191 5 1
2354 263 13 191 5 1
2355 263 14 191 5 1
2356 263 15 191 5 1
2357 263 16 191 5 1
2358 263 17 191 5 1
2359 263 18 191 5 1
2360 264 10 191 5 1
2361 264 11 191 5 1
2362 264 12 191 5 1
2363 264 13 191 5 1
2364 264 14 191 5 1
2365 264 15 191 5 1
2366 264 16 191 5 1
2367 264 17 191 5 1
2368 264 18 191 5 1
2369 265 10 191 5 1
2370 265 11 191 5 1
2371 265 12 191 5 1
2372 265 13 191 5 1
2373 265 14 191 5 1
2374 265 15 191 5 1
2375 265 16 191 5 1
2376 265 17 191 5 1
2377 265 18 191 5 1
2378 266 10 191 5 1
2379 266 11 191 5 1
2380 266 12 191 5 1
2381 266 13 191 5 1
2382 266 14 191 5 1
2383 266 15 191 5 1
2384 266 16 191 5 1
2385 266 17 191 5 1
2386 266 18 191 5 1
2387 267 10 191 5 1
2388 267 11 191 5 1
2389 267 12 191 5 1
2390 267 13 191 5 1
2391 267 14 191 5 1
2392 267 15 191 5 1
2393 267 16 191 5 1
2394 267 17 191 5 1
2395 267 18 191 5 1
2396 268 10 191 5 1
2397 268 11 191 5 1
2398 268 12 191 5 1
2399 268 13 191 5 1
2400 268 14 191 5 1
2401 268 15 191 5 1
2402 268 16 191 5 1
2403 268 17 191 5 1
2404 268 18 191 5 1
2405 269 10 191 5 1
2406 269 11 191 5 1
2407 269 12 191 5 1
2408 269 13 191 5 1
2409 269 14 191 5 1
2410 269 15 191 5 1
2411 269 16 191 5 1
2412 269 17 191 5 1
2413 269 18 191 5 1
2414 270 10 191 5 1
2415 270 11 191 5 1
2416 270 12 191 5 1
2417 270 13 191 5 1
2418 270 14 191 5 1
2419 270 15 191 5 1
2420 270 16 191 5 1
2421 270 17 191 5 1
2422 270 18 191 5 1
2423 271 10 191 5 1
2424 271 11 191 5 1
2425 271 12 191 5 1
2426 271 13 191 5 1
2427 271 14 191 5 1
2428 271 15 191 5 1
2429 271 16 191 5 1
2430 271 17 191 5 1
2431 271 18 191 5 1
2432 272 10 191 5 1
2433 272 11 191 5 1
2434 272 12 191 5 1
2435 272 13 191 5 1
2436 272 14 191 5 1
2437 272 15 191 5 1
2438 272 16 191 5 1
2439 272 17 191 5 1
2440 272 18 191 5 1
2441 273 10 191 5 1
2442 273 11 191 5 1
2443 273 12 191 5 1
2444 273 13 191 5 1
2445 273 14 191 5 1
2446 273 15 191 5 1
2447 273 16 191 5 1
2448 273 17 191 5 1
2449 273 18 191 5 1
2450 274 10 191 5 1
2451 274 11 191 5 1
2452 274 12 191 5 1
2453 274 13 191 5 1
2454 274 14 191 5 1
2455 274 15 191 5 1
2456 274 16 191 5 1
2457 274 17 191 5 1
2458 274 18 191 5 1
2459 275 10 191 5 1
2460 275 11 191 5 1
2461 275 12 191 5 1
2462 275 13 191 5 1
2463 275 14 191 5 1
2464 275 15 191 5 1
2465 275 16 191 5 1
2466 275 17 191 5 1
2467 275 18 191 5 1
2468 276 10 191 5 1
2469 276 11 191 5 1
2470 276 12 191 5 1
2471 276 13 191 5 1
2472 276 14 191 5 1
2473 276 15 191 5 1
2474 276 16 191 5 1
2475 276 17 191 5 1
2476 276 18 191 5 1
2477 277 10 191 5 1
2478 277 11 191 5 1
2479 277 12 191 5 1
2480 277 13 191 5 1
2481 277 14 191 5 1
2482 277 15 191 5 1
2483 277 16 191 5 1
2484 277 17 191 5 1
2485 277 18 191 5 1
2486 278 10 191 5 1
2487 278 11 191 5 1
2488 278 12 191 5 1
2489 278 13 191 5 1
2490 278 14 191 5 1
2491 278 15 191 5 1
2492 278 16 191 5 1
2493 278 17 191 5 1
2494 278 18 191 5 1
2495 279 10 191 5 1
2496 279 11 191 5 1
2497 279 12 191 5 1
2498 279 13 191 5 1
2499 279 14 191 5 1
2500 279 15 191 5 1
2501 279 16 191 5 1
2502 279 17 191 5 1
2503 279 18 191 5 1
2504 280 10 191 5 1
2505 280 11 191 5 1
2506 280 12 191 5 1
2507 280 13 191 5 1
2508 280 14 191 5 1
2509 280 15 191 5 1
2510 280 16 191 5 1
2511 280 17 191 5 1
2512 280 18 191 5 1
2513 281 10 191 5 1
2514 281 11 191 5 1
2515 281 12 191 5 1
2516 281 13 191 5 1
2517 281 14 191 5 1
2518 281 15 191 5 1
2519 281 16 191 5 1
2520 281 17 191 5 1
2521 281 18 191 5 1
2522 282 10 191 5 1
2523 282 11 191 5 1
2524 282 12 191 5 1
2525 282 13 191 5 1
2526 282 14 191 5 1
2527 282 15 191 5 1
2528 282 16 191 5 1
2529 282 17 191 5 1
2530 282 18 191 5 1
2531 283 10 191 5 1
2532 283 11 191 5 1
2533 283 12 191 5 1
2534 283 13 191 5 1
2535 283 14 191 5 1
2536 283 15 191 5 1
2537 283 16 191 5 1
2538 283 17 191 5 1
2539 283 18 191 5 1
2540 284 10 191 5 1
2541 284 11 191 5 1
2542 284 12 191 5 1
2543 284 13 191 5 1
2544 284 14 191 5 1
2545 284 15 191 5 1
2546 284 16 191 5 1
2547 284 17 191 5 1
2548 284 18 191 5 1
2549 285 10 191 5 1
2550 285 11 191 5 1
2551 285 12 191 5 1
2552 285 13 191 5 1
2553 285 14 191 5 1
2554 285 15 191 5 1
2555 285 16 191 5 1
2556 285 17 191 5 1
2557 285 18 191 5 1
2558 286 10 191 5 1
2559 286 11 191 5 1
2560 286 12 191 5 1
2561 286 13 191 5 1
2562 286 14 191 5 1
2563 286 15 191 5 1
2564 286 16 191 5 1
2565 286 17 191 5 1
2566 286 18 191 5 1
2567 287 10 191 5 1
2568 287 11 191 5 1
2569 287 12 191 5 1
2570 287 13 191 5 1
2571 287 14 191 5 1
2572 287 15 191 5 1
2573 287 16 191 5 1
2574 287 17 191 5 1
2575 287 18 191 5 1
2576 288 10 191 5 1
2577 288 11 191 5 1
2578 288 12 191 5 1
2579 288 13 191 5 1
2580 288 14 191 5 1
2581 288 15 191 5 1
2582 288 16 191 5 1
2583 288 17 191 5 1
2584 288 18 191 5 1
2585 289 10 191 5 1
2586 289 11 191 5 1
2587 289 12 191 5 1
2588 289 13 191 5 1
2589 289 14 191 5 1
2590 289 15 191 5 1
2591 289 16 191 5 1
2592 289 17 191 5 1
2593 289 18 191 5 1
2594 290 10 191 5 1
2595 290 11 191 5 1
2596 290 12 191 5 1
2597 290 13 191 5 1
2598 290 14 191 5 1
2599 290 15 191 5 1
2600 290 16 191 5 1
2601 290 17 191 5 1
2602 290 18 191 5 1
2603 291 10 191 5 1
2604 291 11 191 5 1
2605 291 12 191 5 1
2606 291 13 191 5 1
2607 291 14 191 5 1
2608 291 15 191 5 1
2609 291 16 191 5 1
2610 291 17 191 5 1
2611 291 18 191 5 1
2612 292 10 191 5 1
2613 292 11 191 5 1
2614 292 12 191 5 1
2615 292 13 191 5 1
2616 292 14 191 5 1
2617 292 15 191 5 1
2618 292 16 191 5 1
2619 292 17 191 5 1
2620 292 18 191 5 1
2621 293 10 191 5 1
2622 293 11 191 5 1
2623 293 12 191 5 1
2624 293 13 191 5 1
2625 293 14 191 5 1
2626 293 15 191 5 1
2627 293 16 191 5 1
2628 293 17 191 5 1
2629 293 18 191 5 1
2630 294 10 191 5 1
2631 294 11 191 5 1
2632 294 12 191 5 1
2633 294 13 191 5 1
2634 294 14 191 5 1
2635 294 15 191 5 1
2636 294 16 191 5 1
2637 294 17 191 5 1
2638 294 18 191 5 1
2639 295 10 191 5 1
2640 295 11 191 5 1
2641 295 12 191 5 1
2642 295 13 191 5 1
2643 295 14 191 5 1
2644 295 15 191 5 1
2645 295 16 191 5 1
2646 295 17 191 5 1
2647 295 18 191 5 1
2648 296 10 191 5 1
2649 296 11 191 5 1
2650 296 12 191 5 1
2651 296 13 191 5 1
2652 296 14 191 5 1
2653 296 15 191 5 1
2654 296 16 191 5 1
2655 296 17 191 5 1
2656 296 18 191 5 1
2657 297 10 191 5 1
2658 297 11 191 5 1
2659 297 12 191 5 1
2660 297 13 191 5 1
2661 297 14 191 5 1
2662 297 15 191 5 1
2663 297 16 191 5 1
2664 297 17 191 5 1
2665 297 18 191 5 1
2666 298 10 191 5 1
2667 298 11 191 5 1
2668 298 12 191 5 1
2669 298 13 191 5 1
2670 298 14 191 5 1
2671 298 15 191 5 1
2672 298 16 191 5 1
2673 298 17 191 5 1
2674 298 18 191 5 1
2675 299 10 191 5 1
2676 299 11 191 5 1
2677 299 12 191 5 1
2678 299 13 191 5 1
2679 299 14 191 5 1
2680 299 15 191 5 1
2681 299 16 191 5 1
2682 299 17 191 5 1
2683 299 18 191 5 1
2684 300 10 191 5 1
2685 300 11 191 5 1
2686 300 12 191 5 1
2687 300 13 191 5 1
2688 300 14 191 5 1
2689 300 15 191 5 1
2690 300 16 191 5 1
2691 300 17 191 5 1
2692 300 18 191 5 1
2693 301 10 191 5 1
2694 301 11 191 5 1
2695 301 12 191 5 1
2696 301 13 191 5 1
2697 301 14 191 5 1
2698 301 15 191 5 1
2699 301 16 191 5 1
2700 301 17 191 5 1
2701 301 18 191 5 1
2702 302 10 191 5 1
2703 302 11 191 5 1
2704 302 12 191 5 1
2705 302 13 191 5 1
2706 302 14 191 5 1
2707 302 15 191 5 1
2708 302 16 191 5 1
2709 302 17 191 5 1
2710 302 18 191 5 1
2711 303 10 191 5 1
2712 303 11 191 5 1
2713 303 12 191 5 1
2714 303 13 191 5 1
2715 303 14 191 5 1
2716 303 15 191 5 1
2717 303 16 191 5 1
2718 303 17 191 5 1
2719 303 18 191 5 1
2720 304 10 191 5 1
2721 304 11 191 5 1
2722 304 12 191 5 1
2723 304 13 191 5 1
2724 304 14 191 5 1
2725 304 15 191 5 1
2726 304 16 191 5 1
2727 304 17 191 5 1
2728 304 18 191 5 1
2729 305 10 191 5 1
2730 305 11 191 5 1
2731 305 12 191 5 1
2732 305 13 191 5 1
2733 305 14 191 5 1
2734 305 15 191 5 1
2735 305 16 191 5 1
2736 305 17 191 5 1
2737 305 18 191 5 1
2738 306 10 191 5 1
2739 306 11 191 5 1
2740 306 12 191 5 1
2741 306 13 191 5 1
2742 306 14 191 5 1
2743 306 15 191 5 1
2744 306 16 191 5 1
2745 306 17 191 5 1
2746 306 18 191 5 1
2747 307 10 191 5 1
2748 307 11 191 5 1
2749 307 12 191 5 1
2750 307 13 191 5 1
2751 307 14 191 5 1
2752 307 15 191 5 1
2753 307 16 191 5 1
2754 307 17 191 5 1
2755 307 18 191 5 1
2756 308 10 191 5 1
2757 308 11 191 5 1
2758 308 12 191 5 1
2759 308 13 191 5 1
2760 308 14 191 5 1
2761 308 15 191 5 1
2762 308 16 191 5 1
2763 308 17 191 5 1
2764 308 18 191 5 1
2765 309 10 191 5 1
2766 309 11 191 5 1
2767 309 12 191 5 1
2768 309 13 191 5 1
2769 309 14 191 5 1
2770 309 15 191 5 1
2771 309 16 191 5 1
2772 309 17 191 5 1
2773 309 18 191 5 1
2774 310 10 191 5 1
2775 310 11 191 5 1
2776 310 12 191 5 1
2777 310 13 191 5 1
2778 310 14 191 5 1
2779 310 15 191 5 1
2780 310 16 191 5 1
2781 310 17 191 5 1
2782 310 18 191 5 1
2783 311 10 191 5 1
2784 311 11 191 5 1
2785 311 12 191 5 1
2786 311 13 191 5 1
2787 311 14 191 5 1
2788 311 15 191 5 1
2789 311 16 191 5 1
2790 311 17 191 5 1
2791 311 18 191 5 1
2792 312 10 191 5 1
2793 312 11 191 5 1
2794 312 12 191 5 1
2795 312 13 191 5 1
2796 312 14 191 5 1
2797 312 15 191 5 1
2798 312 16 191 5 1
2799 312 17 191 5 1
2800 312 18 191 5 1
2801 313 10 191 5 1
2802 313 11 191 5 1
2803 313 12 191 5 1
2804 313 13 191 5 1
2805 313 15 191 5 1
2806 313 16 191 5 1
2807 313 17 191 5 1
2808 313 18 191 5 1
2809 314 10 191 5 1
2810 314 11 191 5 1
2811 314 12 191 5 1
2812 314 13 191 5 1
2813 314 15 191 5 1
2814 314 16 191 5 1
2815 314 17 191 5 1
2816 314 18 191 5 1
2817 315 10 191 5 1
2818 315 11 191 5 1
2819 315 12 191 5 1
2820 315 13 191 5 1
2821 315 14 191 5 1
2822 315 15 191 5 1
2823 315 16 191 5 1
2824 315 17 191 5 1
2825 315 18 191 5 1
2826 316 10 191 5 1
2827 316 11 191 5 1
2828 316 12 191 5 1
2829 316 13 191 5 1
2830 316 14 191 5 1
2831 316 15 191 5 1
2832 316 16 191 5 1
2833 316 17 191 5 1
2834 316 18 191 5 1
2835 317 10 191 5 1
2836 317 11 191 5 1
2837 317 12 191 5 1
2838 317 13 191 5 1
2839 317 14 191 5 1
2840 317 15 191 5 1
2841 317 16 191 5 1
2842 317 17 191 5 1
2843 317 18 191 5 1
2844 318 10 191 5 1
2845 318 11 191 5 1
2846 318 12 191 5 1
2847 318 13 191 5 1
2848 318 14 191 5 1
2849 318 15 191 5 1
2850 318 16 191 5 1
2851 318 17 191 5 1
2852 318 18 191 5 1
2853 319 10 191 5 1
2854 319 11 191 5 1
2855 319 12 191 5 1
2856 319 13 191 5 1
2857 319 14 191 5 1
2858 319 15 191 5 1
2859 319 16 191 5 1
2860 319 17 191 5 1
2861 319 18 191 5 1
2862 320 10 191 5 1
2863 320 11 191 5 1
2864 320 12 191 5 1
2865 320 13 191 5 1
2866 320 14 191 5 1
2867 320 15 191 5 1
2868 320 16 191 5 1
2869 320 17 191 5 1
2870 320 18 191 5 1
2871 321 10 191 5 1
2872 321 11 191 5 1
2873 321 12 191 5 1
2874 321 13 191 5 1
2875 321 14 191 5 1
2876 321 15 191 5 1
2877 321 16 191 5 1
2878 321 17 191 5 1
2879 321 18 191 5 1
2880 322 10 191 5 1
2881 322 11 191 5 1
2882 322 12 191 5 1
2883 322 13 191 5 1
2884 322 14 191 5 1
2885 322 15 191 5 1
2886 322 16 191 5 1
2887 322 17 191 5 1
2888 322 18 191 5 1
2889 323 10 191 5 1
2890 323 11 191 5 1
2891 323 12 191 5 1
2892 323 13 191 5 1
2893 323 14 191 5 1
2894 323 15 191 5 1
2895 323 16 191 5 1
2896 323 17 191 5 1
2897 323 18 191 5 1
2898 324 10 191 5 1
2899 324 11 191 5 1
2900 324 12 191 5 1
2901 324 13 191 5 1
2902 324 14 191 5 1
2903 324 15 191 5 1
2904 324 16 191 5 1
2905 324 17 191 5 1
2906 324 18 191 5 1
2907 325 10 191 5 1
2908 325 11 191 5 1
2909 325 12 191 5 1
2910 325 13 191 5 1
2911 325 14 191 5 1
2912 325 15 191 5 1
2913 325 16 191 5 1
2914 325 17 191 5 1
2915 325 18 191 5 1
2916 326 10 191 5 1
2917 326 11 191 5 1
2918 326 12 191 5 1
2919 326 13 191 5 1
2920 326 14 191 5 1
2921 326 15 191 5 1
2922 326 16 191 5 1
2923 326 17 191 5 1
2924 326 18 191 5 1
2925 327 10 191 5 1
2926 327 11 191 5 1
2927 327 12 191 5 1
2928 327 13 191 5 1
2929 327 14 191 5 1
2930 327 15 191 5 1
2931 327 16 191 5 1
2932 327 17 191 5 1
2933 327 18 191 5 1
2934 328 10 191 5 1
2935 328 11 191 5 1
2936 328 12 191 5 1
2937 328 13 191 5 1
2938 328 14 191 5 1
2939 328 15 191 5 1
2940 328 16 191 5 1
2941 328 17 191 5 1
2942 328 18 191 5 1
2943 329 10 191 5 1
2944 329 11 191 5 1
2945 329 12 191 5 1
2946 329 13 191 5 1
2947 329 14 191 5 1
2948 329 15 191 5 1
2949 329 16 191 5 1
2950 329 17 191 5 1
2951 329 18 191 5 1
2952 330 10 191 5 1
2953 330 11 191 5 1
2954 330 12 191 5 1
2955 330 13 191 5 1
2956 330 14 191 5 1
2957 330 15 191 5 1
2958 330 16 191 5 1
2959 330 17 191 5 1
2960 330 18 191 5 1
2961 331 10 191 5 1
2962 331 11 191 5 1
2963 331 12 191 5 1
2964 331 13 191 5 1
2965 331 14 191 5 1
2966 331 15 191 5 1
2967 331 16 191 5 1
2968 331 17 191 5 1
2969 331 18 191 5 1
2970 332 10 191 5 1
2971 332 11 191 5 1
2972 332 12 191 5 1
2973 332 13 191 5 1
2974 332 14 191 5 1
2975 332 15 191 5 1
2976 332 16 191 5 1
2977 332 17 191 5 1
2978 332 18 191 5 1
2979 333 10 191 5 1
2980 333 11 191 5 1
2981 333 12 191 5 1
2982 333 13 191 5 1
2983 333 14 191 5 1
2984 333 15 191 5 1
2985 333 16 191 5 1
2986 333 17 191 5 1
2987 333 18 191 5 1
2988 334 10 191 5 1
2989 334 11 191 5 1
2990 334 12 191 5 1
2991 334 13 191 5 1
2992 334 14 191 5 1
2993 334 15 191 5 1
2994 334 16 191 5 1
2995 334 17 191 5 1
2996 334 18 191 5 1
2997 335 10 191 5 1
2998 335 11 191 5 1
2999 335 12 191 5 1
3000 335 13 191 5 1
3001 335 14 191 5 1
3002 335 15 191 5 1
3003 335 16 191 5 1
3004 335 17 191 5 1
3005 335 18 191 5 1
3006 336 10 191 5 1
3007 336 11 191 5 1
3008 336 12 191 5 1
3009 336 13 191 5 1
3010 336 14 191 5 1
3011 336 15 191 5 1
3012 336 16 191 5 1
3013 336 17 191 5 1
3014 336 18 191 5 1
3015 337 10 191 5 1
3016 337 11 191 5 1
3017 337 12 191 5 1
3018 337 13 191 5 1
3019 337 14 191 5 1
3020 337 15 191 5 1
3021 337 16 191 5 1
3022 337 17 191 5 1
3023 337 18 191 5 1
3024 338 10 191 5 1
3025 338 11 191 5 1
3026 338 12 191 5 1
3027 338 13 191 5 1
3028 338 14 191 5 1
3029 338 15 191 5 1
3030 338 16 191 5 1
3031 338 17 191 5 1
3032 338 18 191 5 1
3033 339 10 191 5 1
3034 339 11 191 5 1
3035 339 12 191 5 1
3036 339 13 191 5 1
3037 339 14 191 5 1
3038 339 15 191 5 1
3039 339 16 191 5 1
3040 339 17 191 5 1
3041 339 18 191 5 1
3042 340 10 191 5 1
3043 340 11 191 5 1
3044 340 12 191 5 1
3045 340 13 191 5 1
3046 340 14 191 5 1
3047 340 15 191 5 1
3048 340 16 191 5 1
3049 340 17 191 5 1
3050 340 18 191 5 1
3051 341 10 191 5 1
3052 341 11 191 5 1
3053 341 12 191 5 1
3054 341 13 191 5 1
3055 341 14 191 5 1
3056 341 15 191 5 1
3057 341 16 191 5 1
3058 341 17 191 5 1
3059 341 18 191 5 1
3060 342 10 191 5 1
3061 342 11 191 5 1
3062 342 12 191 5 1
3063 342 13 191 5 1
3064 342 14 191 5 1
3065 342 15 191 5 1
3066 342 16 191 5 1
3067 342 17 191 5 1
3068 342 18 191 5 1
3069 343 10 191 5 1
3070 343 11 191 5 1
3071 343 12 191 5 1
3072 343 13 191 5 1
3073 343 14 191 5 1
3074 343 15 191 5 1
3075 343 16 191 5 1
3076 343 17 191 5 1
3077 343 18 191 5 1
3078 344 10 191 5 1
3079 344 11 191 5 1
3080 344 12 191 5 1
3081 344 13 191 5 1
3082 344 14 191 5 1
3083 344 15 191 5 1
3084 344 16 191 5 1
3085 344 17 191 5 1
3086 344 18 191 5 1
3087 345 10 191 5 1
3088 345 11 191 5 1
3089 345 12 191 5 1
3090 345 13 191 5 1
3091 345 14 191 5 1
3092 345 15 191 5 1
3093 345 16 191 5 1
3094 345 17 191 5 1
3095 345 18 191 5 1
3096 346 10 191 5 1
3097 346 11 191 5 1
3098 346 12 191 5 1
3099 346 13 191 5 1
3100 346 14 191 5 1
3101 346 15 191 5 1
3102 346 16 191 5 1
3103 346 17 191 5 1
3104 346 18 191 5 1
3105 347 10 191 5 1
3106 347 11 191 5 1
3107 347 12 191 5 1
3108 347 13 191 5 1
3109 347 14 191 5 1
3110 347 15 191 5 1
3111 347 16 191 5 1
3112 347 17 191 5 1
3113 347 18 191 5 1
3114 348 10 191 5 1
3115 348 11 191 5 1
3116 348 12 191 5 1
3117 348 13 191 5 1
3118 348 14 191 5 1
3119 348 15 191 5 1
3120 348 16 191 5 1
3121 348 17 191 5 1
3122 348 18 191 5 1
3123 349 10 191 5 1
3124 349 11 191 5 1
3125 349 12 191 5 1
3126 349 13 191 5 1
3127 349 14 191 5 1
3128 349 15 191 5 1
3129 349 16 191 5 1
3130 349 17 191 5 1
3131 349 18 191 5 1
3132 350 10 191 5 1
3133 350 11 191 5 1
3134 350 12 191 5 1
3135 350 13 191 5 1
3136 350 14 191 5 1
3137 350 15 191 5 1
3138 350 16 191 5 1
3139 350 17 191 5 1
3140 350 18 191 5 1
3141 351 10 191 5 1
3142 351 11 191 5 1
3143 351 12 191 5 1
3144 351 13 191 5 1
3145 351 14 191 5 1
3146 351 15 191 5 1
3147 351 16 191 5 1
3148 351 17 191 5 1
3149 351 18 191 5 1
3150 352 10 191 5 1
3151 352 11 191 5 1
3152 352 12 191 5 1
3153 352 13 191 5 1
3154 352 14 191 5 1
3155 352 15 191 5 1
3156 352 16 191 5 1
3157 352 17 191 5 1
3158 352 18 191 5 1
3159 353 10 191 5 1
3160 353 11 191 5 1
3161 353 12 191 5 1
3162 353 13 191 5 1
3163 353 14 191 5 1
3164 353 15 191 5 1
3165 353 16 191 5 1
3166 353 17 191 5 1
3167 353 18 191 5 1
3168 354 10 191 5 1
3169 354 11 191 5 1
3170 354 12 191 5 1
3171 354 13 191 5 1
3172 354 14 191 5 1
3173 354 15 191 5 1
3174 354 16 191 5 1
3175 354 17 191 5 1
3176 354 18 191 5 1
3177 355 10 191 5 1
3178 355 11 191 5 1
3179 355 12 191 5 1
3180 355 13 191 5 1
3181 355 14 191 5 1
3182 355 15 191 5 1
3183 355 16 191 5 1
3184 355 17 191 5 1
3185 355 18 191 5 1
3186 356 10 191 5 1
3187 356 11 191 5 1
3188 356 12 191 5 1
3189 356 13 191 5 1
3190 356 14 191 5 1
3191 356 15 191 5 1
3192 356 16 191 5 1
3193 356 17 191 5 1
3194 356 18 191 5 1
3195 357 10 191 5 1
3196 357 11 191 5 1
3197 357 12 191 5 1
3198 357 13 191 5 1
3199 357 14 191 5 1
3200 357 15 191 5 1
3201 357 16 191 5 1
3202 357 17 191 5 1
3203 357 18 191 5 1
3204 358 10 191 5 1
3205 358 11 191 5 1
3206 358 12 191 5 1
3207 358 13 191 5 1
3208 358 14 191 5 1
3209 358 15 191 5 1
3210 358 16 191 5 1
3211 358 17 191 5 1
3212 358 18 191 5 1
3213 359 10 191 5 1
3214 359 11 191 5 1
3215 359 12 191 5 1
3216 359 13 191 5 1
3217 359 14 191 5 1
3218 359 15 191 5 1
3219 359 16 191 5 1
3220 359 17 191 5 1
3221 359 18 191 5 1
3222 360 10 191 5 1
3223 360 11 191 5 1
3224 360 12 191 5 1
3225 360 13 191 5 1
3226 360 14 191 5 1
3227 360 15 191 5 1
3228 360 16 191 5 1
3229 360 17 191 5 1
3230 360 18 191 5 1
3231 361 10 191 5 1
3232 361 11 191 5 1
3233 361 12 191 5 1
3234 361 13 191 5 1
3235 361 14 191 5 1
3236 361 15 191 5 1
3237 361 16 191 5 1
3238 361 17 191 5 1
3239 361 18 191 5 1
3240 362 10 191 5 1
3241 362 11 191 5 1
3242 362 12 191 5 1
3243 362 13 191 5 1
3244 362 14 191 5 1
3245 362 15 191 5 1
3246 362 16 191 5 1
3247 362 17 191 5 1
3248 362 18 191 5 1
3249 363 10 191 5 1
3250 363 11 191 5 1
3251 363 12 191 5 1
3252 363 13 191 5 1
3253 363 14 191 5 1
3254 363 15 191 5 1
3255 363 16 191 5 1
3256 363 17 191 5 1
3257 363 18 191 5 1
3258 364 10 191 5 1
3259 364 11 191 5 1
3260 364 12 191 5 1
3261 364 13 191 5 1
3262 364 14 191 5 1
3263 364 15 191 5 1
3264 364 16 191 5 1
3265 364 17 191 5 1
3266 364 18 191 5 1
3267 365 10 191 5 1
3268 365 11 191 5 1
3269 365 12 191 5 1
3270 365 13 191 5 1
3271 365 14 191 5 1
3272 365 15 191 5 1
3273 365 16 191 5 1
3274 365 17 191 5 1
3275 365 18 191 5 1
3276 366 10 191 5 1
3277 366 11 191 5 1
3278 366 12 191 5 1
3279 366 13 191 5 1
3280 366 14 191 5 1
3281 366 15 191 5 1
3282 366 16 191 5 1
3283 366 17 191 5 1
3284 366 18 191 5 1
3285 367 10 191 5 1
3286 367 11 191 5 1
3287 367 12 191 5 1
3288 367 13 191 5 1
3289 367 14 191 5 1
3290 367 15 191 5 1
3291 367 16 191 5 1
3292 367 17 191 5 1
3293 367 18 191 5 1
3294 368 10 191 5 1
3295 368 11 191 5 1
3296 368 12 191 5 1
3297 368 13 191 5 1
3298 368 14 191 5 1
3299 368 15 191 5 1
3300 368 16 191 5 1
3301 368 17 191 5 1
3302 368 18 191 5 1
3303 369 10 191 5 1
3304 369 11 191 5 1
3305 369 12 191 5 1
3306 369 13 191 5 1
3307 369 14 191 5 1
3308 369 15 191 5 1
3309 369 16 191 5 1
3310 369 17 191 5 1
3311 369 18 191 5 1
3312 370 10 191 5 1
3313 370 11 191 5 1
3314 370 12 191 5 1
3315 370 13 191 5 1
3316 370 14 191 5 1
3317 370 15 191 5 1
3318 370 16 191 5 1
3319 370 17 191 5 1
3320 370 18 191 5 1
3321 371 10 191 5 1
3322 371 11 191 5 1
3323 371 12 191 5 1
3324 371 13 191 5 1
3325 371 14 191 5 1
3326 371 15 191 5 1
3327 371 16 191 5 1
3328 371 17 191 5 1
3329 371 18 191 5 1
3330 372 10 191 5 1
3331 372 11 191 5 1
3332 372 12 191 5 1
3333 372 13 191 5 1
3334 372 14 191 5 1
3335 372 15 191 5 1
3336 372 16 191 5 1
3337 372 17 191 5 1
3338 372 18 191 5 1
3339 373 10 191 5 1
3340 373 11 191 5 1
3341 373 12 191 5 1
3342 373 13 191 5 1
3343 373 14 191 5 1
3344 373 15 191 5 1
3345 373 16 191 5 1
3346 373 17 191 5 1
3347 373 18 191 5 1
3348 374 10 191 5 1
3349 374 11 191 5 1
3350 374 12 191 5 1
3351 374 13 191 5 1
3352 374 14 191 5 1
3353 374 15 191 5 1
3354 374 16 191 5 1
3355 374 17 191 5 1
3356 374 18 191 5 1
3357 375 10 191 5 1
3358 375 11 191 5 1
3359 375 12 191 5 1
3360 375 13 191 5 1
3361 375 14 191 5 1
3362 375 15 191 5 1
3363 375 16 191 5 1
3364 375 17 191 5 1
3365 375 18 191 5 1
3366 376 10 191 5 1
3367 376 11 191 5 1
3368 376 12 191 5 1
3369 376 13 191 5 1
3370 376 14 191 5 1
3371 376 15 191 5 1
3372 376 16 191 5 1
3373 376 17 191 5 1
3374 376 18 191 5 1
3375 377 10 191 5 1
3376 377 11 191 5 1
3377 377 12 191 5 1
3378 377 13 191 5 1
3379 377 14 191 5 1
3380 377 15 191 5 1
3381 377 16 191 5 1
3382 377 17 191 5 1
3383 377 18 191 5 1
3384 378 10 191 5 1
3385 378 11 191 5 1
3386 378 12 191 5 1
3387 378 13 191 5 1
3388 378 14 191 5 1
3389 378 15 191 5 1
3390 378 16 191 5 1
3391 378 17 191 5 1
3392 378 18 191 5 1
3393 379 10 191 5 1
3394 379 11 191 5 1
3395 379 12 191 5 1
3396 379 13 191 5 1
3397 379 14 191 5 1
3398 379 15 191 5 1
3399 379 16 191 5 1
3400 379 17 191 5 1
3401 379 18 191 5 1
3402 380 10 191 5 1
3403 380 11 191 5 1
3404 380 12 191 5 1
3405 380 13 191 5 1
3406 380 14 191 5 1
3407 380 15 191 5 1
3408 380 16 191 5 1
3409 380 17 191 5 1
3410 380 18 191 5 1
3411 381 10 191 5 1
3412 381 11 191 5 1
3413 381 12 191 5 1
3414 381 13 191 5 1
3415 381 14 191 5 1
3416 381 15 191 5 1
3417 381 16 191 5 1
3418 381 17 191 5 1
3419 381 18 191 5 1
3420 382 10 191 5 1
3421 382 11 191 5 1
3422 382 12 191 5 1
3423 382 13 191 5 1
3424 382 14 191 5 1
3425 382 15 191 5 1
3426 382 16 191 5 1
3427 382 17 191 5 1
3428 382 18 191 5 1
3429 383 10 191 5 1
3430 383 11 191 5 1
3431 383 12 191 5 1
3432 383 13 191 5 1
3433 383 14 191 5 1
3434 383 15 191 5 1
3435 383 16 191 5 1
3436 383 17 191 5 1
3437 383 18 191 5 1
3438 384 10 191 5 1
3439 384 11 191 5 1
3440 384 12 191 5 1
3441 384 13 191 5 1
3442 384 14 191 5 1
3443 384 15 191 5 1
3444 384 16 191 5 1
3445 384 17 191 5 1
3446 384 18 191 5 1
3447 385 10 191 5 1
3448 385 11 191 5 1
3449 385 12 191 5 1
3450 385 13 191 5 1
3451 385 14 191 5 1
3452 385 15 191 5 1
3453 385 16 191 5 1
3454 385 17 191 5 1
3455 385 18 191 5 1
3456 386 10 191 5 1
3457 386 11 191 5 1
3458 386 12 191 5 1
3459 386 13 191 5 1
3460 386 14 191 5 1
3461 386 15 191 5 1
3462 386 16 191 5 1
3463 386 17 191 5 1
3464 386 18 191 5 1
3465 387 10 191 5 1
3466 387 11 191 5 1
3467 387 12 191 5 1
3468 387 13 191 5 1
3469 387 14 191 5 1
3470 387 15 191 5 1
3471 387 16 191 5 1
3472 387 17 191 5 1
3473 387 18 191 5 1
3474 388 10 191 5 1
3475 388 11 191 5 1
3476 388 12 191 5 1
3477 388 13 191 5 1
3478 388 14 191 5 1
3479 388 15 191 5 1
3480 388 16 191 5 1
3481 388 17 191 5 1
3482 388 18 191 5 1
3483 389 10 191 5 1
3484 389 11 191 5 1
3485 389 12 191 5 1
3486 389 13 191 5 1
3487 389 14 191 5 1
3488 389 15 191 5 1
3489 389 16 191 5 1
3490 389 17 191 5 1
3491 389 18 191 5 1
3492 390 10 191 5 1
3493 390 11 191 5 1
3494 390 12 191 5 1
3495 390 13 191 5 1
3496 390 14 191 5 1
3497 390 15 191 5 1
3498 390 16 191 5 1
3499 390 17 191 5 1
3500 390 18 191 5 1
3501 391 10 191 5 1
3502 391 11 191 5 1
3503 391 12 191 5 1
3504 391 13 191 5 1
3505 391 14 191 5 1
3506 391 15 191 5 1
3507 391 16 191 5 1
3508 391 17 191 5 1
3509 391 18 191 5 1
3510 392 10 191 5 1
3511 392 11 191 5 1
3512 392 12 191 5 1
3513 392 13 191 5 1
3514 392 14 191 5 1
3515 392 15 191 5 1
3516 392 16 191 5 1
3517 392 17 191 5 1
3518 392 18 191 5 1
3519 393 10 191 5 1
3520 393 11 191 5 1
3521 393 12 191 5 1
3522 393 13 191 5 1
3523 393 14 191 5 1
3524 393 15 191 5 1
3525 393 16 191 5 1
3526 393 17 191 5 1
3527 393 18 191 5 1
3528 394 10 191 5 1
3529 394 11 191 5 1
3530 394 12 191 5 1
3531 394 13 191 5 1
3532 394 14 191 5 1
3533 394 15 191 5 1
3534 394 16 191 5 1
3535 394 17 191 5 1
3536 394 18 191 5 1
3537 395 10 191 5 1
3538 395 11 191 5 1
3539 395 12 191 5 1
3540 395 13 191 5 1
3541 395 14 191 5 1
3542 395 15 191 5 1
3543 395 16 191 5 1
3544 395 17 191 5 1
3545 395 18 191 5 1
3546 396 10 191 5 1
3547 396 11 191 5 1
3548 396 12 191 5 1
3549 396 13 191 5 1
3550 396 14 191 5 1
3551 396 15 191 5 1
3552 396 16 191 5 1
3553 396 17 191 5 1
3554 396 18 191 5 1
3555 397 10 191 5 1
3556 397 11 191 5 1
3557 397 12 191 5 1
3558 397 13 191 5 1
3559 397 14 191 5 1
3560 397 15 191 5 1
3561 397 16 191 5 1
3562 397 17 191 5 1
3563 397 18 191 5 1
3564 398 10 191 5 1
3565 398 11 191 5 1
3566 398 12 191 5 1
3567 398 13 191 5 1
3568 398 14 191 5 1
3569 398 15 191 5 1
3570 398 16 191 5 1
3571 398 17 191 5 1
3572 398 18 191 5 1
3573 399 10 191 5 1
3574 399 11 191 5 1
3575 399 12 191 5 1
3576 399 13 191 5 1
3577 399 14 191 5 1
3578 399 15 191 5 1
3579 399 16 191 5 1
3580 399 17 191 5 1
3581 399 18 191 5 1
3582 400 10 191 5 1
3583 400 11 191 5 1
3584 400 12 191 5 1
3585 400 13 191 5 1
3586 400 14 191 5 1
3587 400 15 191 5 1
3588 400 16 191 5 1
3589 400 17 191 5 1
3590 400 18 191 5 1
3591 401 10 191 5 1
3592 401 11 191 5 1
3593 401 12 191 5 1
3594 401 13 191 5 1
3595 401 14 191 5 1
3596 401 15 191 5 1
3597 401 16 191 5 1
3598 401 17 191 5 1
3599 401 18 191 5 1
3600 402 10 191 5 1
3601 402 11 191 5 1
3602 402 12 191 5 1
3603 402 13 191 5 1
3604 402 14 191 5 1
3605 402 15 191 5 1
3606 402 16 191 5 1
3607 402 17 191 5 1
3608 402 18 191 5 1
3609 403 10 191 5 1
3610 403 11 191 5 1
3611 403 12 191 5 1
3612 403 13 191 5 1
3613 403 14 191 5 1
3614 403 15 191 5 1
3615 403 16 191 5 1
3616 403 17 191 5 1
3617 403 18 191 5 1
3618 404 10 191 5 1
3619 404 11 191 5 1
3620 404 12 191 5 1
3621 404 13 191 5 1
3622 404 14 191 5 1
3623 404 15 191 5 1
3624 404 16 191 5 1
3625 404 17 191 5 1
3626 404 18 191 5 1
3627 405 10 191 5 1
3628 405 11 191 5 1
3629 405 12 191 5 1
3630 405 13 191 5 1
3631 405 14 191 5 1
3632 405 15 191 5 1
3633 405 16 191 5 1
3634 405 17 191 5 1
3635 405 18 191 5 1
3636 406 10 191 5 1
3637 406 11 191 5 1
3638 406 12 191 5 1
3639 406 13 191 5 1
3640 406 14 191 5 1
3641 406 15 191 5 1
3642 406 16 191 5 1
3643 406 17 191 5 1
3644 406 18 191 5 1
3645 407 10 191 5 1
3646 407 11 191 5 1
3647 407 12 191 5 1
3648 407 13 191 5 1
3649 407 14 191 5 1
3650 407 15 191 5 1
3651 407 16 191 5 1
3652 407 17 191 5 1
3653 407 18 191 5 1
3654 408 10 191 5 1
3655 408 11 191 5 1
3656 408 12 191 5 1
3657 408 13 191 5 1
3658 408 14 191 5 1
3659 408 15 191 5 1
3660 408 16 191 5 1
3661 408 17 191 5 1
3662 408 18 191 5 1
3663 409 10 191 5 1
3664 409 11 191 5 1
3665 409 12 191 5 1
3666 409 13 191 5 1
3667 409 14 191 5 1
3668 409 15 191 5 1
3669 409 16 191 5 1
3670 409 17 191 5 1
3671 409 18 191 5 1
3672 410 10 191 5 1
3673 410 11 191 5 1
3674 410 12 191 5 1
3675 410 13 191 5 1
3676 410 14 191 5 1
3677 410 15 191 5 1
3678 410 16 191 5 1
3679 410 17 191 5 1
3680 410 18 191 5 1
3681 411 10 191 5 1
3682 411 11 191 5 1
3683 411 12 191 5 1
3684 411 13 191 5 1
3685 411 14 191 5 1
3686 411 15 191 5 1
3687 411 16 191 5 1
3688 411 17 191 5 1
3689 411 18 191 5 1
3690 412 10 191 5 1
3691 412 11 191 5 1
3692 412 12 191 5 1
3693 412 13 191 5 1
3694 412 14 191 5 1
3695 412 15 191 5 1
3696 412 16 191 5 1
3697 412 17 191 5 1
3698 412 18 191 5 1
3699 413 10 191 5 1
3700 413 11 191 5 1
3701 413 12 191 5 1
3702 413 13 191 5 1
3703 413 14 191 5 1
3704 413 15 191 5 1
3705 413 16 191 5 1
3706 413 17 191 5 1
3707 413 18 191 5 1
3708 414 10 191 5 1
3709 414 11 191 5 1
3710 414 12 191 5 1
3711 414 13 191 5 1
3712 414 14 191 5 1
3713 414 15 191 5 1
3714 414 16 191 5 1
3715 414 17 191 5 1
3716 414 18 191 5 1
3717 415 10 191 5 1
3718 415 11 191 5 1
3719 415 12 191 5 1
3720 415 13 191 5 1
3721 415 14 191 5 1
3722 415 15 191 5 1
3723 415 16 191 5 1
3724 415 17 191 5 1
3725 415 18 191 5 1
3726 416 10 191 5 1
3727 416 11 191 5 1
3728 416 12 191 5 1
3729 416 13 191 5 1
3730 416 14 191 5 1
3731 416 15 191 5 1
3732 416 16 191 5 1
3733 416 17 191 5 1
3734 416 18 191 5 1
3735 417 10 191 5 1
3736 417 11 191 5 1
3737 417 12 191 5 1
3738 417 13 191 5 1
3739 417 14 191 5 1
3740 417 15 191 5 1
3741 417 16 191 5 1
3742 417 17 191 5 1
3743 417 18 191 5 1
3744 418 10 191 5 1
3745 418 11 191 5 1
3746 418 12 191 5 1
3747 418 13 191 5 1
3748 418 14 191 5 1
3749 418 15 191 5 1
3750 418 16 191 5 1
3751 418 17 191 5 1
3752 418 18 191 5 1
3753 419 10 191 5 1
3754 419 11 191 5 1
3755 419 12 191 5 1
3756 419 13 191 5 1
3757 419 14 191 5 1
3758 419 15 191 5 1
3759 419 16 191 5 1
3760 419 17 191 5 1
3761 419 18 191 5 1
3762 420 10 191 5 1
3763 420 11 191 5 1
3764 420 12 191 5 1
3765 420 13 191 5 1
3766 420 14 191 5 1
3767 420 15 191 5 1
3768 420 16 191 5 1
3769 420 17 191 5 1
3770 420 18 191 5 1
3771 421 10 191 5 1
3772 421 11 191 5 1
3773 421 12 191 5 1
3774 421 13 191 5 1
3775 421 14 191 5 1
3776 421 15 191 5 1
3777 421 16 191 5 1
3778 421 17 191 5 1
3779 421 18 191 5 1
3780 422 10 191 5 1
3781 422 11 191 5 1
3782 422 12 191 5 1
3783 422 13 191 5 1
3784 422 14 191 5 1
3785 422 15 191 5 1
3786 422 16 191 5 1
3787 422 17 191 5 1
3788 422 18 191 5 1
3789 423 10 191 5 1
3790 423 11 191 5 1
3791 423 12 191 5 1
3792 423 13 191 5 1
3793 423 14 191 5 1
3794 423 15 191 5 1
3795 423 16 191 5 1
3796 423 17 191 5 1
3797 423 18 191 5 1
3798 424 10 191 5 1
3799 424 11 191 5 1
3800 424 12 191 5 1
3801 424 13 191 5 1
3802 424 14 191 5 1
3803 424 15 191 5 1
3804 424 16 191 5 1
3805 424 17 191 5 1
3806 424 18 191 5 1
3807 425 10 191 5 1
3808 425 11 191 5 1
3809 425 12 191 5 1
3810 425 13 191 5 1
3811 425 14 191 5 1
3812 425 15 191 5 1
3813 425 16 191 5 1
3814 425 17 191 5 1
3815 425 18 191 5 1
3816 426 10 191 5 1
3817 426 11 191 5 1
3818 426 12 191 5 1
3819 426 13 191 5 1
3820 426 14 191 5 1
3821 426 15 191 5 1
3822 426 16 191 5 1
3823 426 17 191 5 1
3824 426 18 191 5 1
3825 427 10 191 5 1
3826 427 11 191 5 1
3827 427 12 191 5 1
3828 427 13 191 5 1
3829 427 14 191 5 1
3830 427 15 191 5 1
3831 427 16 191 5 1
3832 427 17 191 5 1
3833 427 18 191 5 1
3834 428 10 191 5 1
3835 428 11 191 5 1
3836 428 12 191 5 1
3837 428 13 191 5 1
3838 428 14 191 5 1
3839 428 15 191 5 1
3840 428 16 191 5 1
3841 428 17 191 5 1
3842 428 18 191 5 1
3843 429 10 191 5 1
3844 429 11 191 5 1
3845 429 12 191 5 1
3846 429 13 191 5 1
3847 429 14 191 5 1
3848 429 15 191 5 1
3849 429 16 191 5 1
3850 429 17 191 5 1
3851 429 18 191 5 1
3852 430 10 191 5 1
3853 430 11 191 5 1
3854 430 12 191 5 1
3855 430 13 191 5 1
3856 430 14 191 5 1
3857 430 15 191 5 1
3858 430 16 191 5 1
3859 430 17 191 5 1
3860 430 18 191 5 1
3861 431 10 191 5 1
3862 431 11 191 5 1
3863 431 12 191 5 1
3864 431 13 191 5 1
3865 431 14 191 5 1
3866 431 15 191 5 1
3867 431 16 191 5 1
3868 431 17 191 5 1
3869 431 18 191 5 1
3870 432 10 191 5 1
3871 432 11 191 5 1
3872 432 12 191 5 1
3873 432 13 191 5 1
3874 432 14 191 5 1
3875 432 15 191 5 1
3876 432 16 191 5 1
3877 432 17 191 5 1
3878 432 18 191 5 1
3879 433 10 191 5 1
3880 433 11 191 5 1
3881 433 12 191 5 1
3882 433 13 191 5 1
3883 433 14 191 5 1
3884 433 15 191 5 1
3885 433 16 191 5 1
3886 433 17 191 5 1
3887 433 18 191 5 1
3888 434 10 191 5 1
3889 434 11 191 5 1
3890 434 12 191 5 1
3891 434 13 191 5 1
3892 434 14 191 5 1
3893 434 15 191 5 1
3894 434 16 191 5 1
3895 434 17 191 5 1
3896 434 18 191 5 1
3897 435 10 191 5 1
3898 435 11 191 5 1
3899 435 12 191 5 1
3900 435 13 191 5 1
3901 435 14 191 5 1
3902 435 15 191 5 1
3903 435 16 191 5 1
3904 435 17 191 5 1
3905 435 18 191 5 1
3906 436 10 191 5 1
3907 436 11 191 5 1
3908 436 12 191 5 1
3909 436 13 191 5 1
3910 436 14 191 5 1
3911 436 15 191 5 1
3912 436 16 191 5 1
3913 436 17 191 5 1
3914 436 18 191 5 1
3915 437 10 191 5 1
3916 437 11 191 5 1
3917 437 12 191 5 1
3918 437 13 191 5 1
3919 437 14 191 5 1
3920 437 15 191 5 1
3921 437 16 191 5 1
3922 437 17 191 5 1
3923 437 18 191 5 1
3924 438 10 191 5 1
3925 438 11 191 5 1
3926 438 12 191 5 1
3927 438 13 191 5 1
3928 438 14 191 5 1
3929 438 15 191 5 1
3930 438 16 191 5 1
3931 438 17 191 5 1
3932 438 18 191 5 1
3933 439 10 191 5 1
3934 439 11 191 5 1
3935 439 12 191 5 1
3936 439 13 191 5 1
3937 439 14 191 5 1
3938 439 15 191 5 1
3939 439 16 191 5 1
3940 439 17 191 5 1
3941 439 18 191 5 1
3942 440 10 191 5 1
3943 440 11 191 5 1
3944 440 12 191 5 1
3945 440 13 191 5 1
3946 440 14 191 5 1
3947 440 15 191 5 1
3948 440 16 191 5 1
3949 440 17 191 5 1
3950 440 18 191 5 1
3951 441 10 191 5 1
3952 441 11 191 5 1
3953 441 12 191 5 1
3954 441 13 191 5 1
3955 441 14 191 5 1
3956 441 15 191 5 1
3957 441 16 191 5 1
3958 441 17 191 5 1
3959 441 18 191 5 1
3960 442 10 191 5 1
3961 442 11 191 5 1
3962 442 12 191 5 1
3963 442 13 191 5 1
3964 442 14 191 5 1
3965 442 15 191 5 1
3966 442 16 191 5 1
3967 442 17 191 5 1
3968 442 18 191 5 1
3969 443 10 191 5 1
3970 443 11 191 5 1
3971 443 12 191 5 1
3972 443 13 191 5 1
3973 443 14 191 5 1
3974 443 15 191 5 1
3975 443 16 191 5 1
3976 443 17 191 5 1
3977 443 18 191 5 1
3978 444 10 191 5 1
3979 444 11 191 5 1
3980 444 12 191 5 1
3981 444 13 191 5 1
3982 444 14 191 5 1
3983 444 15 191 5 1
3984 444 16 191 5 1
3985 444 17 191 5 1
3986 444 18 191 5 1
3987 445 10 191 5 1
3988 445 11 191 5 1
3989 445 12 191 5 1
3990 445 13 191 5 1
3991 445 14 191 5 1
3992 445 15 191 5 1
3993 445 16 191 5 1
3994 445 17 191 5 1
3995 445 18 191 5 1
3996 446 10 191 5 1
3997 446 11 191 5 1
3998 446 12 191 5 1
3999 446 13 191 5 1
4000 446 14 191 5 1
4001 446 15 191 5 1
4002 446 16 191 5 1
4003 446 17 191 5 1
4004 446 18 191 5 1
4005 447 10 191 5 1
4006 447 11 191 5 1
4007 447 12 191 5 1
4008 447 13 191 5 1
4009 447 14 191 5 1
4010 447 15 191 5 1
4011 447 16 191 5 1
4012 447 17 191 5 1
4013 447 18 191 5 1
4014 80 11 229 16 1
4015 80 12 229 16 1
4016 81 11 229 16 1
4017 81 12 229 16 1
4018 82 16 229 16 1
4019 82 17 229 16 1
4020 83 16 229 16 1
4021 83 17 229 16 1
4022 114 13 229 16 1
4023 114 14 229 16 1
4024 115 13 229 16 1
4025 115 14 229 16 1
4026 116 14 229 16 1
4027 116 15 229 16 1
4028 117 14 229 16 1
4029 117 15 229 16 1
4030 313 14 229 16 1
4031 314 14 229 16 1
