9 18 12 48
5 3 5 6 7 8
4 0 1 4 6
5 1 5 6 7 8
5 2 5 6 7 8
4 0 1 3 5
4 0 2 4 5
5 1 4 6 7 8
4 0 1 2 5
4 0 3 4 5
5 3 4 6 7 8
4 0 2 3 5
5 1 2 6 7 8
5 2 4 6 7 8
4 0 1 3 4
5 1 3 6 7 8
5 2 3 5 7 8
4 0 1 2 4
4 0 2 3 4
0 1
2 1
3 4
3 5
6 7
6 8
9 10
11 10
12 13
14 13
15 16
15 17
0 0 5 19 4 1
1 0 6 19 4 1
2 0 7 19 4 1
3 0 8 19 4 1
4 1 5 19 4 1
5 1 6 19 4 1
6 1 7 19 4 1
7 1 8 19 4 1
8 2 5 19 4 1
9 2 6 19 4 1
10 2 7 19 4 1
11 2 8 19 4 1
12 3 5 19 4 1
13 3 6 19 4 1
14 3 7 19 4 1
15 3 8 19 4 1
16 4 5 19 4 1
17 4 6 19 4 1
18 4 7 19 4 1
19 4 8 19 4 1
20 5 5 19 4 1
21 5 6 19 4 1
22 5 7 19 4 1
23 5 8 19 4 1
24 6 7 19 4 1
25 6 8 19 4 1
26 7 5 19 4 1
27 7 6 19 4 1
28 8 5 19 4 1
29 8 6 19 4 1
30 8 7 19 4 1
31 8 8 19 4 1
32 9 5 19 4 1
33 9 6 19 4 1
34 9 7 19 4 1
35 9 8 19 4 1
36 10 5 19 4 1
37 10 6 19 4 1
38 10 7 19 4 1
39 10 8 19 4 1
40 11 5 19 4 1
41 11 6 19 4 1
42 11 7 19 4 1
43 11 8 19 4 1
44 6 5 37 7 1
45 6 6 37 7 1
46 7 7 37 7 1
47 7 8 37 7 1
