4
17 16 4 8 100000
6 0 1 5 2 3 9
6 14 1 12 5 15 13
6 0 5 11 10 3 7
6 1 11 10 13 9 8
6 15 11 2 3 13 8
6 1 12 15 3 7 6
6 14 15 11 7 4 9
6 5 7 13 4 9 6
41 40 10 20 100000
15 0 26 15 1 30 3 33 9 29 13 17 18 19 35 20
15 15 12 1 38 30 27 31 25 29 13 5 7 21 2 32
15 0 12 22 39 38 3 31 25 33 9 4 5 7 23 19
15 1 39 3 27 25 37 24 33 14 13 4 17 10 19 2
15 22 39 30 37 24 33 34 13 4 17 5 7 23 19 21
15 15 12 3 31 37 24 16 34 17 5 11 10 19 21 35
15 15 12 1 39 30 8 27 31 33 13 17 11 7 6 20
15 26 15 22 39 31 25 37 16 9 14 29 36 13 5 11
15 0 15 39 38 37 33 9 29 13 23 10 21 35 6 20
15 31 25 33 16 9 34 29 36 17 5 11 19 2 35 6
15 15 1 39 38 25 16 9 14 7 23 28 19 21 35 20
15 15 22 3 27 31 24 33 9 29 36 17 7 23 28 6
15 15 1 39 30 31 25 37 14 36 4 17 11 23 32 35
15 39 3 27 25 24 29 13 5 11 23 18 19 2 32 20
15 26 8 3 27 37 16 9 29 13 4 11 7 23 2 35
15 26 1 38 8 3 27 25 37 9 34 17 11 23 28 21
15 0 15 1 39 8 3 27 34 29 36 5 18 19 21 35
15 12 22 1 27 25 33 9 5 11 7 10 18 21 32 35
15 0 26 27 31 37 33 13 11 7 28 10 19 21 32 35
15 1 8 3 31 37 14 29 17 5 7 23 28 18 21 6
97 96 24 48 20000
36 0 70 68 1 31 44 35 25 89 81 77 2 59 3 27 91 58 45 62 63 52 87 75 57 11 28 29 53 41 23 83 54 79 49 22 82
36 0 34 70 68 1 31 35 42 25 71 40 69 24 59 3 13 16 91 95 7 63 93 55 47 26 61 51 29 53 21 30 17 90 54 79 49
36 0 1 31 6 44 35 25 71 89 69 5 2 18 46 27 16 7 85 39 45 93 10 37 55 47 67 75 66 11 29 72 30 88 23 73 79
36 68 1 31 6 35 42 25 65 71 40 89 81 69 2 3 27 19 7 85 84 14 62 63 93 67 43 75 12 26 94 51 21 33 41 23 92
36 0 31 44 25 65 40 89 81 5 77 76 59 18 3 13 27 16 91 85 62 36 93 37 55 47 43 61 51 50 28 29 33 38 83 79 82
36 70 68 1 44 86 65 78 69 2 18 3 9 74 60 27 16 91 19 95 7 39 45 84 93 47 43 75 57 61 51 11 41 17 73 38 79
36 0 1 8 25 65 40 89 78 76 2 46 60 91 19 7 85 4 45 15 14 63 93 87 55 47 43 26 57 11 29 53 41 88 23 73 49
36 34 70 35 65 71 40 89 69 5 3 13 74 91 95 7 39 15 14 93 87 37 47 43 64 80 75 12 94 57 61 66 53 41 23 56 82
36 44 71 89 81 69 3 46 74 60 27 91 19 45 15 14 62 36 37 55 67 75 51 50 21 33 41 88 23 17 73 90 83 54 79 49 20
36 0 34 68 1 8 31 86 65 71 81 5 3 9 27 16 19 95 15 84 63 93 10 37 55 12 57 61 51 53 33 23 73 54 49 22 48
36 34 8 42 25 71 78 69 5 24 77 76 2 59 3 9 32 7 39 15 62 63 87 37 55 67 43 57 61 11 50 29 21 33 38 79 48
36 70 86 42 65 71 40 69 77 13 46 32 16 19 95 85 58 45 15 84 63 10 87 37 47 67 75 51 11 50 29 33 41 23 17 79 56
36 34 31 35 86 81 77 76 2 3 13 91 95 7 85 45 84 14 37 43 64 75 61 51 66 11 28 29 53 33 41 88 17 73 92 79 48
36 70 68 1 35 25 65 69 76 59 18 13 60 27 32 91 19 45 15 63 93 87 37 75 12 94 57 61 50 29 72 21 17 83 79 82 48
36 31 44 25 71 81 69 24 77 3 13 9 60 27 91 95 7 39 84 62 10 87 37 47 80 75 94 57 29 72 33 30 41 88 73 49 82
36 6 42 25 65 71 81 59 13 9 46 91 19 7 15 36 63 52 37 47 67 43 80 75 12 61 66 11 28 29 33 41 73 38 83 54 82
36 0 34 31 35 65 69 24 77 2 13 9 46 60 27 85 39 45 15 63 93 67 43 80 75 12 61 66 11 28 21 17 73 83 49 20 22
36 34 8 71 89 5 18 13 9 46 60 27 32 16 91 95 85 39 45 62 63 87 55 47 43 26 61 51 53 21 41 88 23 17 83 22 82
36 1 8 6 44 89 69 5 77 59 18 27 91 19 95 4 45 15 93 47 67 64 80 12 57 61 51 11 50 29 53 33 30 23 92 49 82
36 68 6 35 25 65 71 40 78 69 5 77 76 3 9 27 91 95 58 45 84 87 37 67 43 80 26 29 53 21 33 23 73 90 83 56 20
36 70 1 8 44 35 89 69 5 24 59 3 13 46 91 85 39 58 45 84 36 63 93 52 87 37 55 67 26 51 11 21 33 41 73 90 48
36 34 70 1 31 6 35 71 89 5 77 76 59 9 27 39 4 15 14 93 10 43 75 51 11 50 29 33 41 73 83 92 79 49 20 22 48
36 0 42 25 89 81 69 59 3 74 19 7 85 39 4 45 15 84 36 93 10 87 37 43 94 61 51 11 72 53 21 41 83 92 56 49 22
36 1 35 42 78 81 5 59 18 13 9 91 19 85 39 4 58 84 14 87 37 47 67 43 12 57 51 28 30 41 23 17 83 79 56 49 22
36 31 6 35 86 81 5 74 27 32 91 95 7 85 39 4 58 45 15 62 63 93 87 67 26 57 61 66 29 72 53 33 83 79 56 49 48
36 0 70 1 6 25 71 81 5 3 13 9 60 7 85 58 45 15 36 63 47 67 64 75 57 51 53 33 23 17 38 79 56 49 20 82 48
36 8 31 65 71 89 81 77 2 59 3 27 19 95 85 39 58 15 36 63 93 10 37 47 67 64 80 94 61 29 21 88 23 17 90 38 22
36 1 31 44 35 86 42 65 40 89 81 69 59 9 32 95 7 85 4 63 93 87 37 55 47 80 51 66 29 33 41 17 83 54 20 22 48
36 68 86 42 71 40 89 5 24 13 9 74 60 27 19 7 85 4 62 10 52 37 55 67 64 75 57 61 51 11 29 53 21 17 83 79 49
36 34 1 44 71 78 81 5 77 2 59 3 13 9 60 32 16 19 95 45 63 93 52 47 67 43 75 66 11 29 53 21 41 92 54 56 49
36 31 25 71 40 78 24 77 59 18 27 19 95 7 85 58 45 93 87 37 55 64 75 94 66 50 53 21 41 23 73 83 92 54 79 49 48
36 0 1 8 31 35 81 5 24 77 18 13 9 74 19 39 45 15 14 63 93 10 52 87 37 55 47 43 80 75 26 53 33 38 83 54 79
36 68 35 86 25 65 78 81 69 5 24 77 76 59 3 9 46 27 19 7 15 10 52 87 55 47 26 94 51 11 53 17 73 83 92 49 82
36 0 70 68 6 35 65 89 81 77 18 3 32 95 7 85 39 45 15 52 37 55 47 80 57 11 21 33 41 88 17 90 38 83 92 79 49
36 31 86 25 65 89 59 3 13 9 27 91 95 45 36 93 87 55 47 67 43 64 75 12 26 57 51 66 50 21 30 17 38 92 49 20 22
36 34 6 35 86 25 89 81 77 76 59 18 13 60 27 32 91 19 95 85 4 15 84 63 55 67 43 94 57 61 11 33 23 17 73 90 54
36 70 1 31 6 35 25 65 71 89 81 69 24 77 13 32 16 19 39 4 15 84 87 47 67 43 64 26 50 28 53 21 17 73 38 79 49
36 1 31 86 25 65 69 5 76 2 74 16 91 19 95 39 36 63 52 87 67 64 80 61 29 72 21 33 41 23 17 73 83 54 79 49 22
36 34 1 25 40 89 78 81 24 77 9 46 27 32 95 85 39 58 14 36 87 55 47 43 75 12 57 61 51 29 72 21 33 23 73 92 79
36 1 25 71 40 89 5 77 59 9 74 91 95 7 39 45 15 62 63 93 52 37 55 67 43 12 94 50 28 30 41 88 17 73 56 49 48
36 1 31 35 65 69 5 77 59 3 13 9 27 16 19 7 85 4 58 14 52 37 55 67 75 12 26 57 61 72 53 41 88 23 90 38 20
36 8 31 35 42 65 71 89 81 69 5 24 76 59 18 13 9 27 16 7 39 45 62 63 94 57 61 11 30 41 23 17 73 92 79 56 20
36 70 1 8 31 35 65 71 89 78 76 3 9 60 91 19 95 85 39 62 36 10 52 87 37 67 43 57 61 66 11 53 33 30 90 83 49
36 1 31 6 42 65 78 69 5 77 3 13 74 95 7 45 15 55 47 43 64 61 51 11 72 21 88 23 73 90 83 79 49 20 22 82 48
36 68 8 35 42 25 71 81 69 5 77 74 32 91 19 85 39 36 93 10 47 43 75 57 51 28 29 53 21 30 88 23 17 73 83 54 20
36 68 8 31 44 25 65 71 89 78 59 13 9 46 15 14 93 87 55 64 75 57 61 66 11 28 72 53 21 33 41 23 17 90 83 79 56
36 34 1 44 35 25 65 5 59 3 46 74 95 7 39 4 58 63 55 67 75 94 57 51 11 28 29 72 53 21 33 30 17 73 38 83 20
36 0 31 86 81 69 77 2 59 13 9 91 19 7 85 39 15 14 63 87 55 80 57 51 11 50 28 29 72 53 21 30 23 73 90 56 82
193 192 48 96 20000
72 0 68 1 168 35 141 85 31 145 25 2 175 123 170 75 5 24 59 29 16 115 37 153 12 109 99 139 91 21 185 64 32 58 15 63 62 158 50 159 149 128 160 26 89 41 135 81 3 13 176 143 61 173 124 125 73 126 55 9 178 23 79 90 121 165 127 181 45 87 6 97 180
72 0 34 84 68 1 118 35 183 141 136 69 25 2 123 105 44 103 4 29 36 17 77 94 157 153 80 109 99 54 177 91 21 167 15 93 147 11 158 159 70 149 51 189 89 41 71 191 81 3 46 143 57 52 61 113 19 132 100 73 155 126 129 83 74 92 165 49 127 56 131 97 130
72 0 34 1 104 102 168 35 183 152 141 85 136 31 2 119 170 75 65 44 5 103 151 169 115 17 184 37 157 99 177 91 39 21 67 144 11 38 63 146 134 149 51 189 111 154 26 191 117 135 174 13 57 61 173 125 100 73 55 7 129 101 161 171 156 66 121 49 40 181 8 97 180
72 34 68 104 102 168 35 152 141 138 85 136 31 145 69 25 162 186 2 119 65 5 33 103 151 59 29 17 157 148 12 142 109 139 177 67 167 137 122 93 53 159 70 149 160 89 41 71 191 117 43 3 114 173 19 112 124 125 120 7 129 83 161 171 23 79 165 181 87 72 6 8 97
72 0 68 104 168 183 141 136 31 10 145 188 25 186 175 123 82 75 65 5 33 151 24 16 36 17 77 37 47 99 177 91 39 86 167 137 144 15 93 147 11 38 63 158 111 89 117 187 174 81 43 3 114 143 57 61 110 132 125 155 7 129 83 101 161 23 27 98 90 106 127 87 22
72 68 1 102 168 183 141 85 10 69 25 60 172 123 119 170 75 65 105 44 5 179 33 103 30 59 169 28 17 94 37 153 47 12 99 67 167 185 32 11 53 50 159 70 134 107 189 89 117 135 187 81 46 108 20 143 57 133 112 125 73 129 171 27 76 79 165 49 106 45 56 131 22
72 0 84 141 31 25 186 2 175 75 105 5 103 151 169 4 29 28 16 115 17 77 184 37 157 47 80 142 18 139 78 91 39 21 95 137 144 32 53 159 107 51 189 89 48 41 71 191 174 176 143 57 61 113 19 125 155 101 140 9 161 74 79 66 165 106 40 181 42 45 131 22 97
72 0 1 102 35 138 85 136 188 25 172 170 75 44 5 33 103 151 24 28 36 17 14 37 157 153 47 80 12 109 18 99 139 177 91 21 67 137 185 15 93 147 53 38 62 70 111 41 71 182 135 187 43 13 57 133 190 73 155 101 140 161 171 74 27 76 121 165 49 127 87 97 180
72 168 31 10 145 25 2 175 170 75 105 179 33 169 16 77 14 37 157 153 80 78 91 39 95 67 167 137 144 185 122 15 93 147 11 146 159 149 51 189 111 128 160 41 117 43 150 13 176 20 61 133 110 173 132 112 125 73 120 7 101 27 76 156 79 165 49 127 181 42 87 97 130
72 34 84 68 1 104 85 136 31 145 172 75 105 44 5 179 151 59 169 115 17 37 157 12 99 78 91 21 95 167 185 64 93 53 166 63 62 158 50 159 149 107 51 111 154 71 191 182 174 43 150 3 13 20 143 133 19 125 73 155 129 83 101 161 178 23 27 79 90 92 106 131 8
72 84 168 183 141 138 69 188 2 175 172 123 105 5 179 103 4 16 17 94 37 157 148 116 109 18 177 78 91 86 67 167 147 11 166 63 62 70 107 189 154 48 41 71 163 117 182 135 187 81 43 3 13 57 61 19 112 124 125 73 155 55 7 23 27 79 90 66 121 127 45 131 97
72 1 118 35 141 138 85 136 10 69 162 175 170 65 105 44 5 59 29 115 17 157 153 47 80 78 95 167 137 144 185 93 147 11 63 149 128 48 41 191 117 135 187 174 43 114 46 176 143 61 133 88 173 113 19 112 124 125 100 73 55 7 101 9 171 79 98 90 121 127 45 180 96
72 0 84 104 10 145 25 186 2 175 119 82 170 105 179 33 103 151 169 28 115 37 153 47 99 54 177 91 39 21 95 64 32 93 63 70 149 51 189 111 41 71 163 135 187 174 43 13 57 110 88 113 19 112 124 125 73 126 7 83 171 178 23 156 79 98 121 165 127 40 181 131 6
72 84 68 1 35 183 152 85 31 145 175 60 119 65 105 33 169 16 115 17 77 37 157 148 116 142 109 18 99 139 86 67 15 93 147 146 62 50 159 70 134 107 51 89 41 163 174 13 108 20 143 57 52 110 173 113 19 125 100 73 7 129 171 27 90 121 165 181 45 87 72 97 96
72 0 1 168 183 69 162 175 123 119 82 75 65 105 44 179 33 103 151 59 77 184 14 37 153 80 12 99 39 86 67 137 144 185 58 15 93 53 63 62 159 134 51 41 163 191 117 150 3 13 108 143 57 190 173 113 19 112 120 7 101 9 171 74 178 23 90 66 121 127 87 131 164
72 68 104 141 138 85 31 69 82 170 105 179 33 103 169 29 16 115 14 37 148 153 47 80 12 142 109 139 177 86 95 167 144 64 58 15 93 11 53 63 159 189 111 89 48 41 117 135 81 3 13 46 143 61 112 125 73 155 83 101 9 161 171 23 27 66 121 92 165 106 56 130 96
72 0 84 35 183 141 85 60 123 82 170 75 65 5 103 151 4 29 36 77 153 12 142 99 54 177 91 67 137 185 15 93 147 11 166 63 146 158 159 70 149 107 51 189 128 26 71 117 135 187 174 43 150 13 143 19 125 55 83 9 161 171 23 76 98 121 42 45 56 87 97 164 96
72 84 1 35 141 145 188 25 119 82 75 65 105 44 179 33 169 4 29 36 148 109 99 78 21 95 144 185 32 93 147 146 159 70 107 51 111 26 41 163 117 135 81 43 3 13 46 20 143 57 52 61 110 88 190 173 155 55 129 83 101 9 161 178 23 79 165 49 45 6 8 22 180
72 118 183 31 10 186 2 123 119 65 5 179 33 103 59 29 36 14 157 153 47 18 99 139 177 78 91 21 185 15 62 159 134 107 51 189 111 48 41 71 182 135 187 81 3 143 133 173 113 132 112 120 55 129 101 161 171 178 27 79 90 121 92 49 106 127 40 45 87 72 8 164 96
72 34 1 118 102 35 183 152 141 85 136 31 69 25 175 172 119 105 5 179 33 151 30 169 37 153 80 12 99 54 139 91 21 95 67 167 58 147 146 158 50 159 111 160 26 89 48 71 163 174 81 43 143 61 88 173 19 132 112 73 55 7 9 161 27 76 121 127 42 45 87 131 130
72 1 118 168 152 141 145 162 186 60 172 119 82 170 65 5 33 151 24 4 29 16 115 17 77 184 37 157 47 116 18 54 177 91 21 67 167 137 185 15 53 50 107 51 189 160 89 71 117 135 187 81 150 13 133 190 173 113 73 120 55 7 83 101 23 27 79 165 127 42 56 131 8
72 0 84 1 152 141 138 85 31 162 175 123 75 65 105 44 33 30 24 59 17 184 14 116 109 139 177 91 39 86 95 137 185 64 58 147 11 53 63 146 158 159 70 134 149 51 189 111 154 48 71 191 135 81 43 3 173 113 125 73 55 7 129 171 23 79 165 42 87 131 72 180 130
72 68 1 118 141 138 85 31 145 25 2 75 65 105 30 169 4 29 115 37 157 148 153 116 99 177 39 21 67 167 137 144 64 15 93 147 63 158 134 89 163 191 182 135 187 81 3 13 108 61 133 110 190 173 113 19 132 125 100 155 120 55 83 161 27 156 79 98 66 121 49 8 164
72 0 1 168 183 141 85 69 25 186 123 75 33 103 169 4 29 115 17 77 14 148 153 47 116 12 109 78 67 137 185 147 11 38 166 63 146 158 50 51 189 111 163 182 43 3 114 13 46 20 52 61 133 173 113 19 112 73 129 9 161 23 156 79 49 127 181 56 87 131 97 164 180
72 68 35 85 10 145 25 162 172 119 65 5 179 33 103 30 59 169 4 29 28 16 36 17 77 94 184 157 153 54 139 177 91 39 95 67 185 93 147 63 62 149 189 128 89 41 163 182 174 13 20 143 113 19 132 125 7 129 83 101 9 27 79 66 49 127 45 131 72 6 164 180 130
72 0 68 1 183 152 141 138 25 2 172 119 75 65 105 179 151 29 115 47 109 54 139 78 91 39 21 167 122 32 93 147 11 53 166 63 62 50 159 70 107 51 189 111 89 41 163 187 81 150 3 46 108 57 173 132 125 100 55 7 101 161 171 74 178 27 156 181 45 87 131 180 96
72 1 104 183 152 141 136 145 69 188 25 175 123 170 179 103 151 17 77 184 37 157 109 18 54 86 67 144 122 15 93 53 63 146 149 51 71 182 135 81 43 3 13 108 143 52 133 88 113 19 132 125 73 155 120 126 55 7 129 101 9 161 178 27 98 121 165 49 106 181 56 87 96
72 84 1 118 168 35 183 152 141 138 85 136 10 145 69 175 119 75 105 5 33 103 24 59 28 184 157 153 47 109 18 99 177 39 86 21 95 167 15 158 50 51 189 154 128 41 135 187 81 176 57 133 88 173 113 19 125 155 120 83 101 140 161 178 23 165 49 181 45 87 22 164 130
72 34 68 1 35 141 138 85 145 69 188 162 175 75 5 179 151 59 169 4 28 115 77 184 37 153 47 142 109 18 99 139 177 91 21 95 67 15 11 166 63 62 158 134 189 89 48 163 117 135 43 150 3 46 143 57 52 133 88 113 120 55 7 129 83 74 27 76 156 79 90 127 181
72 68 35 10 145 69 188 60 119 82 75 105 44 59 169 29 77 148 47 80 142 109 54 91 39 67 167 137 185 38 158 134 107 51 189 154 26 71 191 135 187 81 150 3 13 176 20 143 61 133 173 19 112 125 155 126 55 7 83 101 161 171 27 66 121 49 127 40 181 87 131 180 130
72 34 1 35 152 31 145 69 188 170 179 33 30 59 169 4 36 115 17 157 148 153 47 142 99 177 95 167 137 185 93 147 53 166 63 62 107 51 189 111 71 117 187 81 150 3 13 176 57 61 190 173 113 132 125 100 7 140 9 27 98 121 165 40 45 87 131 22 97 164 180 130 96
72 84 1 35 183 141 136 31 172 82 65 105 179 151 24 169 29 115 17 77 14 37 157 148 153 47 116 80 109 18 99 177 91 95 137 185 15 11 53 134 149 189 154 160 41 71 163 174 81 43 150 114 46 20 173 19 132 124 126 55 129 83 101 161 171 79 121 45 131 6 97 164 180
72 85 31 186 175 60 172 123 170 179 33 103 151 24 17 184 37 148 153 47 142 99 54 139 39 21 67 144 185 93 38 62 158 159 70 107 111 163 191 117 187 81 43 3 114 13 46 143 57 133 88 173 19 124 100 73 155 55 83 101 171 79 66 92 165 49 181 42 45 131 97 164 130
72 34 68 1 104 35 152 138 145 25 175 123 119 65 103 151 59 4 29 17 77 94 37 153 47 80 18 139 91 167 144 185 122 11 53 166 63 50 159 189 111 128 26 191 135 81 150 13 46 143 61 133 110 113 19 124 73 155 83 161 171 23 27 79 165 40 42 87 131 72 22 97 164
72 84 1 102 183 152 141 31 10 145 105 33 103 59 16 115 77 184 157 148 153 47 12 109 99 54 139 177 91 39 21 167 122 32 93 11 53 38 63 159 107 160 26 41 163 191 117 174 81 43 114 143 52 133 190 19 73 120 126 55 7 161 171 23 27 79 98 49 106 127 40 97 130
72 104 35 152 138 31 69 175 123 119 5 179 103 151 24 169 17 77 94 37 109 54 177 91 39 21 167 185 64 93 147 11 146 149 111 89 41 71 163 117 187 81 150 114 20 143 61 133 88 173 113 19 112 125 100 120 55 129 101 161 74 178 23 76 156 90 66 49 45 56 72 22 97
72 118 35 183 152 85 31 145 69 25 2 175 119 65 44 33 151 30 24 169 4 94 153 47 109 18 99 91 39 95 137 144 185 122 32 15 11 166 159 149 107 51 89 41 71 163 191 182 135 3 114 13 46 176 133 19 112 125 73 155 55 83 101 140 23 76 98 90 106 45 131 8 97
72 104 35 10 188 186 175 123 119 82 65 5 179 33 59 169 29 115 37 47 116 109 99 54 139 78 86 95 167 58 15 147 11 53 63 146 62 158 159 70 149 189 160 89 71 191 117 187 174 3 108 61 133 113 19 73 155 55 83 101 140 9 171 76 49 127 40 181 8 97 164 180 130
72 1 102 168 141 145 69 162 175 60 170 75 33 103 151 30 59 4 16 17 157 153 47 80 139 91 39 86 95 67 64 58 15 147 146 107 189 111 154 89 71 163 191 187 174 81 150 13 46 88 19 132 125 100 155 55 129 101 9 74 178 23 27 79 121 165 49 127 40 181 87 8 97
72 34 118 102 35 141 69 186 123 170 75 105 179 103 59 29 28 36 17 77 94 37 157 148 153 116 80 12 99 139 39 95 167 137 144 122 15 93 50 159 149 51 189 111 89 48 163 135 187 43 3 110 173 113 19 73 155 126 55 7 129 101 23 27 156 98 49 45 87 6 8 22 180
72 84 118 104 102 183 141 145 2 60 123 119 5 33 103 151 30 59 169 115 17 77 14 99 139 91 39 67 144 185 15 93 147 53 63 146 189 111 26 48 41 71 191 135 43 3 108 176 20 57 52 61 133 190 173 113 132 124 125 155 7 83 9 171 74 27 90 165 45 131 6 22 130
72 84 118 183 141 85 145 69 188 186 175 60 123 119 75 65 105 44 33 151 169 28 36 115 17 184 157 139 91 86 21 95 185 122 147 11 53 38 63 62 159 149 128 26 89 48 41 135 187 81 43 150 3 13 46 61 133 110 124 73 7 83 101 9 27 76 66 121 92 49 181 72 97
72 34 1 183 138 85 31 145 69 175 60 172 123 5 103 24 169 29 16 36 77 14 37 157 116 80 109 54 139 21 137 64 32 15 93 147 53 63 50 107 51 189 111 26 89 48 41 71 163 191 135 187 174 176 57 61 133 110 173 112 73 129 83 9 171 74 79 98 121 49 106 127 72
72 34 68 1 35 152 141 138 85 10 69 25 60 123 119 82 75 65 5 179 30 28 17 184 14 153 47 116 99 139 177 91 67 15 147 11 53 38 159 149 107 51 111 154 41 71 163 191 13 143 61 133 110 173 132 112 155 126 7 101 140 23 79 98 121 92 49 127 181 56 131 6 22
72 34 84 168 35 183 138 69 175 119 75 33 103 151 169 29 17 77 99 139 177 39 95 167 144 58 15 93 147 53 38 166 63 62 50 159 149 107 51 154 160 89 41 191 182 135 187 81 43 13 20 110 88 113 155 120 126 129 140 9 161 171 27 79 66 127 181 42 45 56 97 180 96
72 34 1 168 183 136 31 10 69 188 186 123 105 33 151 24 29 17 184 14 37 157 153 99 39 21 95 67 167 32 58 93 147 11 53 166 63 70 134 149 107 189 89 71 117 135 81 43 13 176 20 143 133 173 132 129 83 9 161 178 23 76 98 66 49 40 181 45 87 131 72 8 97
72 0 1 183 138 31 145 188 25 162 119 170 5 179 103 59 94 157 47 80 142 99 139 78 39 95 67 167 137 185 32 15 93 147 11 38 166 63 146 50 149 51 154 160 89 41 71 117 81 143 52 61 133 173 113 19 124 73 155 7 83 9 79 66 121 92 181 56 87 131 72 8 22
72 34 68 118 183 141 85 145 69 119 82 65 44 5 179 24 59 29 115 17 77 184 37 153 80 177 91 39 137 32 58 93 147 146 62 111 71 191 117 182 135 81 3 114 13 143 57 61 88 124 155 120 7 129 101 9 171 23 79 165 49 106 40 181 42 45 56 87 131 72 22 97 180
72 0 34 35 141 10 69 25 175 123 119 82 105 44 5 33 16 77 94 37 157 153 47 18 177 91 21 95 67 167 185 122 64 32 58 15 93 147 53 38 63 158 159 107 111 160 48 41 191 117 13 20 57 61 190 173 113 100 73 155 55 129 171 156 90 121 181 45 56 87 131 8 96
72 84 1 104 85 136 145 25 162 60 75 65 5 33 103 151 169 4 29 77 157 153 109 78 39 21 95 122 58 15 93 147 53 38 50 159 134 107 48 163 117 135 187 81 3 61 133 88 113 19 73 55 7 101 140 161 171 74 23 98 127 40 181 45 56 87 131 72 6 8 97 130 96
72 118 104 168 183 31 69 2 60 172 123 119 75 5 179 30 59 36 153 47 12 142 18 99 177 39 21 67 137 122 32 58 93 147 11 53 63 146 159 134 51 111 41 163 191 117 135 187 43 150 46 52 61 173 113 19 125 73 126 129 83 101 140 161 74 27 79 165 127 181 72 97 180
72 68 1 118 168 35 183 138 136 69 175 123 119 75 65 179 59 169 28 115 17 14 37 157 47 142 109 54 177 39 95 122 32 15 93 63 146 159 70 149 107 26 89 48 71 187 43 114 176 143 57 133 190 173 113 125 100 155 55 7 161 23 27 79 121 49 42 56 131 8 97 164 130
72 118 104 168 35 183 152 85 188 25 162 175 105 179 103 59 169 28 115 17 77 37 157 148 47 177 21 167 137 185 64 58 147 53 146 50 159 70 134 107 51 189 111 128 89 41 71 163 191 135 174 43 3 46 176 143 61 190 155 7 83 101 74 23 66 121 92 49 127 42 87 97 96
72 1 141 85 31 145 69 188 25 2 60 172 123 119 75 105 5 33 59 169 28 17 77 37 12 54 139 177 86 21 95 137 122 64 58 93 11 166 149 51 189 111 154 41 71 191 117 135 174 81 46 176 20 57 190 19 124 155 120 55 83 9 161 171 27 156 121 181 87 131 8 22 164
72 0 34 152 10 69 188 25 162 123 119 75 65 105 5 179 59 169 29 16 157 47 142 109 99 177 39 21 137 144 185 15 93 63 159 149 107 189 111 154 160 48 71 191 182 81 43 13 46 108 176 143 57 52 133 110 19 112 125 73 7 129 83 9 74 178 165 127 181 42 45 8 164
72 34 1 118 152 31 69 188 186 60 119 65 44 33 103 151 30 59 169 4 29 28 16 115 17 14 37 153 12 109 54 177 78 91 86 21 167 137 11 53 63 149 107 51 154 89 41 163 117 187 43 143 57 52 173 113 125 73 155 83 101 9 171 156 90 92 49 127 40 181 87 6 96
72 68 35 183 31 25 162 186 119 82 170 75 105 5 103 24 16 115 17 77 94 153 47 12 109 99 54 21 95 67 137 147 38 63 158 159 149 189 111 154 89 48 41 163 182 135 3 108 176 57 133 110 88 173 155 55 7 129 83 140 9 161 171 178 23 27 79 66 165 87 72 97 96
72 34 102 183 136 10 145 69 188 60 123 75 65 105 5 103 151 29 115 17 14 157 153 116 142 18 177 39 86 21 95 167 137 144 185 64 32 15 147 11 53 38 158 159 51 111 26 89 71 163 135 3 114 143 57 19 125 73 120 55 83 9 27 156 79 127 181 42 45 131 72 130 96
72 1 104 168 35 183 141 85 136 145 162 2 172 119 82 65 105 179 33 36 77 37 47 116 80 109 139 177 39 21 167 185 93 11 53 38 166 159 70 149 107 51 189 154 128 71 163 191 117 135 3 57 61 133 110 88 113 125 120 55 129 9 27 90 92 165 106 127 40 87 72 97 130
72 34 1 136 31 10 145 2 175 123 119 75 65 103 151 30 24 169 115 94 37 148 47 18 139 177 78 21 95 67 137 122 64 11 63 159 134 149 107 189 128 26 71 117 135 187 81 43 150 3 13 108 143 57 52 61 88 173 19 112 155 7 129 9 49 106 127 45 56 87 6 97 180
72 68 1 102 183 10 25 175 123 119 75 44 179 103 169 4 29 36 115 17 77 14 37 157 153 47 116 109 99 139 86 95 67 167 185 32 58 11 149 107 51 128 160 41 191 117 182 135 174 43 114 108 61 88 190 173 125 155 55 129 83 74 178 23 27 92 181 45 87 131 6 97 130
72 1 104 102 168 183 85 69 175 119 75 65 179 33 103 24 29 28 16 115 77 18 99 139 21 95 167 137 185 64 53 166 63 149 189 26 41 71 163 81 43 13 46 108 52 61 113 125 155 55 7 129 101 161 23 98 90 66 121 165 49 127 40 181 42 45 56 131 72 6 8 164 130
72 0 183 141 138 136 31 162 186 175 172 65 5 103 30 59 169 29 36 77 94 184 148 153 47 109 18 91 95 67 144 185 32 58 93 53 166 146 149 107 189 111 128 160 26 89 41 163 191 117 43 3 13 176 143 57 133 173 113 126 55 83 9 161 23 27 121 92 165 49 127 181 96
72 0 183 152 85 10 145 69 25 2 123 82 65 105 5 33 103 151 30 24 59 169 29 36 115 17 184 37 148 47 12 109 99 139 177 39 86 167 147 53 50 159 149 189 111 26 48 163 182 150 114 13 61 133 88 173 113 55 7 83 74 27 79 121 92 165 49 40 45 56 87 8 97
72 68 118 104 35 183 85 25 60 123 75 65 105 179 151 24 59 28 115 94 153 116 80 142 177 78 39 21 95 167 137 58 15 93 147 53 70 107 189 154 160 26 41 191 117 182 81 43 150 108 133 173 113 124 73 155 129 101 9 171 23 27 76 156 98 121 92 165 49 127 181 45 97
72 0 34 168 35 141 138 85 31 175 60 123 105 179 151 24 169 29 115 153 47 18 99 39 67 167 185 122 15 147 63 62 134 149 107 51 111 128 160 89 48 41 71 191 117 182 135 81 114 46 20 57 61 110 113 19 125 55 7 101 9 161 171 27 156 92 165 49 106 40 87 6 130
72 68 104 145 25 162 2 175 60 123 65 179 151 24 59 4 29 36 115 17 77 94 14 37 157 12 109 99 177 91 39 86 95 67 185 38 62 159 51 189 111 160 48 41 71 163 117 135 81 3 20 57 52 61 133 19 125 100 73 126 9 161 171 98 121 49 127 181 42 45 22 97 164
72 0 118 102 35 141 85 136 31 145 69 162 172 65 105 179 103 151 4 29 28 115 94 14 37 148 47 91 86 21 95 67 15 93 147 11 159 149 51 26 41 191 187 81 43 114 108 20 61 133 110 190 19 155 7 129 140 9 171 178 27 79 90 121 165 127 40 181 42 87 131 72 97
72 84 1 183 31 145 69 25 172 123 170 75 65 44 5 59 169 94 37 153 109 139 91 39 86 167 137 15 166 158 134 149 51 189 111 89 41 163 117 187 81 43 3 114 13 108 176 143 57 61 133 110 113 132 124 120 55 7 129 101 140 171 74 76 121 92 40 181 42 131 6 97 96
72 84 35 183 152 141 145 69 188 2 175 60 123 170 75 33 24 59 29 28 36 115 17 94 37 47 80 109 99 177 78 91 39 21 95 67 167 185 122 15 147 53 166 50 159 149 107 111 89 117 182 174 43 3 108 190 173 19 100 120 101 9 161 171 79 66 121 165 106 127 87 131 6
72 1 104 183 85 136 31 145 69 25 175 123 119 82 170 105 5 33 151 59 4 29 36 115 184 142 109 54 177 78 91 95 67 167 185 58 15 93 11 50 51 111 154 160 163 191 182 135 187 43 176 143 57 61 113 112 100 155 126 55 7 129 171 74 156 79 66 165 49 45 72 6 97
72 1 168 85 145 188 25 162 172 123 105 5 179 103 169 28 14 37 157 142 109 99 54 139 177 91 39 137 144 185 122 32 53 63 158 159 134 149 107 51 26 89 191 117 182 187 43 61 88 113 19 132 124 73 55 129 140 9 161 171 23 27 156 79 90 92 165 49 181 45 87 22 180
72 102 35 183 31 10 69 25 162 175 75 65 105 5 24 4 115 77 94 12 99 139 78 86 21 185 15 11 53 63 146 70 149 51 111 26 89 71 163 191 117 135 187 174 81 3 13 176 143 133 190 113 19 132 124 125 155 120 129 171 74 27 156 79 98 92 165 49 45 56 87 131 180
72 1 35 141 31 25 162 186 175 123 119 103 151 59 169 29 28 16 115 157 153 109 99 139 177 91 39 86 21 67 167 137 144 58 93 11 166 158 159 70 107 51 71 163 182 187 174 81 114 13 20 52 61 133 190 113 112 100 7 83 101 9 27 76 79 98 92 165 42 45 87 72 180
72 1 104 35 138 145 69 188 25 175 172 123 119 65 105 44 5 103 30 59 4 115 17 77 184 148 153 12 139 177 39 21 95 67 185 15 11 53 38 158 70 107 160 89 48 41 71 187 174 43 150 3 108 61 133 173 125 155 55 129 101 140 9 161 178 156 79 121 165 106 181 42 6
72 34 35 183 141 138 31 25 172 123 65 105 103 151 169 16 36 115 77 184 157 47 139 177 78 67 167 144 185 122 64 15 63 146 62 50 51 154 71 163 191 117 187 43 150 3 108 176 57 133 73 126 55 129 83 101 9 23 76 79 121 165 127 40 181 45 56 87 131 6 22 97 130
72 34 1 102 35 183 141 85 188 123 119 82 170 179 33 151 59 29 77 94 184 157 12 18 139 78 39 86 21 95 137 64 32 147 11 53 107 154 128 89 71 163 191 182 43 3 13 20 143 57 61 133 110 173 113 19 132 125 100 73 7 83 140 171 23 27 79 121 106 87 6 97 164
72 84 1 168 85 31 69 175 123 170 65 44 5 179 33 30 169 29 115 17 77 157 148 142 54 139 91 39 21 95 67 137 15 147 38 63 50 159 149 107 51 189 154 128 26 41 163 117 135 81 3 114 46 108 143 57 132 155 126 83 101 171 23 27 76 156 98 165 127 87 72 8 22
72 34 84 35 183 85 136 31 145 25 162 123 75 65 5 179 103 151 30 59 29 16 115 77 37 157 47 116 80 109 99 54 177 91 39 95 167 122 58 93 147 11 38 62 134 89 41 71 163 135 187 150 13 46 176 143 52 173 125 73 155 140 9 171 178 23 156 92 165 49 106 131 164
72 118 104 102 35 141 85 31 145 25 162 186 2 123 119 170 75 65 105 5 179 33 103 24 169 29 17 184 157 148 116 80 91 39 95 167 137 32 15 11 166 63 62 107 111 71 163 191 117 43 13 46 20 143 190 173 113 155 55 83 161 171 74 178 76 90 49 127 181 56 87 97 96
72 84 1 102 183 141 85 31 69 25 186 175 119 82 105 151 30 169 29 28 77 157 47 80 109 99 177 39 137 185 122 64 32 53 63 146 62 158 159 111 154 128 160 89 117 187 43 3 13 108 57 133 19 112 125 155 120 101 171 74 27 79 98 121 49 127 181 45 131 72 97 164 96
72 0 1 183 152 85 31 145 186 172 82 170 75 65 179 151 59 17 77 94 47 116 142 109 139 21 95 67 167 15 11 158 159 70 107 111 128 41 71 191 135 187 176 20 52 61 88 113 125 73 120 7 129 83 101 9 161 171 74 23 27 98 90 66 121 49 127 181 45 131 6 8 22
72 84 68 1 102 35 141 25 175 75 65 5 179 33 151 30 28 36 115 77 116 142 18 54 139 177 78 67 167 137 64 58 93 53 38 149 107 111 89 41 191 187 81 3 114 13 176 20 143 57 52 61 133 110 173 113 19 125 73 120 55 83 9 161 178 76 127 40 45 87 131 97 180
72 0 104 35 183 152 141 85 25 186 60 75 33 151 59 169 4 17 77 94 157 153 116 109 21 95 137 144 64 15 11 63 62 159 134 149 51 189 111 154 128 160 26 89 71 163 191 117 187 81 114 143 57 61 133 190 173 112 129 101 140 9 178 23 27 79 121 165 106 45 131 130 96
72 0 85 31 145 69 188 25 123 119 65 105 179 151 30 17 77 37 153 47 80 109 99 139 21 95 67 137 185 122 64 32 15 93 11 53 50 70 149 189 154 128 89 48 163 191 187 114 13 143 57 52 88 190 173 132 125 73 155 126 7 101 161 76 79 90 66 127 40 42 45 87 96
72 84 118 104 102 141 145 69 175 119 82 65 105 5 179 33 151 59 77 94 184 14 157 148 153 47 116 142 109 99 139 177 39 21 67 137 122 15 147 11 166 63 50 51 189 128 89 48 191 117 174 3 13 52 132 125 100 73 129 83 140 9 161 171 178 23 121 92 49 45 131 97 180
72 118 35 183 138 85 31 10 145 186 175 172 119 75 65 105 44 179 33 103 151 24 59 169 4 28 115 157 153 142 109 139 91 39 67 64 93 11 53 38 50 134 51 189 111 160 89 71 117 43 3 114 13 52 61 110 173 19 132 155 126 55 129 171 23 66 121 165 127 45 22 164 96
72 102 35 85 136 31 69 25 2 175 60 119 82 75 179 103 30 169 29 28 16 115 17 184 14 153 109 139 78 91 39 67 167 137 15 93 147 53 166 159 189 128 160 191 117 135 187 81 150 3 143 57 133 19 124 73 55 7 129 83 9 74 178 23 79 98 90 121 49 106 8 180 96
72 1 168 35 183 138 85 136 31 69 25 186 175 123 82 75 105 44 33 103 59 115 94 14 37 157 116 12 18 139 177 91 95 137 122 147 53 63 107 51 189 111 163 191 117 182 187 143 52 133 110 190 19 124 125 100 55 7 83 9 161 76 66 165 49 127 40 181 45 131 6 22 96
72 118 102 35 152 85 31 145 188 25 2 175 119 44 5 103 30 59 16 36 77 14 37 157 47 109 95 67 167 137 58 15 147 11 53 63 134 149 107 51 111 163 187 81 43 3 20 143 57 110 88 113 124 126 83 101 161 171 178 23 27 156 121 165 106 181 42 45 56 131 97 164 130
72 1 104 35 141 10 186 2 172 119 44 5 179 151 59 169 29 16 115 37 80 142 109 18 99 39 86 95 67 167 137 185 147 11 53 63 70 107 111 128 26 89 48 41 191 135 187 3 114 13 143 57 190 100 73 120 126 55 129 140 161 23 79 98 121 165 49 127 181 56 87 131 22
72 102 138 85 10 69 25 175 60 82 65 105 44 5 33 151 59 29 77 37 157 12 99 54 139 78 91 167 137 144 185 64 11 166 62 134 149 107 111 89 163 191 117 135 81 43 108 57 52 88 173 113 19 100 155 126 7 101 140 9 161 23 27 76 79 121 92 165 49 42 131 8 97
72 118 35 152 141 10 145 69 175 172 123 75 33 169 29 16 37 153 47 116 12 142 177 91 39 21 185 93 11 38 166 63 146 149 107 128 89 71 163 3 108 143 57 133 190 113 124 73 155 126 7 129 83 101 140 9 161 171 74 23 27 76 156 121 165 106 181 45 87 72 6 97 164
72 0 68 118 141 31 69 25 162 119 75 33 151 30 59 36 115 77 14 157 148 109 18 99 139 21 167 185 64 15 93 147 38 146 134 149 107 189 160 163 135 187 43 13 46 57 61 19 124 100 73 155 120 55 7 129 83 140 9 161 171 23 76 79 90 49 106 127 181 42 87 131 22
72 34 84 68 102 168 35 141 31 145 162 175 123 105 5 179 33 103 29 36 115 17 47 116 109 78 86 67 137 185 32 93 53 158 159 51 189 89 163 191 135 187 81 43 150 57 61 88 190 173 113 132 112 124 125 100 73 155 126 7 129 83 101 161 23 76 66 121 49 106 181 131 164
72 0 102 183 85 136 31 145 188 186 60 75 105 5 179 59 169 29 17 77 148 153 47 139 91 21 67 137 185 58 147 11 53 159 149 107 41 71 117 182 187 174 81 150 13 108 57 133 110 113 19 112 124 125 100 73 155 126 55 7 129 140 161 23 156 90 92 165 127 56 22 97 130
