44
1 1
28 1
4 23
25 23
13 7
16 7
6 16
23 16
5 20
24 20
9 25
20 25
7 24
22 24
116 22
725 22
377 13
464 13
174 9
667 9
145 4
696 4
261 5
580 5
203 28
638 28
29 6
812 6
0
1 7 0
2 7 8 0 1
2 7 8 0 6
2 7 9 0 2
2 7 9 0 5
2 7 10 0 3
2 7 10 3 6
3 0 8 12 1 4 7
3 0 9 10 1 2 7
3 0 10 12 1 3 5
3 0 10 12 1 3 7
3 0 10 12 3 5 8
3 0 10 13 2 3 6
3 0 10 13 2 6 7
3 0 10 13 3 6 9
3 0 11 13 2 4 7
3 0 12 13 4 5 6
3 0 12 13 4 5 7
3 0 12 13 5 6 11
3 7 8 9 0 1 2
3 7 8 9 0 1 5
3 7 8 9 0 1 6
3 7 8 9 0 1 13
3 7 8 9 0 2 6
3 7 8 10 0 1 3
3 7 8 10 0 1 6
3 7 8 10 0 3 6
3 7 8 10 1 3 6
3 7 8 11 0 1 3
3 7 8 11 0 1 4
3 7 8 11 0 3 4
3 7 8 11 0 4 6
3 7 8 11 0 4 10
3 7 8 12 0 1 4
3 7 8 12 0 1 5
3 7 8 12 0 5 6
3 7 8 12 1 3 5
3 7 8 12 3 4 6
3 7 9 11 0 2 3
3 7 9 11 0 2 4
3 7 9 11 0 2 5
3 7 9 11 0 2 12
3 7 9 11 0 4 5
