128 8 129 29
0 0 0
1 7 1
283800 166380 1508831
283801 1940320 539378
1229800 370227 1792336
1229801 1866237 939398
1480560 1625826 1351288
1480561 1128864 1634323
1792337 1965906 539379
1792336 169130 103086
2035145 1992488 904737
2035144 581903 1034025
629433 1776954 526358
629432 793762 1045964
904737 1376686 629433
904736 854706 2006886
916677 85991 236455
916676 1234957 1663676
632925 1665681 916676
632924 1009435 236454
2047789 132854 2006887
2047788 2055297 133384
1797045 604188 1521466
1797044 3086 1379542
1484180 1734195 421748
1484181 1111835 2047789
1241356 1553297 1229801
1241357 1616409 1792337
288380 66020 1873519
288381 1399892 916677
13028 638274 511807
13029 1758354 1136719
1270690 803607 1265990
1270691 1915851 1351289
1521466 990552 1270690
1521467 284911 758705
106570 6890 1797044
106571 1045590 2035144
390354 715279 283801
390355 660822 1508830
539379 1723999 1100512
539378 1468866 1112068
814699 570243 632925
814698 1318750 1756158
1767707 1395784 2010499
1767706 661207 13028
2010499 913564 390354
2010498 93657 1914404
2006887 899553 1658969
2006886 1273632 629432
1756159 347253 1034024
1756158 1514332 1241357
810127 479250 1354908
810126 121833 1141419
526359 1120460 2047788
526358 875058 1270691
378422 447271 1663677
378423 554999 1480560
103086 1245217 814699
103087 1671717 1229800
1508830 1805255 1136718
1508831 771046 239938
1265990 1424017 1112069
1265991 1788896 668666
236454 601476 939399
236455 730720 288380
511806 1754139 2035145
511807 1768909 1767707
1136718 403446 1877131
1136719 1295338 1901761
1379542 225533 1392178
1379543 729646 106570
1622775 851695 1756159
1622774 1798692 814698
1873519 1954662 668667
1873518 586788 523739
655647 1216547 1379543
655646 1086695 904736
939399 770604 810127
939398 1092260 526359
943971 2018214 655646
943970 271414 1658968
668667 220671 1634322
668666 424971 378422
1877131 688982 943971
1877130 1791070 1392179
1634323 648421 378423
1634322 923949 421749
1392178 47073 146412
1392179 18725 943970
1141418 1061832 1241356
1141419 1679048 1354909
523738 453752 1901760
523739 111598 632924
239938 2028903 1141418
239939 233384 283800
1112068 2025582 1480561
1112069 1803969 417169
1354908 820299 758704
1354909 1561639 390355
146412 949973 13029
146413 1218708 511806
421748 1441671 417168
421749 868555 762197
762197 339034 1767706
762196 793831 1877130
1045965 1836196 133385
1045964 592609 1484180
1663677 1257073 1622775
1663676 1374629 655647
1914405 2050125 762196
1914404 1183717 146413
1901761 531341 288381
1901760 1326354 1622774
1658969 1381511 106571
1658968 13866 1797045
1034025 1290337 103087
1034024 1376909 810126
758705 255795 239939
758704 748395 1100513
417168 1541118 523738
417169 75208 1873518
133384 402288 1484181
133385 525181 1521467
1351288 372144 1045965
1351289 1523307 1265991
1100512 1043695 1914405
1100513 1108262 2010498
10 52 1627198 1553569 1339705 0 296632 0 0 0 2070297 1 10 11 20 21 30 31 36 37 46 47 48 49 58 59 64 65 74 84 85 94 95 100 101 110 112 113 122 123
50 64 1010061 1033940 491074 0 1540305 0 0 0 1069517 1 4 5 8 9 12 13 18 19 22 23 26 27 30 31 35 38 39 42 46 47 48 49 52 53 56 57 60 61
13 114 1888061 1425623 2019581 0 410917 0 0 0 1410653 5 9 12 18 23 27 30 34 39 43 46 48 53 57 60 66 71 75 78 85 89 96 101 105 108 114 119 123 126
25 69 1368835 798807 612547 0 897698 0 0 0 278315 2 13 15 21 24 26 32 34 45 47 53 55 56 58 68 70 73 75 81 83 92 94 100 102 107 113 115 124 126
26 78 1033937 1263498 895508 0 513930 0 0 0 1506498 1 10 22 23 28 29 32 33 42 43 54 55 60 61 68 69 78 82 83 88 89 100 101 110 111 114 115 120 121
24 44 27574 1563015 1903430 0 1859993 0 0 0 1497321 1 2 3 28 29 31 36 37 38 39 56 57 58 59 65 66 67 92 93 94 95 100 101 102 103 120 121 122 123
28 73 1893520 907539 1897381 0 1760561 0 0 0 1571525 2 13 15 20 22 25 27 32 34 45 52 54 57 59 67 76 78 85 87 88 90 97 99 108 110 117 119 120 122
25 76 2028755 1489482 546898 0 1690653 0 0 0 1585771 2 13 15 17 19 28 30 32 34 45 47 49 60 62 68 70 73 75 85 87 90 100 102 105 107 117 119 120 122
14 65 1999169 862199 1818370 0 73394 0 0 0 201006 6 10 12 16 22 26 28 32 38 44 48 54 60 65 71 75 77 81 87 91 93 97 103 107 109 113 119 123 125
13 66 1795529 258069 153932 0 326994 0 0 0 274607 5 9 12 16 21 25 28 32 37 41 44 48 53 60 66 71 78 82 87 91 94 98 103 107 110 114 119 123 126
18 71 679716 1794727 663356 0 674285 0 0 0 1712680 5 8 13 19 22 27 30 32 37 40 45 51 54 62 68 73 76 82 87 90 95 97 100 105 108 114 119 122 127
10 22 892828 1705472 1041154 0 383465 0 0 0 1942384 14 15 20 21 26 27 32 33 46 47 52 53 58 59 64 65 78 79 84 85 90 91 96 97 111 116 117 122 123
44 90 514549 477747 2040078 0 1120338 0 0 0 961181 1 14 15 18 19 28 29 36 37 42 43 54 56 57 66 67 76 77 80 81 94 95 102 103 104 116 117 122 123
19 32 851375 945776 1139641 0 1983912 0 0 0 1425706 3 4 7 8 11 12 15 17 18 21 22 25 26 29 30 67 68 71 72 75 79 81 82 85 86 89 90 93 94
45 82 1870260 1329870 1140015 0 354666 0 0 0 889314 5 9 12 18 23 27 30 33 40 45 51 54 63 66 71 75 78 80 85 89 92 99 102 106 111 113 116 120 125
25 68 944414 617435 2034525 0 1037965 0 0 0 1299531 2 9 11 17 19 24 26 32 41 43 49 51 56 58 68 70 77 79 85 87 92 94 100 102 109 111 119 124 126
13 53 1211264 1132141 1032639 0 1857001 0 0 0 1903661 2 5 7 25 27 28 30 41 44 46 48 50 53 55 64 66 69 71 89 91 94 105 107 108 110 112 114 117 119
18 101 1288008 1352817 1916727 0 1905166 0 0 0 852515 5 8 13 18 23 31 33 36 41 44 51 54 59 62 65 68 73 76 83 86 91 96 101 104 109 114 119 122 127
6 107 1706108 1705983 254387 0 2031044 0 0 0 1002913 7 9 14 16 23 25 30 33 38 40 47 49 54 56 63 65 70 72 79 81 86 88 95 96 103 105 110 119 126
53 80 1529246 1179137 1107928 0 900313 0 0 0 1889906 2 5 7 8 10 13 15 33 35 36 38 43 44 46 81 84 86 89 91 92 94 112 114 117 119 120 122 125 127
5 16 1967183 1707795 1510704 0 550092 0 0 0 42574 2 5 7 8 10 13 15 32 34 37 39 40 45 47 64 66 69 71 74 77 79 96 98 101 103 104 106 109 111
19 45 1805794 982093 852513 0 1953364 0 0 0 901542 7 11 12 18 21 25 30 35 36 40 49 54 58 61 64 71 75 76 82 85 89 94 99 104 111 113 118 122 125
14 32 288379 462149 1248901 0 1517213 0 0 0 475937 1 7 10 11 12 13 16 17 22 23 27 28 29 64 65 70 71 74 75 76 77 80 81 86 87 90 91 92 93
24 107 188633 1230206 1354250 0 741832 0 0 0 873741 3 4 7 25 26 29 33 34 37 38 56 60 63 65 66 69 70 88 91 92 95 96 99 100 103 121 122 125 126
32 66 1032635 1149840 230523 0 914242 0 0 0 1064213 1 4 5 8 9 12 13 16 17 20 21 24 28 29 66 67 70 71 74 75 78 79 82 83 86 87 90 94 95
32 81 1960569 1814904 1558107 0 38057 0 0 0 845025 2 4 6 8 12 14 17 19 21 23 25 27 29 31 65 67 69 71 73 75 79 80 82 84 86 88 90 92 94
9 53 1321365 1912686 407518 0 606600 0 0 0 291151 2 13 15 20 22 25 27 36 38 41 43 48 50 61 63 64 66 77 79 84 86 89 91 100 102 105 114 125 127
22 67 1393333 489684 257588 0 799144 0 0 0 1799274 7 8 15 19 20 27 28 32 39 40 47 51 52 59 60 65 73 78 82 85 90 93 97 105 110 114 117 122 125
54 76 1320940 918979 635112 0 1495544 0 0 0 344888 1 14 15 18 19 28 29 34 35 44 45 48 49 62 63 70 71 72 73 84 85 90 91 100 101 106 118 119 120
4 99 1158722 1519217 1362091 0 1412943 0 0 0 1662496 3 8 11 16 19 24 27 33 34 41 42 49 50 57 58 66 73 74 81 82 89 90 96 104 107 112 115 120 123
44 72 390077 565725 1720456 0 1747104 0 0 0 899663 1 2 16 17 18 19 37 38 39 52 53 54 55 76 77 78 79 92 93 94 95 104 105 106 107 120 121 122 123
53 71 376997 1711944 1732018 0 93622 0 0 0 2036245 5 8 13 19 22 27 30 35 38 43 46 48 53 56 61 66 74 79 81 84 89 92 97 100 105 108 114 119 127
26 69 2040055 1433334 1095266 0 328410 0 0 0 1200169 5 10 15 18 23 24 29 32 37 42 47 50 55 56 61 65 68 75 83 86 89 97 100 107 110 115 118 121 124
39 82 1016228 1466745 122059 0 895509 0 0 0 1963103 5 8 19 22 27 30 33 36 41 44 50 55 58 63 67 70 75 80 85 88 93 98 103 106 111 113 116 121 124
21 71 1081878 1790396 18056 0 734210 0 0 0 2005490 5 8 13 19 22 27 30 32 37 40 45 54 59 62 66 71 74 79 81 84 89 92 98 106 111 113 116 121 124
14 119 638824 1449467 1157421 0 1895812 0 0 0 208307 11 13 17 23 26 28 33 39 42 44 48 54 59 61 65 71 74 76 80 86 93 96 102 107 109 113 119 122 124
43 79 1092027 80536 1787762 0 207655 0 0 0 1502567 3 9 10 16 19 25 37 38 44 47 53 54 60 63 68 71 77 78 84 87 93 94 97 98 104 107 114 120 123
27 67 1994242 644021 1482337 0 2014682 0 0 0 653336 3 4 7 24 28 31 35 36 39 56 59 60 63 73 74 77 78 81 82 85 86 105 106 109 110 113 114 117 118
54 68 499329 585287 1586070 0 1014225 0 0 0 1587846 1 8 18 19 26 27 34 35 42 43 48 49 56 57 70 71 78 79 84 85 92 93 100 101 108 109 118 126 127
7 98 724976 1281251 1260956 0 1480949 0 0 0 1234137 5 8 13 16 21 24 29 35 38 43 46 51 62 67 70 75 78 83 86 91 94 96 101 104 109 112 117 120 125
2 36 2073452 35869 1989514 0 891123 0 0 0 846863 1 8 9 16 17 24 25 36 37 44 53 60 61 64 65 72 73 80 81 88 89 100 101 108 109 116 117 124 125
10 112 1402527 1397481 1349905 0 735865 0 0 0 2070297 1 4 5 10 11 14 15 48 49 53 58 59 62 63 80 81 84 90 91 94 95 96 97 100 101 106 107 110 111
20 102 1856378 1858820 1586070 0 1935582 0 0 0 374065 1 8 9 22 23 30 31 34 35 42 43 53 60 61 66 67 74 75 84 85 92 93 96 97 104 105 118 119 127
11 113 1212941 1329871 965712 0 1526713 0 0 0 350834 4 10 14 19 23 25 29 35 39 41 45 48 52 58 62 67 71 73 77 80 84 90 94 96 100 110 115 119 125
31 74 942095 215039 1821548 0 1528561 0 0 0 1799274 5 10 15 17 27 30 32 37 42 47 49 52 59 67 70 73 76 82 87 88 93 99 102 105 108 114 119 120 125
23 107 657909 1546210 1832463 0 95484 0 0 0 178163 3 13 14 20 23 26 37 38 40 43 49 50 60 63 69 70 72 75 81 82 92 95 96 99 109 110 116 119 121
13 119 655221 1395619 612546 0 752230 0 0 0 212459 5 11 18 23 25 28 34 39 41 44 53 59 62 66 71 73 76 80 85 91 94 96 101 107 110 114 119 121 124
3 124 714569 981799 1504722 0 1349482 0 0 0 153935 3 12 15 20 23 24 27 36 40 43 48 60 63 68 71 72 75 80 83 92 95 96 99 108 111 116 119 120 123
54 65 338290 1581619 1929074 0 1901142 0 0 0 1488332 6 8 14 18 20 26 28 34 36 42 44 48 54 56 62 65 71 73 79 85 91 93 99 101 107 109 119 121 127
22 109 1560241 1667815 1381110 0 200435 0 0 0 1687268 7 9 14 18 21 27 28 33 38 40 47 51 52 58 61 65 70 72 79 83 84 90 93 96 103 105 117 123 124
26 102 172344 1989917 11578 0 1836114 0 0 0 54602 1 15 22 23 24 25 36 37 42 43 50 60 61 68 69 74 75 82 83 92 93 96 97 110 111 118 119 120 121
53 65 1103044 1987429 924640 0 1983169 0 0 0 1719307 2 8 10 20 22 28 30 36 38 48 50 56 58 69 71 77 79 81 83 89 91 97 99 105 107 117 119 125 127
51 86 2030423 1844974 1961239 0 629807 0 0 0 1483519 7 8 15 18 21 26 29 33 38 41 51 52 60 67 68 75 76 81 86 89 94 98 101 106 109 112 119 120 127
17 108 1549565 978408 1100515 0 1053136 0 0 0 395965 2 12 14 17 19 29 31 36 38 40 42 53 55 57 59 68 70 72 74 85 87 89 91 98 108 110 115 125 127
38 80 364225 425772 1737458 0 1719796 0 0 0 216812 1 6 7 8 9 14 15 34 35 36 37 42 43 44 45 80 81 86 87 88 94 95 114 115 116 117 123 124 125
32 92 2012068 1775793 714574 0 1280906 0 0 0 1886166 1 2 3 12 13 14 15 21 22 23 25 26 27 68 69 70 71 72 73 74 75 80 81 82 83 92 93 94 95
30 104 988401 386420 1584565 0 1073079 0 0 0 164736 6 7 18 19 20 42 43 44 45 56 57 62 63 74 75 76 77 88 89 94 95 96 97 102 103 114 115 116 117
22 103 299406 583510 815542 0 1476310 0 0 0 552415 6 8 14 19 21 29 33 39 41 47 50 52 58 60 65 73 79 82 84 90 92 96 102 104 110 115 117 123 125
2 120 1192818 995069 1195248 0 912543 0 0 0 183783 1 4 5 24 28 29 40 41 44 45 48 49 52 53 72 76 77 80 81 84 85 96 97 100 101 120 121 124 125
7 32 1891992 199067 1248901 0 116097 0 0 0 1379626 3 5 6 8 11 13 14 16 19 21 22 24 27 29 30 67 69 70 72 75 77 80 83 85 86 88 91 93 94
47 91 603167 601030 1963102 0 1885738 0 0 0 239937 3 9 21 22 28 31 36 39 45 46 49 50 56 59 69 70 76 79 80 83 89 90 97 98 104 107 119 125 126
32 93 341843 1304236 688775 0 1004158 0 0 0 1347586 2 5 7 9 11 12 14 17 19 20 24 26 29 31 65 67 68 70 72 74 79 80 82 85 87 89 91 92 94
52 75 871490 617434 1192991 0 1036773 0 0 0 673686 3 9 10 20 23 29 30 36 39 45 46 48 51 57 58 65 66 72 75 85 86 95 101 102 108 111 114 120 123
39 66 1998759 1070759 2012067 0 2017354 0 0 0 992785 5 8 13 16 21 24 29 33 36 41 44 49 52 57 60 67 70 75 78 83 86 94 103 106 111 114 119 122 127
63 82 1630285 1831064 424379 0 907112 0 0 0 489770 5 9 12 18 23 27 30 33 36 40 45 51 54 58 63 67 70 74 81 84 88 93 103 107 110 112 117 121 124
40 85 612550 1858158 295376 0 1959416 0 0 0 405141 2 5 17 19 20 22 42 45 47 57 59 60 62 65 67 68 70 80 82 85 87 105 107 108 110 120 122 125 127
23 73 1542597 1436690 937264 0 642453 0 0 0 839347 6 13 18 20 25 31 32 38 43 45 50 52 57 63 67 69 72 78 81 87 90 92 99 104 110 113 119 122 124
36 87 1301045 1487923 1530848 0 1023613 0 0 0 111085 3 8 11 17 18 25 26 37 38 45 46 52 55 60 63 65 66 73 74 83 88 91 103 108 111 117 118 125 126
57 88 707815 1825886 1009650 0 1158724 0 0 0 1383565 2 4 6 26 28 30 33 35 37 39 57 59 61 63 73 75 77 79 81 83 87 104 106 108 110 112 114 116 118
62 76 1397486 263459 1918241 0 39726 0 0 0 821701 1 12 13 18 19 30 34 35 46 47 48 49 60 61 70 71 74 75 84 85 89 100 101 104 105 118 119 122 123
31 36 190516 9257 1705474 0 1147522 0 0 0 1571921 3 9 10 17 18 24 27 37 38 44 47 52 55 61 62 64 67 74 81 82 88 91 101 102 108 111 116 125 126
25 98 1709985 886953 1332498 0 1966815 0 0 0 1969497 4 9 13 17 21 24 28 34 38 43 51 55 58 62 66 70 75 79 83 87 90 94 100 105 109 113 117 120 124
10 86 632797 1456593 210171 0 1611227 0 0 0 278315 1 15 20 21 26 27 32 33 47 52 53 58 59 68 69 74 75 80 81 94 95 100 101 106 107 112 113 126 127
28 71 1026570 2004873 476233 0 591614 0 0 0 2040078 3 13 14 21 22 24 27 32 35 45 46 53 54 56 59 65 66 79 84 89 90 97 98 108 111 116 119 121 122
28 107 1066759 871494 634568 0 1858451 0 0 0 31723 3 13 14 20 23 25 26 33 34 44 47 53 54 56 59 65 66 76 79 85 86 91 96 109 110 116 119 121 122
51 65 1939586 1006227 612165 0 1231622 0 0 0 79134 4 8 12 18 22 26 30 34 38 42 46 48 52 56 60 67 71 75 79 81 89 93 97 101 105 109 119 123 127
14 23 1270991 1222745 25251 0 74287 0 0 0 1939590 6 11 13 23 26 28 32 38 43 45 49 55 58 60 64 70 75 77 81 87 90 92 96 102 109 113 119 122 124
18 35 1611229 2087040 1492683 0 719212 0 0 0 2062427 4 8 12 19 23 27 33 37 41 45 50 54 58 62 64 72 76 83 87 91 95 97 101 105 109 114 118 122 126
4 120 544953 1924502 1195248 0 1354911 0 0 0 1285447 1 2 3 24 25 26 27 40 41 42 43 48 49 50 72 73 74 75 80 81 82 83 96 97 98 99 120 121 123
8 66 1009779 339938 1878797 0 1854814 0 0 0 696773 1 5 16 17 20 21 32 33 36 48 49 52 53 66 67 70 71 82 83 86 87 98 99 102 103 114 115 118 119
6 82 1680983 1870257 895508 0 1831067 0 0 0 1275246 1 8 9 22 23 30 31 32 33 40 41 54 55 62 63 70 71 78 79 81 88 89 102 103 110 112 113 120 121
53 75 1160951 283148 1604250 0 135613 0 0 0 704024 7 13 19 20 25 35 36 41 46 48 55 58 61 66 69 72 79 81 86 91 92 97 102 107 108 114 117 120 127
18 69 382870 576775 1895151 0 1523242 0 0 0 1382939 5 8 13 18 23 26 31 32 37 40 45 50 55 58 63 65 68 73 76 83 91 94 100 105 108 115 118 123 126
7 73 2032861 1108387 739457 0 1916726 0 0 0 453869 6 11 13 16 22 32 38 43 45 48 54 59 61 67 69 72 78 83 85 88 94 99 101 104 110 115 117 120 126
44 95 1976694 1825590 1220936 0 219171 0 0 0 674284 12 15 17 18 29 30 37 41 42 52 55 56 59 65 66 77 78 80 83 92 95 100 103 104 107 117 118 121 122
21 105 1992429 246543 602764 0 916399 0 0 0 2082653 2 13 20 22 25 27 37 39 40 42 49 51 60 62 69 72 74 81 83 92 94 96 98 109 111 116 118 121 123
5 107 155170 356830 1444957 0 1657069 0 0 0 34034 7 10 13 16 23 26 29 37 40 47 50 53 56 63 69 72 79 82 85 88 95 96 103 106 109 112 119 122 125
8 36 1931332 1625060 91086 0 1606376 0 0 0 1856129 1 3 16 17 18 19 36 37 38 39 52 54 55 64 65 66 67 80 81 82 83 100 101 102 103 116 117 118 119
11 81 1633844 282064 2008429 0 224685 0 0 0 973211 4 10 14 19 23 25 29 32 36 42 46 51 55 57 61 67 71 73 77 84 90 94 99 103 109 112 116 122 126
3 53 1838267 470535 237996 0 1937334 0 0 0 1701996 7 8 19 27 28 35 36 43 44 48 55 56 63 64 71 72 79 83 84 91 92 99 100 107 108 112 119 120 127
49 79 636805 1253152 818738 0 442411 0 0 0 1447191 6 10 12 19 21 25 31 35 37 41 47 48 54 58 60 66 68 72 78 81 87 91 93 97 103 107 109 114 116
10 32 105028 237650 559730 0 1644715 0 0 0 1288392 1 5 10 11 14 15 16 17 20 21 26 27 30 31 64 65 68 69 74 78 79 80 81 84 85 90 91 94 95
25 101 414703 264870 2012067 0 105024 0 0 0 196744 2 15 21 23 24 26 36 38 41 43 49 51 60 62 68 70 73 81 83 92 94 96 98 109 111 117 119 120 122
6 120 483429 1553757 1195248 0 1359044 0 0 0 1463563 1 6 7 24 25 30 31 40 41 47 48 54 55 72 73 78 79 80 81 86 87 96 97 102 103 120 121 126 127
56 72 1219257 1878771 1713108 0 325055 0 0 0 1107494 1 2 3 5 6 48 49 50 51 52 53 54 55 88 89 90 91 92 93 94 95 104 105 106 107 108 109 110 111
5 64 1078303 1468820 2051112 0 2054937 0 0 0 237650 2 5 7 8 10 13 15 16 18 21 23 24 26 29 31 32 37 39 40 42 45 47 48 50 53 56 58 61 63
1 92 1138464 1443150 1593108 0 388506 0 0 0 82291 2 12 14 20 22 24 26 32 34 44 46 52 54 56 58 68 70 74 80 82 92 100 102 104 106 112 114 124 126
5 27 990068 1079904 873743 0 1854627 0 0 0 1157331 7 10 13 21 24 31 32 39 42 45 53 56 63 64 71 74 77 82 85 88 95 96 103 106 109 114 117 120 127
26 74 992790 332668 2062757 0 1132567 0 0 0 263391 1 4 5 10 11 14 15 32 33 36 37 42 43 46 47 82 83 86 88 89 92 93 114 115 119 120 121 124 125
25 104 119843 1526714 1844973 0 1011426 0 0 0 927995 2 4 17 19 21 23 41 43 45 47 56 58 60 62 73 75 77 79 88 90 92 94 96 98 100 102 113 117 119
4 104 1911294 1238979 646194 0 1222623 0 0 0 1357271 1 2 3 16 18 40 41 42 43 56 57 58 59 72 73 74 75 88 89 90 91 96 97 98 99 112 113 114 115
21 38 301213 1476310 383467 0 451432 0 0 0 480750 7 8 15 17 22 25 30 34 37 42 45 51 52 59 60 64 71 72 79 81 89 94 98 106 109 115 116 123 124
45 73 1164787 260359 675706 0 1448595 0 0 0 558089 2 9 11 16 18 25 27 36 38 45 47 52 54 63 69 71 76 78 85 87 92 94 97 99 104 106 115 120 122
20 69 1345871 1446525 968634 0 1852121 0 0 0 200432 2 8 10 21 23 29 31 32 34 40 53 55 61 63 65 67 73 84 86 92 94 97 99 105 107 116 118 124 126
25 34 851024 821304 1476946 0 480275 0 0 0 1688475 4 13 21 24 28 34 38 43 47 51 55 58 62 64 68 73 77 81 85 88 92 98 102 107 111 115 119 122 126
40 66 1670503 1661111 1304400 0 832463 0 0 0 2060616 1 4 5 16 17 40 41 44 45 56 57 60 61 66 67 70 71 82 83 86 87 106 107 110 111 122 123 126 127
62 89 1170386 2083034 815542 0 808349 0 0 0 1591289 6 11 13 19 21 24 30 34 36 41 47 49 58 60 65 71 74 76 82 84 89 95 101 104 110 112 118 123 125
21 68 1536075 1067142 1910791 0 1909013 0 0 0 777686 2 8 10 17 19 25 27 32 34 40 42 49 51 57 59 69 71 77 84 86 92 94 101 103 109 111 116 118 124
53 74 555753 610348 587913 0 226190 0 0 0 450059 5 10 15 17 20 27 30 33 36 43 46 48 53 58 63 66 71 72 77 83 86 89 92 99 105 114 119 120 125
14 87 854730 1778501 1930808 0 1556784 0 0 0 1322759 6 11 17 23 26 28 32 38 43 45 49 55 58 60 65 74 76 80 86 91 93 97 103 106 108 112 118 123 125
9 37 873373 1086025 946605 0 1702290 0 0 0 65683 2 13 16 29 31 36 38 41 43 52 54 57 59 64 66 77 79 80 82 93 95 100 102 105 107 116 118 121 123
45 79 48894 1626962 477744 0 1315431 0 0 0 1910397 5 9 12 16 21 25 28 35 38 42 51 54 58 63 66 71 75 78 82 87 91 94 97 100 104 109 116 120 125
37 89 1551378 1895149 1439065 0 1013674 0 0 0 1067141 2 13 15 21 24 26 36 38 41 43 49 51 60 62 69 71 72 80 82 93 95 97 99 108 110 116 118 121 123
48 79 165103 2032935 1416980 0 126510 0 0 0 1957389 3 5 6 9 10 12 15 48 51 53 54 57 58 60 63 65 68 71 72 75 77 78 114 116 119 120 123 125 126
50 65 914899 909189 269059 0 497558 0 0 0 256348 4 8 12 18 22 26 30 34 38 42 46 48 52 60 65 69 73 77 87 91 95 99 103 107 111 113 117 121 125
35 74 1057880 131558 726719 0 1515530 0 0 0 99060 4 11 15 16 20 27 31 33 37 46 49 53 58 62 67 71 72 76 83 87 88 92 98 102 109 114 118 121 125
61 93 1170387 1531924 1332496 0 985813 0 0 0 1299531 2 5 7 9 11 12 14 17 19 20 22 24 26 29 31 97 99 100 102 104 106 111 112 114 117 119 123 124 126
3 89 933839 285815 873713 0 839346 0 0 0 589343 4 11 15 19 23 24 28 32 36 43 47 51 55 56 60 67 71 72 76 80 91 95 99 103 104 108 112 123 127
36 85 495879 198172 495868 0 864455 0 0 0 1213794 2 8 10 17 19 25 27 37 39 45 47 52 54 60 62 65 67 73 75 80 82 88 100 102 108 110 117 119 125
60 76 735871 343622 311757 0 1265989 0 0 0 1676470 1 2 12 13 14 15 48 49 50 51 60 62 63 84 85 86 87 88 89 90 91 100 101 102 103 104 105 106 107
3 69 1869360 571118 908922 0 99427 0 0 0 1486201 7 8 15 16 23 24 31 32 39 48 55 56 63 67 68 75 76 83 84 91 92 99 100 107 108 115 116 123 124
27 110 341678 1156949 555794 0 167419 0 0 0 1580716 7 10 13 17 22 27 28 35 36 41 46 50 53 56 63 67 68 78 82 85 88 95 96 103 106 113 118 123 124
11 116 1572267 1313863 286996 0 210183 0 0 0 1145958 3 9 10 20 23 29 30 36 39 45 46 48 51 57 58 68 71 77 78 80 83 89 96 99 105 106 116 119 126
5 114 663354 1649587 1118050 0 1260958 0 0 0 103481 5 8 13 18 23 31 34 42 47 48 53 56 61 66 71 74 79 80 85 88 93 96 101 104 109 114 119 122 127
52 82 1897673 1161588 106934 0 1588242 0 0 0 1363998 1 8 9 22 23 30 31 36 37 44 45 50 59 66 67 74 75 84 85 92 93 102 103 110 111 112 113 120 121
48 91 1729075 1955993 1142208 0 752229 0 0 0 517487 3 4 7 9 10 13 14 49 53 54 56 60 63 65 66 69 70 72 75 76 79 112 115 116 119 121 122 125 126
62 67 1212942 1746651 1828438 0 678324 0 0 0 1779153 7 11 12 19 20 24 31 35 36 40 47 48 55 59 60 65 74 77 82 85 89 94 98 101 105 110 113 122 125
39 81 706039 508090 346666 0 400782 0 0 0 1448964 6 8 14 19 21 27 29 34 42 44 49 55 57 63 67 69 75 77 80 86 94 97 103 105 111 114 116 122 124
14 51 523080 9684 1751300 0 1052172 0 0 0 687519 7 11 12 17 22 29 33 38 42 48 55 59 60 64 71 75 76 81 86 90 93 97 102 106 109 112 119 123 124
