32
0 10 25
5 9 12
3 8 18
10 8 23
1 7 24
8 7 12
6 6 2
13 6 28
4 5 25
11 5 6
18 5 5
2 4 15
9 4 17
16 4 20
0 3 1
7 3 4
14 3 1
21 3 20
5 2 9
12 2 18
19 2 9
26 2 1
3 1 26
10 1 12
17 1 26
24 1 8
31 1 10
1 0 19
8 0 21
15 0 19
22 0 27
29 0 1
32
2 10 27
0 9 25
7 9 15
5 8 18
3 7 6
10 7 16
1 6 8
8 6 22
15 6 16
6 5 11
13 5 24
4 4 5
11 4 8
18 4 2
2 3 7
9 3 5
16 3 10
23 3 14
0 2 24
7 2 14
14 2 22
21 2 4
28 2 7
5 1 1
12 1 12
19 1 1
26 1 8
3 0 26
10 0 28
17 0 28
24 0 20
31 0 1
31
4 10 20
2 9 17
0 8 6
7 8 24
5 7 19
12 7 6
3 6 14
10 6 24
1 5 13
8 5 4
15 5 5
6 4 13
13 4 12
20 4 14
4 3 8
11 3 7
18 3 4
25 3 2
2 2 2
9 2 20
23 2 16
0 1 25
7 1 15
14 1 1
21 1 27
28 1 10
5 0 26
12 0 5
19 0 22
26 0 24
33 0 1
4
1 1 17
1 4 1
1 8 15
1 8 20
