1800366342139183
1588682137110740
1392723868958702
1211724508078228
1044939249304925
891645219488000
751141185063412
622747259627024
505804611507755
399675171340732
303741339640442
217405694373884
140090698533721
71238407711432
10310177670464
-43213628080616
-89833930714969
-130033228514332
-164275889295866
-193008442839004
-216659873312299
-235641911700272
-250349328230260
-261160224799264
-268436327400797
-272523278551732
-273750929719150
-272433633747188
-268870537283887
-263345873208040
-256129253056040
-247475959448728
-237627238518241
-226810592334860
-215240071333858
-203116566742348
-190628103006131
-177950130216544
-165245816537308
-152666340631376
-140351184087781
-128428423848484
-117015024635222
-106217131376356
-96130361633719
-86840098029464
-78421780672912
-70941199587400
-64454787137129
-59009910454012
-54645163864522
-51390661316540
-49268328806203
-48292196804752
-48468692685380
-49796933150080
-52269016656493
-55870315844756
-60579769964350
-66370177300948
-73208487603263
-81056094509896
-89869127976184
-99598746701048
-110191430553841
-121589273001196
-133730273533874
-146548630093612
-159975031499971
-173936949877184
-188358933081004
-203162897125552
-218268418610165
-233593027146244
-249052497784102
-264561143439812
-280032107322055
-295377655358968
-310509468624992
-325338935767720
-339777445434745
-353736678700508
-367128901493146
-379867257021340
-391866058201163
-403041080082928
-413309852278036
-422591951385824
-430809293420413
-437886426237556
-443750821961486
-448333169411764
-451567666530127
-453392312807336
-453749201710024
-452584813107544
-449850305698817
-445501809439180
-439500717967234
-431813981031692
-422414396918227
-411280904876320
-398398877546108
-383760413385232
-367364629095685
-349217952050660
-329334412721398
-307735937104036
-284452639146455
-259523113175128
-232994726321968
-204923910951176
-175376457086089
-144427804836028
-112163336823146
-78678670609276
-44079951122779
-8484143085392
27980676560924
65175026227136
102947727250291
141135611466668
179563228784930
218042554759276
256372698162593
294339608559608
331715783880040
368259977991752
403716908273903
437816963190100
470275909861550
500794601640212
529058685681949
554738310519680
577487833636532
596945529038992
612733294830059
624456360782396
631702995911482
634044216048764
631033491414809
622206454192456
607080606099968
585155025964184
555910077293671
518807115851876
473288197230278
418775784421540
354672455392661
280360610658128
195202180853068
98538334306400
-10310815386013
-132046501788212
-267391598050990
-417090909338740
-581911465256303
