57773731423315044683
87939658625520618364
114710963170356730030
138259050712664147948
158750702535417156169
176348130677009445520
191209033058540004596
203486648611099010752
213329812403053721095
220883010767334363476
226286436428720027482
229676043631124555428
231183603264882433349
230936757994034681992
229059077383614747808
225670113026934393944
220885453672869591235
214816780353146409196
207571921509626907014
199254908121595024540
189966028833042473281
179801885079954627392
168855446217596414668
157216104647798207536
144969730946241714047
132198728989745868868
118982091083552724274
105395453088613341140
91511149548873679933
77398268818560491704
63122708189467209080
48747229018239837256
34331511853662844987
19932211563945055580
5603012464005537886
-8605316557240502708
-22644866909595833287
-36470535174295302416
-50039967976719949148
-63313506859111112032
-76254133153284538121
-88827412853344491980
-101001441488397864694
-112746788995268282876
-124036444591210217675
-134845761646623093784
-145152402557765398448
-154936283619468790472
-164179519897852209229
-172866370103035983668
-180983181461855941322
-188518334590577517316
-195462188367609863375
-201807024806219956832
-207546993927246709636
-212678058631815077360
-217197939574050168209
-221106060033791352028
-224403490789306369310
-227092894990005440204
-229178473029155373523
-230665907416593675752
-231562307651442660056
-231876155094823555288
-231617247842570614997
-230796645597945226436
-229426614544350019570
-227520572218042976084
-225093032380851538391
-222159549892886718640
-218736665585257207724
-214841851132783484288
-210493453926711923737
-205710641947428907244
-200513348637174930758
-194922217772758714012
-188958548338271309531
-182644239397800211640
-176001734968143465472
-169053968891523775976
-161824309708302616925
-154336505529694339924
-146614628910480283418
-138683021721722881700
-130566240023479773919
-122288998937517913088
-113876117520027675092
-105352463634336967696
-96742898823625339553
-88072223183638089212
-79365120235400374126
-70646101797931319660
-61939452860958128099
-53269176457630187656
-44658938537233181480
-36132012837903196664
-27711225759340833253
-19418901235525313252
-11276805607428589634
-3306092495729455348
4472752326472347673
12039966060942019504
19376564011595593220
26464394711785825888
33286195051588089559
39825645405086262260
46067424757658618986
51997265833263722692
57602010221726315285
62869663506023208616
67789450389569175472
72351869823502840568
76548750133972571539
80373304149422369932
83820184327877762198
86885537884231690684
89567061917530404625
91864058538259351136
93777489995629066204
95310033804861065680
96466137874473736271
97252075633568226532
97676001159114337858
97748004303236415476
97480165820499239437
96886612495193915608
95983572268623766664
94789429366390223080
93324779425678714123
91612484622544558844
89677728799198857070
87548072591294380396
85253508555211463177
82826516295343893520
80302117591384804276
77717931525612564032
75114229610176668103
72533990914383629524
70022957191982870042
67629688008452611108
65405615868285764869
63405101342275825160
61685488194802758496
60307158511118895064
59333587824634819715
58831400244205262956
58870423581414991942
59523744477864701468
60867763532456904961
62982250428681825472
65950399061903286668
69858882666644603824
74797908943874474815
80861275188292871108
88146423415616928754
96754495489866839380
106790388250651741181
