11474110301563
14620065572756
17471729893142
20039565817396
22333889686769
24364871629088
26142535558756
27676759176752
28977273970631
30053665214524
30915371969138
31571687081756
32031757186237
32304582703016
32399017839104
32323770588088
32087402730131
31698329831972
31164821246926
30495000114884
29696843362313
28778181702256
27746699634332
26609935444736
25375281206239
24049982778188
22641139806506
21155705723692
19600487748821
17982146887544
16307197932088
14582009461256
12812803840427
11005657221556
9166499543174
7301114530388
5415139694881
3514066334912
1603239535316
-312141832496
-2227025110537
-4136503854244
-6035817832478
-7920353027524
-9785641635091
-11627362064312
-13441338937744
-15223543091368
-16970091574589
-18677247650236
-20341420794562
-21959166697244
-23527187261383
-25042330603504
-26501591053556
-27902109154912
-29241171664369
-30516211552148
-31724808001894
-32864686410676
-33933718388987
-34929921760744
-35851460563288
-36696645047384
-37463931677221
-38151923130412
-38759368297994
-39285162284428
-39728346407599
-40088108198816
-40363781402812
-40554845977744
-40660928095193
-40681800140164
-40617380711086
-40467734619812
-40233072891619
-39913752765208
-39510277692704
-39023297339656
-38453607585037
-37802150521244
-37070014454098
-36258433902844
-35368789600151
-34402608492112
-33361563738244
-32247474711488
-31062306998209
-29808172398196
-28487328924662
-27102180804244
-25655278477003
-24149318596424
-22587144029416
-20971743856312
-19306253370869
-17593954080268
-15838273705114
-14042786179436
-12211211650687
-10347416479744
-8455413240908
-6539360721904
-4603563923881
-2652474061412
-690688562494
1277048931452
3245848565581
5210674271624
7166343767888
9107528559256
11028753937187
12924398979716
14788696551454
16615733303588
18399449673881
20133639886672
21811951952876
23427887669984
24974802622063
26445906179756
27834261500282
29132785527436
30334248991589
31431276409688
32416346085256
33281790108392
34019794355771
34622398490644
35081495962838
35388834008756
35536013651377
35514489700256
35315570751524
34930419187888
34350051178631
33565336679612
32566999433266
31345616968604
29891620601213
28195295433256
26246780353472
24036068037176
21553004946259
18787291329188
15728481221006
12365982443332
8689056604361
4686819098864
348239108188
-4337860399744
-9382802670433
-14798057162804
-20595239549206
-26786111715412
-33382581760619
