-77980116848174226413
-20477234249890820332
30284536451135137598
74694989907997432228
113131786450745471057
145960617468241957208
173535370790020562404
196198296068143599944
214280170159059697679
228100462505461470988
237967500518143195754
244178634957858481340
247020405317177943565
246768705202346877680
243688947715142931344
238036230834733777600
230055502799534787851
219981727489066704836
208040049805813315606
194445961057079124500
179405464336847026121
163115239907635978312
145762810582358675132
127526707106179219832
108576633538370797831
89073632634173349692
69170251226651244098
49010705608550950828
28731046914158713733
8459326501158223712
-11684238667511708312
-31587100641799478416
-51144215102683016701
-70257875980312114316
-88837550072150750482
-106799711661119419516
-124067677133737457855
-140571439598265371080
-156247503502847160940
-171038719253652652376
-184894117833019820545
-197768745417597117844
-209623497996485800934
-220424955989382257764
-230145218864720334595
-238761739757813663024
-246257160088997987008
-252619144181773489888
-257840213880947121413
-261917583170774924764
-264852992793104363578
-266652544865516648972
-267326537499469066567
-266889299418437303512
-265359024576057775508
-262757606774269953832
-259110474281458692361
-254446424450596554596
-248797458337386140686
-242198615318402414452
-234687807709235030411
-226305655382630660800
-217095320386635322600
-207102341562736704560
-196374469164006494221
-184961499473242704940
-172915109421112002914
-160288691204292034204
-147137186903613751759
-133516923102203742440
-119485445503626554044
-105101353550027022328
-90424135040272598033
-75514000748095673908
-60431719040235911734
-45238450494582569348
-29995582518316827667
-14764563966054117712
393260242013552368
15416814501975270272
30245457908058892523
44819149634488717444
59078614317343158134
72965507436412415444
86422580697056150953
99393847412061159944
111824747883499044380
123662314784583885880
134855338541529918695
145354532715409202684
155112699384009296290
164084894523690929516
172228593391245676901
179503855905753630496
185873492030441072840
191303227154538149936
195761867475136544227
199221465379047147572
201657484824657734222
203048966723790633796
203378694323560404257
202633358588231504888
200803723581075969268
197884791846231078248
193875969790557032927
188781233065494627628
182609291948922922874
175373756727016918364
167093303076105225949
157791837444527742608
147498662434493323424
136248642183937454560
124082367748379926235
111046322482782505700
97193047423406610214
82581306669670980020
67276252766009351321
51349592083728129256
34879750202864060876
17952037294041908120
658813500332120791
-16900345680891490468
-34618484016094081198
-52381099153722100148
-70065977242345616299
-87543027548800645888
-104674117076331479432
-121312905182733008752
-137304678198493053997
-152486184044934690668
-166685466852358576642
-179721701578185279196
-191405028625097602031
-201536388459182912296
-209907356228075467612
-216299976379098743096
-220486597277407758385
-222229705824131404660
-221281762074514771670
-217385033856061474756
-210271431386675981875
-199662341892805940624
-185268464227584505264
-166789643488972663744
-143914705637901564725
-116321292116414844604
-83675694465810954538
-45632688944785487468
-1835371147573505143
48085009377908134856
104509214511918452092
167830182944750016248
238453195558586620103
316796040809360952508
403289180108612271362
498375913205344076588
602512543567881783109
