261064911846145511377
236808451343759364524
213999140303975253962
192576978402168010204
172483506771001291835
153661789624665621848
136056395883116423980
119613380796312059048
104280267568451861285
90006028982214174676
76741069022994389294
64437204503142977636
53047646686203530959
42526982911150795616
32831158216628709392
23917456965188437840
15744484467526410617
8272148606722357820
1461641462477346322
-4724579064648183892
-10322807628996383389
-15368109815573956952
-19894340515814127244
-23934162303338598472
-27519063809719520051
-30679378100241450268
-33444301049663319946
-35841909717980396108
-37899180726186245641
-39642008632034698960
-41095224305801813672
-42282613306047838240
-43226934255379175647
-43949937216210347060
-44472382066525955494
-44814056875642649476
-44993796279971086709
-45029499858777897736
-44938150509947649604
-44735832825744809528
-44437751468575708555
-44058249546750505228
-43610826990245149250
-43108158926463345148
-42562114055998515937
-41983773028395766784
-41383446817913848672
-40770695099287122064
-40154344623487520567
-39542507593486514596
-38942600040017075038
-38361360197335636916
-37804866878984063053
-37278557853551607736
-36787248220436880380
-36335148785609809192
-35925884437373604835
-35562512522126724092
-35247541220124833530
-34982947921242773164
-34770197600736520121
-34610261195005152304
-34503633977352812056
-34450353933750669824
-34450020138598887823
-34501811130488583700
-34604503287963794198
-34756489205283438820
-34955796068183283493
-35200104029637904232
-35486764585622650804
-35812818950875610392
-36175016434659571259
-36569832816523986412
-36993488722066937266
-37441967998697097308
-37911036091395695761
-38396258418478481248
-38893018747357685456
-39396537570303986800
-39901890480208474087
-40404026546344610180
-40897786690130195662
-41377922060889332500
-41839112411614387709
-42275984474727957016
-42683130337844828524
-43055125819533946376
-43386548845080374419
-43671997822247259868
-43906110017037796970
-44083579929457190668
-44199177669274620265
-44247767331785203088
-44224325373571958152
-44123958988267769824
-43941924482317351487
-43673645650739209204
-43314732152887605382
-42860997888214522436
-42308479372031626453
-41653454111272230856
-40892458980253260068
-40022308596437213176
-39040113696194127595
-37943299510563542732
-36729624141016463650
-35397196935217324732
-33944496862785953345
-32370390891059533504
-30674152360854569536
-28855479362228849744
-26914513110243410071
-24851856320724497764
-22668591586025535038
-20366299750789082740
-17947078287708804013
-15413559673291427960
-12768929763618713308
-10016946170109412072
-7161956635281233219
-4208917408512806332
-1163411621805645274
1968332334453888148
5179422435732620519
8462284647588603152
11808644549909148424
15209508961148866112
18655147562567699729
22135074522468962860
25638030120437375498
29151962371577100380
32664008650749779323
36160477316812569560
39626829336856180076
43047659910442907944
46406680093844674661
49686698424281062484
52869602544157350766
55936340825302552292
58866903993207449615
61640306751262631392
64234569404996528720
66626699486313451472
68792673377731624633
70707417936621224636
72344792119442415698
73677568605983386156
74677415423598384803
75314877571445757224
75559358644725982132
75379102458919707704
74741174674025787917
73611444418799318884
71954565914989675190
69733960101578546228
66911796259017972535
