-886525184477023
-709988716281740
-548724665777918
-401966003360716
-268967923865741
-149007554142200
-41383660626052
54583643086840
139553188667557
214163045480972
279030813012598
334753913295436
381909883336823
421056667545280
452732910157360
477458247664496
495733601239849
508041469165156
514846219257578
516594381296548
513714939450619
506619624704312
495703207284964
481343789089576
463903096111661
443726770868092
421144664825950
396471130829372
370005315526399
342031451795824
312819151174040
282623696281888
251686333251505
220234564153172
188482439422162
156630850285588
124867821189251
93368802224488
62296961555020
31803477843800
2027832679861
-26901896994836
-54868746458554
-81766570782932
-107499752406137
-131982908706016
-155140599573248
-176907034984496
-197225782575559
-216049475214524
-233339518574918
-249065798708860
-263206389620213
-275747260837736
-286681984988236
-296011445369720
-303743543524547
-309892906812580
-314480595984338
-317533812754148
-319085607373297
-319174586203184
-317844619288472
-315144547930240
-311127892259135
-305852558808524
-299380548087646
-291777662154764
-283113212190317
-273459726070072
-262892655938276
-251490085780808
-239332438998331
-226502185979444
-213083551673834
-199162223165428
-184825057245545
-170159787986048
-155254734312496
-140198507577296
-125079719132855
-109986687904732
-95007147964790
-80227956104348
-65734799407333
-51611902823432
-37941736741244
-24804724561432
-12278950269875
-439866010820
10640000339966
20891337602044
30248343717151
38649018176048
46035454445368
52354132394464
57556210722257
61597819384084
64440352018546
66050758374356
66401836737187
65472526356520
63248199872492
59720955742744
54889910669269
48761492025260
41349730281958
32676551435500
22772069433767
11674878603232
-567653924192
-13899095784304
-28253656953767
-43555897323260
-59720434270630
-76651650234044
-94243400285141
-112378719702184
-130929531543212
-149756354219192
-168708009067171
-187621327923428
-206320860696626
-224618582940964
-242313603429329
-259191871726448
-275025885762040
-289574399403968
-302582130031391
-313779466107916
-322882174754750
-329591109323852
-333591916971085
-334554746229368
-332133954581828
-325967816034952
-315678228691739
-300870422324852
-281132665949770
-256035975397940
-225133820889929
-187961834608576
-144037518272144
-92859950707472
-33909495423127
33352491817444
109483955422762
195062432400164
290685344782651
396970292055736
514555343584292
644099331039400
786282140825197
941805006505724
1111390801231774
1295784330167740
1495752622918463
