342155097408859380191
345981682875557976772
346963690584063075838
345315211873110323876
341242828130257474237
334945721046456169120
326615782870623721556
316437726664214897392
304589196555793697275
291240877995605138636
276556608010147037674
260693485456741791340
243801981278108159321
226026048756933046024
207503233770443282560
188364785044977408728
168735764410557454999
148735157055460724500
128475981780791574998
108065401255053200884
87604832268719415157
67190055988806431408
46911328213444645804
26853489626450419072
7096076051897858483
-12286571291309400164
-31225195534866410558
-49655513906495133892
-67518107475372656879
-84758310897559409768
-101326102161427384360
-117175992333088352024
-132266915301822081713
-146562117525504557980
-160029047776036198994
-172639246884770074556
-184368237487940124115
-195195413772089374784
-205103931219498159356
-214080596353612334320
-222115756484471497877
-229203189454137207956
-235339993382121200230
-240526476410813606132
-244766046450911170871
-248065100926845471448
-250432916522211134672
-251881538925194055176
-252425672573999613433
-252082570402280893772
-250871923584566902394
-248815751281690785388
-245938290386218046747
-242265885267874766384
-237826877518975818148
-232651495699853087840
-226771745084283691229
-220221297404918192068
-213035380598708820110
-205250668552337689124
-196905170847645014911
-188038122507057333320
-178689873739015718264
-168901779683403999736
-158716090156976981825
-148175839398788660732
-137324735815620442786
-126207051727409362460
-114867513112676300387
-103351189353954201376
-91703382983216292428
-79969519427304300752
-68195036753356671781
-56425275414236787188
-44705367993961182902
-33080128953127767124
-21593944374344038343
-10290661707655303352
786520484027104736
11595162779497608472
22093695153828168055
32241527232940063316
41999158548175675702
51328288790870270260
60191928066923777621
68554507151372575984
76381987742961273100
83641972718714488256
90303816388508634259
96338734749643699420
101719915741415029538
106422629499685109884
110424338611455347185
113704808369437851608
116246217026627218744
118033266050872311592
119053290379448042543
119296368673627155364
118755433573252007182
117426381951306350468
115308185168487115021
112402999327776189952
108716275529012205668
104256870123462315856
99037154968393979467
93073127681646742700
86384521896204020986
78994917514764880972
70931850964315822505
62226925450702560616
52915921213201807504
43038905779093054520
32640344218230354151
21769209397614102004
10479092235962818790
-1171688041715067692
-13119973649549440571
-25297657986236711920
-37631575380468040772
-50043390836357551136
-62449489778870550013
-74760867799251745412
-86883020400453464366
-98715832742563870948
-110153469388235184287
-121084264048111896584
-131390609326258991128
-140948846465590160312
-149629155093296023649
-157295442966272345788
-163805235716548254530
-169009566596714458844
-172752866225351466883
-174872852332457804000
-175200419504878230764
-173559528931731960976
-169767098149840879685
-163632890789157761204
-154959406318194487126
-143541769789450264340
-129167621584839843047
-111617007161121734776
-90662266795326430400
-66067925330184618152
-37590581919555401641
-4978799773854517868
32027004094517444758
73694669125746828404
120300401467178687797
172128884227888572208
229473387733254307436
292635879779527777792
361927135888406708083
437666849561606445596
520183742535431742082
609815675035348535740
706909756030555733201
