1092944591345425
935677444070348
792380844711890
662310560924428
544744584802787
438982840455392
344346891577420
260179649023952
185845078383125
120727907549284
64233334296134
15786733849892
-25166633537561
-59161915015528
-86714957561344
-108322600407224
-124462967467111
-135595759763524
-142162547854406
-144587064259972
-143275495889557
-138616776468464
-130982878964812
-120729108016384
-108194392357475
-93701577245740
-77557716889042
-60054366872300
-41467876584337
-22059681644728
-2076596330648
18248893996280
38698340463137
59067038258860
79163734207394
98810334340844
117841611472627
136104912770624
153459867330332
169778093748016
184942907693861
198849029485124
211402291659286
222519346547204
232127373846263
240163788193528
246575946738896
251320856718248
254364883026601
255683455791260
255260777944970
253089532799068
249170591616635
243512721185648
236132291392132
227052982793312
216305494190765
203927250203572
189962108841470
174460069078004
157476978423679
139074240499112
119318522608184
98281463311192
76039379998001
52672976461196
28267050469234
2910201339596
-23305462488061
-50284615878752
-77929009429012
-106137761893744
-134807652613067
-163833413939164
-193108023663130
-222522997441820
-251968681224697
-281334543680680
-310509468624992
-339382047446008
-367840871532103
-395774824698500
-423073375614118
-449626870228420
-475326824198261
-500066215314736
-523739775930028
-546244285384256
-567478862432323
-587345257670764
-605748145964594
-622595418874156
-637798477081969
-651272522819576
-662936852294392
-672715148116552
-680535771725759
-686332055818132
-690042596773054
-691611547080020
-690988907765485
-688130820819712
-682999861623620
-675565331375632
-665803549518523
-653698146166268
-639240354530890
-622429303349308
-603272309310185
-581785169480776
-557992453733776
-531927797174168
-503634192566071
-473164282759588
-440580653117654
-405956123942884
-369374042904421
-330928577464784
-290725007306716
-248880016760032
-205521987228467
-160791289616524
-114840576756322
-67835075834444
-19952880818785
28614755114600
77663127154648
126973786428440
176314247574353
225437696315212
274082697031442
321972900334220
368816750638627
414307193736800
458121384371084
499920393807184
539348917407317
576034982203364
609589654470022
639606747297956
665662528166951
687315426519064
704105741331776
715555348691144
721167409364953
720426076375868
712796202574586
697723048212988
674631988517291
642928221261200
601996474339060
551200713339008
489883849116125
417367445365588
332951426195822
235913783701652
125510285537455
