668345311139490810371
599993215186137974572
535925570387638917262
475962375770118129980
419928254731566588481
367652399914555861744
318968518078952220980
273714774974630748640
231733740214189447423
192872332145663349284
156981762725238624442
123917482389966690388
93539124930478320893
65710452363697755016
40299299805556806112
17177520343708970840
-3779070089756461829
-22690747845600301604
-39673936684719347866
-54841262905432280660
-68301610470765551687
-80160176135739275296
-90518524574653119476
-99474643508372196848
-107122998831612955657
-113554589740229070764
-118857003858497334638
-123114472366403548348
-126407925126928412555
-128815045813333418504
-130410327036446739016
-131265125471949119480
-131447716987659768845
-131023351770822250612
-130054309455390373826
-128599954249314084068
-126716790061825354447
-124458515630724076592
-121876079649663951644
-119017735895438381248
-115929098355266358545
-112653196354078359164
-109230529681802232214
-105699123720649091276
-102094584572399205395
-98450154185687890072
-94796765483291398256
-91163097489412811336
-87575630456967930133
-84058700994871165892
-80634557195321431274
-77323413761088031348
-74143507132796554583
-71111150616214763840
-68240789509538487364
-65545056230677509776
-63034825444541463065
-60719269190325717580
-58605912008797273022
-56700686069580649436
-55007986298443778203
-53530725504583893032
-52270389507913420952
-51227092266345873304
-50399631003081736733
-49785541333894364180
-49381152394415865874
-49181641967423000324
-49181091610123065311
-49372541781439788880
-49748046969299220332
-50298730817915621216
-51014841255077356321
-51885805619432784668
-52900285787776150502
-54046233302333474284
-55310944498048443683
-56681115629868304568
-58142898000029752000
-59681953085344821224
-61283507664486778661
-62932408945276012900
-64613179691965925690
-66310073352528822932
-68007129185941805671
-69688227389472661088
-71337144225965753492
-72937607151127915312
-74473349940814338089
-75928167818314463468
-77285972581637874190
-78530847730800185084
-79647103595108934059
-80619332460449473096
-81432463696570859240
-82071818884371745592
-82523166943186272301
-82772779258069957556
-82807484807085588578
-82614725288589112612
-82182610248515527919
-81499972207664774768
-80556421788987626428
-79342402844871580160
-77849247584426748209
-76069231700771748796
-73995629498319597110
-71622769020063596300
-68946087174863228467
-65962184864730045656
-62668882112113560848
-59065273187187138952
-55151781735133887797
-50930215903432549124
-46403823469143389578
-41577346966194091700
-36457078812665644919
-31050916438078236544
-25368417410677142756
-19420854564718619600
-13221271127755793977
-6784535847924554636
-127398121229443166
6731456881170455012
13771353085675619653
20969568388960204696
28301279530686147272
35739506966217276712
43255059739333423555
50816480354944528556
58389989651804751694
65939431675226581180
73426218549794942465
80809275352081307248
88044984983357802484
95087133042311319392
101886852697757622463
108392569561355458468
114549946560320665466
120301828810140281812
125588188487286655165
130346069701931551496
134509533370660264096
138009602089185722584
140774205005062601915
142728122690401431388
143792932014582703654
143886951016970983724
142925183779629017977
140819265300031843168
137477406363780895436
132804338417318119312
126701258440640076727
119065773820012056020
109791847220682180946
98769741459595519684
85885964378108193845
