-1739706783015305
-1501941848042065
-1216635394417294
-889761312285005
-527032299415849
-133904197840681
284419669515874
722984162201855
1177077985604399
1642229354316175
2114201655501818
2588989112264363
3062812447011679
3532114544822903
3993556116814874
4444011363508567
4880563638195527
5300501110304303
5701312428766882
6080682385385123
6436487578197191
6766792074843991
7069843075935602
7344066578417711
7588063038938047
7800603037212815
7980622939393130
8127220561431451
8239650832448015
8317321458097271
8359788583934314
8366752458781319
8338053098093975
8273665947327919
8173697545305170
8038381187580563
7868072589808183
7663245551107799
7424487617431298
7152495744929119
6848071963316687
6512119039240847
6145636139646298
5749714495142027
5325533063367743
4874354192360311
4397519283920186
3896444456977847
3372616210960231
2827587089157167
2262971342087810
1680440590867075
1081719490572071
468581393608535
-157155986922734
-793634913859441
-1438961962611361
-2091212357793905
-2748434309861686
-3408653351742085
-4069876675468817
-4730097468815497
-5387299251929206
-6039460213964057
-6684557549714761
-7320571796250193
-7945491169546958
-8557315901122957
-9154062574670953
-9733768462692137
-10294495863129694
-10834336436002369
-11351415540038033
-11843896569307249
-12309985289856838
-12747934176343445
-13156046748667105
-13532681908604809
-13876258276444070
-14185258527616489
-14458233729331321
-14693807677209041
-14890681231914910
-15047636655792541
-15163541949497465
-15237355188630697
-15268128860372302
-15255014200114961
-15197265528097537
-15094244586038641
-14945424873770198
-14750395985871013
-14508867948300337
-14220675555031433
-13885782704685142
-13504286737163449
-13076422770283049
-12602568036408913
-12083246219087854
-11519131789682093
-10911054344002825
-10260002938943785
-9567130429114814
-8833757803475425
-8061378521968369
-7251662852153201
-6406462205839846
-5527813475722165
-4617943372011521
-3679272759070345
-2714420992045702
-1726210253502857
-717669890058841
307959250983983
1347220485004354
2396436953428547
3451707287096807
4508901269629783
5563655500794962
6611369059873103
7647199169024671
8666056856656271
9662602620787082
10631242092415291
11566121698884527
12461124327250295
13309864987646410
14105686476651431
14841655040655095
15510556039224751
16104889608471794
16616866324418099
17038402866362455
17361117680246999
17576326642023650
17675038721020543
17647951643308463
17485447555067279
17177588685952378
16714113012461099
16084429921299167
15277615872747127
14282410064026778
13087210092667607
11680067619873223
10048684033887791
8180406113362466
6062221690721827
3680755315530311
1022263917858647
-1927367528349710
-5182630341912145
-8758396471040449
-12669922829974385
-16932855635615254
-21563234744159461
-26577497987732081
