85885964378108193845
98769741459595519684
109791847220682180946
119065773820012056020
126701258440640076727
132804338417318119312
137477406363780895436
140819265300031843168
142925183779629017977
143886951016970983724
143792932014582703654
142728122690401431388
140774205005062601915
138009602089185722584
134509533370660264096
130346069701931551496
125588188487286655165
120301828810140281812
114549946560320665466
108392569561355458468
101886852697757622463
95087133042311319392
88044984983357802484
80809275352081307248
73426218549794942465
65939431675226581180
58389989651804751694
50816480354944528556
43255059739333423555
35739506966217276712
28301279530686147272
20969568388960204696
13771353085675619653
6731456881170455012
-127398121229443166
-6784535847924554636
-13221271127755793977
-19420854564718619600
-25368417410677142756
-31050916438078236544
-36457078812665644919
-41577346966194091700
-46403823469143389578
-50930215903432549124
-55151781735133887797
-59065273187187138952
-62668882112113560848
-65962184864730045656
-68946087174863228467
-71622769020063596300
-73995629498319597110
-76069231700771748796
-77849247584426748209
-79342402844871580160
-80556421788987626428
-81499972207664774768
-82182610248515527919
-82614725288589112612
-82807484807085588578
-82772779258069957556
-82523166943186272301
-82071818884371745592
-81432463696570859240
-80619332460449473096
-79647103595108934059
-78530847730800185084
-77285972581637874190
-75928167818314463468
-74473349940814338089
-72937607151127915312
-71337144225965753492
-69688227389472661088
-68007129185941805671
-66310073352528822932
-64613179691965925690
-62932408945276012900
-61283507664486778661
-59681953085344821224
-58142898000029752000
-56681115629868304568
-55310944498048443683
-54046233302333474284
-52900285787776150502
-51885805619432784668
-51014841255077356321
-50298730817915621216
-49748046969299220332
-49372541781439788880
-49181091610123065311
-49181641967423000324
-49381152394415865874
-49785541333894364180
-50399631003081736733
-51227092266345873304
-52270389507913420952
-53530725504583893032
-55007986298443778203
-56700686069580649436
-58605912008797273022
-60719269190325717580
-63034825444541463065
-65545056230677509776
-68240789509538487364
-71111150616214763840
-74143507132796554583
-77323413761088031348
-80634557195321431274
-84058700994871165892
-87575630456967930133
-91163097489412811336
-94796765483291398256
-98450154185687890072
-102094584572399205395
-105699123720649091276
-109230529681802232214
-112653196354078359164
-115929098355266358545
-119017735895438381248
-121876079649663951644
-124458515630724076592
-126716790061825354447
-128599954249314084068
-130054309455390373826
-131023351770822250612
-131447716987659768845
-131265125471949119480
-130410327036446739016
-128815045813333418504
-126407925126928412555
-123114472366403548348
-118857003858497334638
-113554589740229070764
-107122998831612955657
-99474643508372196848
-90518524574653119476
-80160176135739275296
-68301610470765551687
-54841262905432280660
-39673936684719347866
-22690747845600301604
-3779070089756461829
17177520343708970840
40299299805556806112
65710452363697755016
93539124930478320893
123917482389966690388
156981762725238624442
192872332145663349284
231733740214189447423
273714774974630748640
318968518078952220980
367652399914555861744
419928254731566588481
475962375770118129980
535925570387638917262
599993215186137974572
668345311139490810371
