49971040427752384213
52092391438316485172
53666144622922453202
54734567686843005028
55338268196625768503
55516221143736228104
55305796508200670428
54742786822249129688
53861434733958333209
52694460570894646924
51273089903757020870
49627081110019934684
47784752937576343099
45773012068380621440
43617380682091511120
41342024019715065136
38969777947247593565
36522176519318609060
34019479542833772346
31480700140617837716
28923632315057598527
26364878511744832696
23819877183119248196
21302930352111428552
18827231175785778337
16404891508983468668
14046969467965382702
11763496994055061132
9563507417281647683
7455063020022834608
5445282600647808184
3540369037160194208
1745636850841003493
65539769891577364
-1496301706923466846
-2937072746633290300
-4254736618417887161
-5448007129965139096
-6516321063827869780
-7459810613780899400
-8279275821178099159
-8976157011309445780
-9552507229758076010
-10010964678757341124
-10354725153547861429
-10587514478734580768
-10713560944643821024
-10737567743680336624
-10664685406684369043
-10500484239288701308
-10250926758275712502
-9922340127934432268
-9521388596417595313
-9055045932098695912
-8530567859929042412
-7955464497794811736
-7337472792874103887
-6684528957993996452
-6004740907987599106
-5306360696051108116
-4597756950100860845
-3887387309130390256
-3183770859567479416
-2495460571631216000
-1831015735689046795
-1198974398613832204
-607825800140900750
-65982809225103580
418245639602131031
836682109875743176
1181308226839986812
1444292241091375256
1618016592221626681
1695105472460609612
1668452390319288422
1531247734232668828
1277006336202743387
899595035441436992
393260242013552368
-247344499520284432
-1027130946460678531
-1950548594326520732
-3021557113212042022
-4243598784143868076
-5619570935438073761
-7151798379057237640
-8842005846967496476
-10691290427495599736
-12700094001685964095
-14868175679657727940
-17194584236961805874
-19677630550937943220
-22314860037071770525
-25103025085351858064
-28038057496626770344
-31115040918962120608
-34328183283997625339
-37670789243304158764
-41135232604740807358
-44712928768811924348
-48394307165024184217
-52168783688243637208
-56024733135052763828
-59949461640107529352
-63929179112494438327
-67948971672087589076
-71992774085905728202
-76043342204469305092
-80082225398157526421
-84089738993565410656
-88044936709860842560
-91925583095141627696
-95708125962792546931
-99367668827842410940
-102877943343321114710
-106211281736616692044
-109338589245832370065
-112229316556143623720
-114851432236155230284
-117171395174258323864
-119154127014987449903
-120762984595377619684
-121959732381321364834
-122704514903925791828
-122955829195869636493
-122670497227760318512
-121803638344490995928
-120308641701597619648
-118137138701615987947
-115238975430438800972
-111562185093672715246
-107052960452995398172
-101655626262512582537
-95312611705115121016
-87964422828836040676
-79549614983207597480
-70004765255618330791
-59264444907670117876
-47261191811535228410
-33925482886313378980
-19185706534388787589
-2968135077787228160
14803102805466914960
34206049644993592496
55320946741700035741
78230261731423702052
103018716148575220346
129773312989781336596
158583364277527859327
189540518623802605112
222738788793738344068
258274579269255745352
296246713812706322657
336756463030515379708
379907571936824955758
425806287517136771084
474561386291955172483
