57065843621390929
48968352376160909
41479425561797438
34571419485040897
28217418012711353
22391223898441427
17067350109409162
12221011153070891
7828114403894105
3865251430090321
309689320347950
-2860637989434835
-5667138389417231
-8130570269082937
-10271051190507286
-12108066561624377
-13660478309494207
-14946533553569803
-15983873278964354
-16789541009718343
-17379991482066679
-17771099317705829
-17978167697060950
-18015937032553021
-17898593641865975
-17639778421213831
-17252595518607826
-16749621007123547
-16142911558168063
-15444013114747057
-14663969564731958
-13813331414127073
-12902164460336719
-11940058465432355
-10936135829419714
-9899060263505935
-8837045463366695
-7757863782413341
-6668854905060022
-5576934519990821
-4488602993426887
-3409954042393567
-2346683407987538
-1304097528643939
-287122213403503
699688684820311
1652144595974186
2566409559597815
3438993551556769
4266743810775365
5046836165969534
5776766362379689
6454341388503593
7077670802829227
7645158060567658
8155491840385907
8607637371139817
9000827758606921
9334555312219310
9608562871796501
9822835134278305
9977589980457695
10073269801713674
10110532826744143
10090244448298769
10013468549911853
9881458832635198
9695650141770977
9457649793604601
9169228902137587
8832313705820426
8448976894285451
8021428935079705
7552009400397809
7043178293814830
6497507377019149
5917671496545329
5306439910506983
4666667615329642
4001286672483623
3313297535216897
2605760375287957
1881786409698686
1144529227427225
397176116160841
-357060610971205
-1114952288664790
-1873262572708061
-2628756113248567
-3378207228060391
-4118408575811282
-4846179829329787
-5558376348872383
-6251897855390609
-6923697103798198
-7570788556238209
-8190257055350159
-8779266497537155
-9335068506233026
-9855011105169455
-10336547391643111
-10777244209782781
-11174790823816502
-11527007591338693
-11831854636577287
-12087440523660863
-12292030929885778
-12444057318983299
-12542125614386735
-12585024872498569
-12571735955957590
-12501440206906025
-12373528120256671
-12187608016960027
-11943514717271426
-11641318214018167
-11281332345866647
-10864123470589493
-10390519138332694
-9861616764882733
-9278792304933719
-8643708925354519
-7958325678455890
-7224906175257611
-6446027258755615
-5624587677189121
-4763816757307766
-3867283077638737
-2938903141753903
-1982950051536947
-1004062180450498
-7251846803263
1002086012982841
2018165171105555
3034799435115146
4045393974647275
5042936648155865
6019989329645969
6968679235406638
7880690250743789
8747254256713073
9559142456852743
10306656703916522
10979620826606471
11567371956305857
12058751853812021
12442098236069246
12705236102901625
12835469063745929
12819570664384475
12643775713677994
12293771610298499
11754689669462153
11011096449662137
10046985079401518
8845766583926117
7390261211957377
