-581911465256303
-417090909338740
-267391598050990
-132046501788212
-10310815386013
98538334306400
195202180853068
280360610658128
354672455392661
418775784421540
473288197230278
518807115851876
555910077293671
585155025964184
607080606099968
622206454192456
631033491414809
634044216048764
631702995911482
624456360782396
612733294830059
596945529038992
577487833636532
554738310519680
529058685681949
500794601640212
470275909861550
437816963190100
403716908273903
368259977991752
331715783880040
294339608559608
256372698162593
218042554759276
179563228784930
141135611466668
102947727250291
65175026227136
27980676560924
-8484143085392
-44079951122779
-78678670609276
-112163336823146
-144427804836028
-175376457086089
-204923910951176
-232994726321968
-259523113175128
-284452639146455
-307735937104036
-329334412721398
-349217952050660
-367364629095685
-383760413385232
-398398877546108
-411280904876320
-422414396918227
-431813981031692
-439500717967234
-445501809439180
-449850305698817
-452584813107544
-453749201710024
-453392312807336
-451567666530127
-448333169411764
-443750821961486
-437886426237556
-430809293420413
-422591951385824
-413309852278036
-403041080082928
-391866058201163
-379867257021340
-367128901493146
-353736678700508
-339777445434745
-325338935767720
-310509468624992
-295377655358968
-280032107322055
-264561143439812
-249052497784102
-233593027146244
-218268418610165
-203162897125552
-188358933081004
-173936949877184
-159975031499971
-146548630093612
-133730273533874
-121589273001196
-110191430553841
-99598746701048
-89869127976184
-81056094509896
-73208487603263
-66370177300948
-60579769964350
-55870315844756
-52269016656493
-49796933150080
-48468692685380
-48292196804752
-49268328806203
-51390661316540
-54645163864522
-59009910454012
-64454787137129
-70941199587400
-78421780672912
-86840098029464
-96130361633719
-106217131376356
-117015024635222
-128428423848484
-140351184087781
-152666340631376
-165245816537308
-177950130216544
-190628103006131
-203116566742348
-215240071333858
-226810592334860
-237627238518241
-247475959448728
-256129253056040
-263345873208040
-268870537283887
-272433633747188
-273750929719150
-272523278551732
-268436327400797
-261160224799264
-250349328230260
-235641911700272
-216659873312299
-193008442839004
-164275889295866
-130033228514332
-89833930714969
-43213628080616
10310177670464
71238407711432
140090698533721
217405694373884
303741339640442
399675171340732
505804611507755
622747259627024
751141185063412
891645219488000
1044939249304925
1211724508078228
1392723868958702
1588682137110740
1800366342139183
