125510285537455
235913783701652
332951426195822
417367445365588
489883849116125
551200713339008
601996474339060
642928221261200
674631988517291
697723048212988
712796202574586
720426076375868
721167409364953
715555348691144
704105741331776
687315426519064
665662528166951
639606747297956
609589654470022
576034982203364
539348917407317
499920393807184
458121384371084
414307193736800
368816750638627
321972900334220
274082697031442
225437696315212
176314247574353
126973786428440
77663127154648
28614755114600
-19952880818785
-67835075834444
-114840576756322
-160791289616524
-205521987228467
-248880016760032
-290725007306716
-330928577464784
-369374042904421
-405956123942884
-440580653117654
-473164282759588
-503634192566071
-531927797174168
-557992453733776
-581785169480776
-603272309310185
-622429303349308
-639240354530890
-653698146166268
-665803549518523
-675565331375632
-682999861623620
-688130820819712
-690988907765485
-691611547080020
-690042596773054
-686332055818132
-680535771725759
-672715148116552
-662936852294392
-651272522819576
-637798477081969
-622595418874156
-605748145964594
-587345257670764
-567478862432323
-546244285384256
-523739775930028
-500066215314736
-475326824198261
-449626870228420
-423073375614118
-395774824698500
-367840871532103
-339382047446008
-310509468624992
-281334543680680
-251968681224697
-222522997441820
-193108023663130
-163833413939164
-134807652613067
-106137761893744
-77929009429012
-50284615878752
-23305462488061
2910201339596
28267050469234
52672976461196
76039379998001
98281463311192
119318522608184
139074240499112
157476978423679
174460069078004
189962108841470
203927250203572
216305494190765
227052982793312
236132291392132
243512721185648
249170591616635
253089532799068
255260777944970
255683455791260
254364883026601
251320856718248
246575946738896
240163788193528
232127373846263
222519346547204
211402291659286
198849029485124
184942907693861
169778093748016
153459867330332
136104912770624
117841611472627
98810334340844
79163734207394
59067038258860
38698340463137
18248893996280
-2076596330648
-22059681644728
-41467876584337
-60054366872300
-77557716889042
-93701577245740
-108194392357475
-120729108016384
-130982878964812
-138616776468464
-143275495889557
-144587064259972
-142162547854406
-135595759763524
-124462967467111
-108322600407224
-86714957561344
-59161915015528
-25166633537561
15786733849892
64233334296134
120727907549284
185845078383125
260179649023952
344346891577420
438982840455392
544744584802787
662310560924428
792380844711890
935677444070348
1092944591345425
