434191330734430181185
371873958542486247764
314219596158090663698
261023583518786845684
212086319632123463459
167213207448368548808
126214598733223604572
88905738940537713656
55106712085021648037
24642385614961977772
-2657644715064819994
-26959109971478252020
-48423123168979699961
-67206234397838311360
-83460485951176890640
-97333467452257790096
-108968370981768800887
-118504046205109044028
-126075055499674861382
-131811729082145706652
-135840220135770036373
-138282559937651200904
-139256712986033335420
-138876632127587250904
-137252313684696325139
-134489852582742393700
-130691497477391640946
-125955705881880491012
-120377199294301498801
-114047018324889240976
-107052577823306206952
-99477722005928689888
-91402779583132677679
-82904618886579743948
-74056702996502939038
-64929144868992681004
-55588762463282646605
-46099133869035662296
-36520652433629595220
-26910581889443244200
-17323111481142230731
-7809411092964889972
1582313623991838262
10806766124486518508
19821503841847328663
28586883060686168992
37066003789612771136
45224654633948807120
53031257668441998361
60456813309980224676
67474845190305633290
74061345028728747844
80194717504842577403
85855725131236725464
91027433126211498964
95695154286492017288
99846393859942321277
103470794418279482236
106560080729787710942
109108004632032466652
111110289904574566111
112564577141684292560
113470368625055504744
113828973196519745920
113643451130760352865
112918559008026564884
111660694586847632818
109877841676746928052
107579515010956051523
104776705119128942728
101481823200055988732
97708645994378133176
93472260657300985285
88789009631308928876
83676435518879231366
78153225955196152780
72239158480865054759
65955045414626509568
59322678726070409104
52364774908350073904
45104919850896362153
37567513712131778692
29777715792184584026
21761389405602903332
13545046754068835467
5155793799112561976
-3378724865173543900
-12030381139420808216
-20770618546270147315
-29570507357657958820
-38400799722102012626
-47231984791987341892
-56034343850852134033
-64778005440673621712
-73433000489153973832
-81969317437006186528
-90356957365239974159
-98565989122447660300
-106566604452090068734
-114329173119782414444
-121824298040580194605
-129022870406265079576
-135896124812630803892
-142415694386769057256
-148553665914355375531
-154282634966935031732
-159575761029208927018
-164406822626319481684
-168750272451136526153
-172581292491543191968
-175875849157721802784
-178610748409439765360
-180763690883335460551
-182313327020204134300
-183239312192283788630
-183522361830541072636
-183144306551957173477
-182088147286813707368
-180338110405978610572
-177879702848192030392
-174699767247352216163
-170786537059801410244
-166129691691611739010
-160720411625871103844
-154551433549969072129
-147617105482882768240
-139913441902462764536
-131438178872718972352
-122190829171106532991
-112172737415811708716
-101387135193037773742
-89839196184290905228
-77536091293666074269
-64487043775132936888
-50703384359821725028
-36198606383309137544
-20988420912904231195
-5090811874934311636
11473908817969175590
28683046139584754060
46511466822815025479
64931544232400778688
83913103237635098672
103423365085077475568
123426892271267913673
143885533415441040452
164758368132240215546
186001651904431639780
207568760955618464171
229410137122954898936
251473232729860322500
273702455458733390504
296039113223666144813
318421359043158122524
340784135912830464974
363059121678140026748
385174673907093484687
