-590518382909676599105
-514901117081815734508
-444059150275626652186
-377803886198199103484
-315951352928489323963
-258322147790034142408
-204741382223665089836
-155038626660222508504
-109047855393269660917
-66607391451806838836
-27559851472985472286
8247909425177761436
40964852771086828753
70735811866852230800
97701546915576894416
121998800148642063136
143760350952993188183
163115070998425819460
180187979364871496542
195100297669683639668
207969505194923440733
218909394014645754280
228030124122184988492
235438278557440996184
241236918534164965795
245525638567245312380
248400621599993568602
249954694131430275724
250277381343570874601
249454962228711596672
247570524716715354952
244704020802297635024
240932321672312386031
236329272833037911668
230965749237462761174
224909710412571620324
218226255586631202421
210977678816476139288
203223524114794872260
195020640577415543176
186423237510591885371
177482939558289114668
168248841829469820370
158767565025379856252
149083310566834231553
139237915721503001968
129270908731197160640
119219563939154529152
109118956917325648519
99002019593659670180
88899595379390246990
78840494296321424212
68851548104113530509
58957665427569068936
49181886883918607932
39545440210106672312
30067795390077634259
20766719782061604316
11658333245860322378
2757163270133048684
-5923799900317545191
-14373048137259485344
-22580500301745604552
-30537447116827651280
-38236496040270398689
-45671516137265753644
-52837582953146865722
-59730923386102236220
-66348860559889827163
-72689758696551170312
-78752967989125476172
-84538769474363743000
-90048319905442865813
-95283596624679745396
-100247342436245397310
-104943010478879060900
-109374709098602308303
-113547146721433153456
-117465576726100161104
-121135742316756555808
-124563821395694330953
-127756371436058357756
-130720274354560494274
-133462681384193694412
-135990957946946116931
-138312628526515234456
-140435321541021942484
-142366714215724668392
-144114477455733480445
-145686220718724196804
-147089436887652494534
-148331447143468018612
-149419345837828490935
-150359945365813819328
-151159721038640206552
-151824755956374259312
-152360685880647097265
-152772644107368462028
-153065206339440826186
-153242335559473502300
-153307326902496751915
-153262752528675894568
-153110406496025416796
-152851249633123081144
-152485354411824035173
-152011849819974920468
-151428866234127981646
-150733480292255175364
-149921659766462279327
-148988208435703001296
-147926710958493088096
-146729477745624434624
-145387489832879192857
-143890343753743880860
-142226196412123491794
-140381709955055602924
-138341996645424484627
-136090563734675209400
-133609258335527760868
-130878212294691142792
-127875787065577488077
-124578518581016167780
-120961062125967900118
-116996137210238859476
-112654472441194785415
-107904750396475091680
-102713552496706975208
-97045303878219525136
-90862218265757831809
-84124242845197095788
-76789003136256736858
-68811747865214503036
-60145293837620579579
-50739970811011697992
-40543566367625245036
-29501270787113371736
-17555621919257102389
-4646450056680443572
9289177192435506850
24317010031638450716
40505671603490780561
57926713116855470608
76654668974181967760
96767111898792082592
118344708062165880343
141471272211227571908
166233822795631404830
192722637095047554292
221031306346448014109
251256790871392487720
283499475203314279180
317863223214806184152
354455433244906380899
393387093226384321276
434772835813026621722
478730993506922954252
525383653785751937449
