6192353156561
5260036573836
4395250484856
3595136633296
2856905964001
2177837868920
1555279433040
986644680320
469413819625
1132490660
-420588990096
-798076383456
-1133592281591
-1429336862096
-1687448642056
-1910005232112
-2099024090527
-2256463277252
-2384222207992
-2484142408272
-2558008267503
-2607547793048
-2634433364288
-2640282486688
-2626658545863
-2595071561644
-2546978942144
-2483786237824
-2406847895559
-2317468012704
-2216901091160
-2106352791440
-1986980686735
-1859895016980
-1726159442920
-1586791800176
-1442764853311
-1295007049896
-1144403274576
-991795603136
-837984056567
-683727355132
-529743672432
-376711389472
-225269848727
-76020108208
70474304472
213686638032
353126163457
488337419932
618899460776
744425099376
864560155121
978982699336
1087402301216
1189559273760
1285223919705
1374195777460
1456302867040
1531400936000
1599372705369
1660127115584
1713598572424
1759746192944
1798553051409
1830025425228
1854192040888
1871103319888
1880830624673
1883465504568
1879118941712
1867920596992
1850018055977
1825576074852
1794775826352
1757814145696
1714902776521
1666267616816
1612147964856
1552795765136
1488474854305
1419460207100
1346037182280
1268500768560
1187154830545
1102311354664
1014289695104
923415819744
830021556089
734443837204
637023947648
538106769408
438040027833
337173537568
235858448488
134446491632
33289225137
-67262719828
-166860393128
-265157279728
-361810053759
-456479332584
-548830430864
-638534114624
-725267355319
-808714083900
-888565944880
-964523050400
-1036294734295
-1103600306160
-1166169805416
-1223744755376
-1276078917311
-1322939044516
-1364105636376
-1399373692432
-1428553466447
-1451471220472
-1467969978912
-1477910282592
-1481170942823
-1477649795468
-1467264455008
-1449953068608
-1425675070183
-1394411934464
-1356167931064
-1310970878544
-1258872898479
-1199951169524
-1134308681480
-1062074989360
-983406967455
-898489563400
-807536552240
-710791290496
-608527470231
-501049873116
-388695124496
-271832447456
-150864416887
-26227713552
101606121848
232129934608
364800201953
499036278972
634219644552
769693147312
904760251537
1038684283112
1170687675456
1299951215456
1425613289401
1546769128916
1662470056896
1771722733440
1873488401785
