76706934645005323295
60127299347175340084
45165011336039834722
31736516613937108124
19760573369138703313
9158224412206459924
-147230387650431292
-8230261666218373964
-15163138127922311597
-21015954109468673068
-25856657143488318122
-29751075522179482868
-32762945860950725275
-34953940662063870668
-36383695878276957224
-37109838476487181468
-37188014001373843769
-36671914139041293836
-35613304280661876214
-34062051086118875780
-32066150047649463239
-29671753053487640620
-26923195951507186772
-23863026112864602860
-20532029995642057861
-16969260708490334060
-13212065574271772546
-9296113693703218708
-5255423508998967731
-1122390367513710092
3072185914614522944
7299073488821413828
11530580910473413231
15740529575224794548
19904226155374708402
23998435036224237148
28001350752433449377
31892570424378454420
35653066194508456852
39265157663702810996
42712484327628075427
45979978013095067476
49053835314415917734
51921490029761124556
54571585597516608565
56993947532640767156
59179555863021529000
61120517565833408548
62810039003894560535
64242398362023834484
65412918083397829210
66317937305907947324
66954784298517449737
67321748897618510164
67418054943389269628
67243832716150890964
66800091372724613323
66088691382788806676
65112316965236026318
63874448524530067372
62379335087063019293
60631966737512320372
58638047055197812240
56403965550438794372
53936770100911078591
51244139388004043572
48334355333177689346
45216275534319691804
41899305702102457201
38393372096340176660
34708893962345880676
30856755967288493620
26848280636549888243
22695200790081940180
18409631978763582454
14004044920757859980
9491237937868984069
4884309391899386932
196630121006776184
-4558184123938810652
-9366300242997951641
-14213695350804785932
-19086184340209959254
-23969447445923569412
-28849057808158111783
-33710509036271424812
-38539242772409635508
-43320676255150104940
-48040229883144373733
-52683354778761107564
-57235560351729042658
-61682441862779931284
-66009707987291487251
-70203208378930331404
-74248961233294937120
-78133180851558575804
-81842305204112262385
-85363023494207700812
-88682303721600229550
-91787420246191767076
-94665981351673757375
-97305956809170115436
-99695705440880172748
-101824002683721622796
-103680068152973466557
-105253593205918957996
-106534768505488549562
-107514311583902837684
-108183494406315508267
-108534170934456282188
-108558804690273860792
-108250496319578871388
-107603011155686812745
-106610806783061000588
-105269060600955513094
-103573697387058136388
-101521416861133310039
-99109721248665072556
-96336942844500006884
-93202271576490185900
-89705782569136117909
-85848463707229692140
-81632243199497124242
-77060017142241901780
-72135677082987729731
-66864137584121475980
-61251363786536116816
-55304398973273682428
-49031392133168202401
-42441625524488651212
-35545542238581893726
-28354773763515630692
-20882167547721344239
-13141814563637243372
-5149076871351209468
3079384817756258228
11525583577369097107
20170178702592735700
28992448146311148182
37970260955543908876
47080049707803246757
56296782947451099956
65593937622056170264
74943471518750977636
84315795700588914695
93679746942901301236
103002560169654438730
112249840889806664828
121385537633665407865
130371914389244241364
139169523038619938540
147737175794289526804
156031917635527342267
164008998744742084244
171621846943833869758
178822040130551288044
185559278714848455053
