-204492481936538733665
-151009680852206009764
-102075895109516974450
-57486464646015044420
-17041788469248889411
19452730470513458792
52186740407570497348
81344995888073143352
107107412897310624827
129649123986996371716
149140533402553906874
165747372210402737060
179630753425244243929
190947227137347575024
199848835639835534768
206483168555970475456
210993417966440188247
213518433536643794156
214192777643977635046
213146780505121164620
210506595303322839413
206394253315686009784
200927719040454810908
194220945324300053768
186383928489605116147
177522763461751833620
167739698896406390546
157133192306805211060
145797965191040850065
133825058159347884224
121301886061388802952
108312293113539899408
94936608026177161487
81251699130962162812
67331029508127953726
53244712113764952284
39059564907106835245
24839165977816429064
10643908673271600884
-3468943274148850472
-17445200619779303509
-31233693479381423068
-44786216201858269334
-58057472241968406844
-71005019033040013495
-83589212859684989552
-95773153730513066656
-107522630250845916832
-118806064495431261497
-129594456881156980468
-139861331039765220970
-149582678690566506644
-158736904513153846555
-167304771020116844200
-175269343429755806516
-182615934538795852888
-189332049595101024157
-195407331170388391628
-200833504032942166078
-205604320020327806764
-209715502912106130431
-213164693302547420320
-215951393473345535176
-218076912266332018256
-219544309956190206337
-220358343123169338724
-220525409525798666258
-220053492973601560324
-218952108199809621859
-217232245734076790360
-214906316775193452892
-211988098063800553096
-208492676755103700197
-204436395291587278012
-199836796275728553958
-194712567342711788060
-189083486033142341959
-182970364665760787920
-176394995210157017840
-169380094159484352256
-161949247403173649353
-154126855099647413972
-145938076549033906618
-137408775065881252468
-128565462851871550379
-119435245868534981896
-110045768709963920260
-100425159475527039416
-90601974642583423021
-80605143939196673452
-70463915216849020814
-60207799323155431948
-49866514974577719439
-39469933629138650624
-29048024359136056600
-18630798723856941232
-8248255642291590161
2069673734152320188
12293181148935613598
22392636367673505052
32338642305421491725
42102090153961243976
51654214509086496340
60966648497888938520
70011478906044106379
78761301305097272932
87189275179749339338
95269179055142725892
102975465624147263017
110283316874646082256
117168699216821507264
123608418610440944800
129580175692142775719
135062620902722245964
140035409614417357558
144479257258194759596
148375994451035639237
151708622123221612696
154461366645620616236
156619734956972797160
158170569691176404803
159102104304573681524
159404018203236753698
159067491870253522708
158085261993013555937
156451676590493977760
154162750140545360536
151216218707177615600
147611595067845884255
143350223840736428764
138435336612052523342
132872107063300345148
126667706098574865277
119831356971845739752
112374390414243200516
104310299761343946424
95654796080457034235
86425863297909769604
76643813326333598074
66331341191949996068
55513580161856361881
44218156871311906672
32475246451023545456
20317627654431788096
7780737984996630295
-5097271176516555412
-18275479444751128666
-31710142302473290292
-45354635973286191307
-59159402294344041928
-73071893589066220580
-87036517539851382904
-100994582060791570765
-114884240170386321260
-128640434864256775726
-142194843987859788748
-155475825109202037167
