316692385394775344227
298296709869414602108
280015276083770721998
261881756424081680428
243928163137860365057
226184875897537520168
208680669364104692164
191442740750757175064
174496737386536955999
157866784279975660708
141575511682737499034
125644082653262210420
110092220620408009405
94938236947094531120
80199058493945776784
65890255182933059200
52026067561017948251
38619434363795216396
25682020079135784166
13224242510829665660
1255300342228914041
-10216799300109432968
-21185213282780407588
-31644234901888166488
-41589266319403045289
-51016790999518613068
-59924346145008726862
-68310495133584586172
-76174799954251787467
-83517793643667378688
-90340952722496913752
-96646669631771507056
-102438225169244887981
-107719760925750455396
-112496251721558332162
-116773478042732419636
-120557998477487452175
-123857122152546051640
-126678881169495781900
-129032003041146203336
-130925883127885927345
-132370557074039670844
-133376673244225310774
-133955465159710938604
-134118723934771914835
-133878770713047923504
-133248429103900026688
-132240997618767719008
-130870222107525982133
-129150268194842339284
-127095693716533909738
-124721421155924463332
-122042710080201474967
-119075129576773179112
-115834530689625624308
-112337018855679727672
-108598926341148329401
-104636784677893247276
-100467297099782331166
-96107310979046517532
-91573790262636883931
-86883787908581703520
-82054418322343499560
-77102829793176099920
-72046176930481691581
-66901593100167875140
-61686162861004719314
-56416894400981815444
-51110691973665331999
-45784328334555069080
-40454417177441512924
-35137385570762890408
-29849446393962223553
-24606570773844384028
-19424460520933147654
-14318520565828248908
-9303831395562435427
-4395121489958522512
393260242013552368
5047372025879675072
9553706785304500283
13899219705734397004
18071355798040394054
22058077462161125564
25847892050745776473
29429879432797028024
32793719557314003260
35929720016935212520
38828843611581498935
41482735912098983924
43883752823902012690
46024988150616099716
47900301157720874261
49504344136193025856
50832589966149249800
51881359680489192656
52647850028538397747
53130161039691250652
53327323587053924702
53239326951087326476
52867146383250041297
52212770669641278728
51279229694643818068
50070622004566953848
48592142371289441327
46850109355902441988
44851992872352469034
42606441751084332884
40123311302684086669
37413690881521971728
34489931449395363104
31365673139171715040
28055872818431506475
24576831653111186540
20946222671146120054
17183118326113533020
13308018060875458121
9342875871221680216
5311127869512681836
1237719848322588680
-2850865155917884889
-6926579299278490348
-10959782366686499518
-14919214208283759068
-18771967175783745019
-22483458558828617248
-26017403021346273992
-29335785037907406352
-32398831330082552797
-35164983302799153668
-37590869480698605682
-39631277944493316436
-41239128767323758911
-42365446451115525976
-42959332362936384892
-42967937171353331816
-42336433282789646305
-41007987277881945820
-38923732347837240230
-36022740730789986316
-32241996148159142275
-27516366241005222224
-21778575006387350704
-14959175233720317184
-6986520941131630565
2213260188181426316
12716294369594742182
24600989280700322812
37948061624949236537
52840564695294559736
69363915937834322332
87605924515454453288
107656818871471726103
129609274293276704308
153558440475976686962
179601969086038654148
207840041324932212469
