373511733217674701195
342958813920964956316
314495554876465197550
288008463925531546508
263387803885109071369
240527537420445895888
219325271917807308404
199682204357189870848
181503066185035527751
164696068186945715252
149172845360395470106
134848401787447538692
121641055507466486021
109472383389832804744
98267166006657024160
87953332505493819224
78461905482056119555
69726945852929218444
61685497728284881862
54277533284595457468
47445897637347983617
41136253713758298368
35297027125485148492
29879351041344298480
24837011060022639551
20126390082792298660
15706413186224747506
11538492494904911540
7586472054145278973
3816572702700009784
197336945479044728
-3300426173737785656
-6703696199586652037
-10037296392405617284
-13323948855520527458
-16584329662530902804
-19837123984595828743
-23099081217719846864
-26385070110038845916
-29708133889105952800
-33079545389177423561
-36508862178498534380
-40003981686589472566
-43571196331531227548
-47215248647251481867
-50939386410810502168
-54745417769687030192
-58633766369064173768
-62603526479115297805
-66652518122289915284
-70777342200599578250
-74973435622903768804
-79235126432195790095
-83555688932888657312
-87927398818100988676
-92341588296942896432
-96788701221801877841
-101258348215628706172
-105739361799223321694
-110219851518520722668
-114687259071876856339
-119128413437354509928
-123529586000009201624
-127876545679175071576
-132154614055750772885
-136348720499485362596
-140443457296264192690
-144423134775394801076
-148271836436892802583
-151973474078767779952
-155511842924309174828
-158870676749372178752
-162033703009663624153
-164984697968027875340
-167707541821732719494
-170186273829755257660
-172405147440067795739
-174348685416923735480
-176001734968143465472
-177349522872400252136
-178377710606506130717
-179072449472697796276
-179420435725922494682
-179408965701123913604
-179025990940528073503
-178260173320929218624
-177100940180975707988
-175538539448455906384
-173564094767584075361
-171169660626286264220
-168348277483486201006
-165094026896391183500
-161402086647777970211
-157268785873278671368
-152691660188666639912
-147669506817142362488
-142202439716619350437
-136291944707010030788
-129940934597511637250
-123153804313892101204
-115936486025775942695
-108296504273930161424
-100243031097550127740
-91786941161545473632
-82940866883825983721
-73719253562587486252
-64138414503597744086
-54216586147482345692
-43973983197010596139
-33432853744381408088
-22617534398509192784
-11554505412309751048
-272445809986164269
11197711485685314604
22822724526069370070
34566987209385733084
46392474153423290065
58258685568254191904
70122592128947962972
81938579848285610128
93658394949473731727
105231088738858626628
116602962478640403202
127717512259587088340
138515373873748736461
148934267687171538520
158908943512611931016
168371125482250705000
177249456920407115083
185469445216252988444
192953406696526833838
199620411498247950604
205386228441430537673
210163269901797802576
213860536683496070452
216383562891808893056
217634360805871157767
217511365751383196596
215909380973324895194
212719522508669801860
207829164059099236549
201121881863716399880
192477399571760482144
181771533115320772312
168876135582050767043
153659042087882279692
135984014649739549318
115710687058253349692
92694509750475098305
66786694682590965376
37834160202635982860
5679475923208153456
-29839192405817440385
-68888138024574527452
-111638168290491538766
-158264659805577498572
-208947613543707915331
