-105291059465743151
-97999254577086324
-90737311194305622
-83522794464108388
-76372403524477349
-69301985883201104
-62326551796404612
-55460288647079680
-48716575323615451
-42107996598328892
-35646357505995282
-29342697722378700
-23207305942762513
-17249734260479864
-11478812545444160
-5902662822679560
-528713650851463
4636285499203004
9586249865944498
14315745018600972
18819972478637187
23094755341224224
27136523896708996
30942301252083760
34509688952455629
37836852602516084
40922507488010486
43765904197207588
46366814242369047
48725515681218936
50842778738413256
52719851427009448
54358445169935905
55760720421461484
56929272288665018
57867116152904828
58577673291288235
59064756498141072
59332555706477196
59385623609468000
59228861281911925
58867503801703972
58307105871305214
57553527439212308
56612919321427007
55491708822925672
54196585359128784
52734486077370456
51112581478367945
49338261037691164
47419118827232194
45362939136674796
43177682094963923
40871469291775232
38452569398984596
35929383792137616
33310432171919133
30604338185622740
27819815048620294
24965651165831428
22050695753193063
19083844459128920
16074024986019032
13030182711669256
9961266310780785
6876213376419660
3783936041486282
693306600184924
-2386856870506757
-5447804889368208
-8480870949466468
-11477485896686656
-14429192308262459
-17327658871306620
-20164694761341426
-22932264020829196
-25622499937702769
-28227719423895992
-30740437393874208
-33153381143164744
-35459504726887399
-37652003338284932
-39724327687253550
-41670198378873396
-43483620291939037
-45158896957489952
-46690644937341020
-48073808202613008
-49303672512263059
-50375879791615180
-51286442510890730
-52031758063738908
-52608623145767241
-53014248133072072
-53246271460769048
-53302774001523608
-53182293444081471
-52883838671799124
-52406904141174310
-51751484260376516
-50918087767777461
-49907752110481584
-48722057822856532
-47363142905063648
-45833717201588459
-44137076779771164
-42277118308337122
-40258353435927340
-38085923169628961
-35765612253505752
-33303863547128592
-30707792404105960
-27985201050614423
-25144592963929124
-22195187250954270
-19146933026753620
-16010523793080973
-12797411816910656
-9519822508968012
-6190768802259888
-2824065530605123
565656192834964
3962934597026086
7351462874530500
10714074802976519
14032730366528024
17288501377353976
20461557097097928
23531149858347537
26475600686104076
29272284919251946
31897617832028188
34327040255491995
36535004198994224
38494958471646908
40179334303792768
41559530968474725
42605901402905412
43287737829936686
43573257379529140
43429587710221615
42822752630600712
41717657720770304
40078075953821048
37866633317299897
35044794434679612
31572848186828274
27409893333478796
22513824134698435
16841315972358304
10347810971602884
2987503622319536
-5286673599391987
-14523064609750028
-24771304095821514
-36082331894052444
-48508407368798377
