16417627092295
14035952801310
11819361240588
9761226147698
7855071554703
6094570280028
4473542420328
2985953842356
1625914674831
387677800306
-734362652964
-1745672819154
-2651580603001
-3457277187936
-4167818544216
-4788126937056
-5322992434761
-5777074416858
-6154903082228
-6460880957238
-6699284403873
-6874265127868
-6989851686840
-7049950998420
-7058349848385
-7018716398790
-6934601696100
-6809441179322
-6646556188137
-6449155471032
-6220336693432
-5963087945832
-5680289251929
-5374714076754
-5049030834804
-4705804398174
-4347497604689
-3976472766036
-3594993175896
-3205224618076
-2809236874641
-2409005234046
-2006411999268
-1603247995938
-1201214080473
-801922648208
-406899141528
-17583558000
364668041495
738582024630
1102965679500
1456705706490
1798766710143
2128189691028
2444090537608
2745658518108
3032154772383
3302910803786
3557326971036
3794870980086
4015076375991
4217541034776
4401925655304
4567952251144
4715402642439
4844116947774
4953992076044
5044980218322
5117087339727
5170371671292
5204942201832
5220957169812
5218622555215
5198190571410
5159958157020
5104265467790
5031494368455
4942066924608
4836443894568
4715123221248
4578638524023
4427557590598
4262480868876
4084039958826
3892896104351
3689738685156
3475283708616
3250272301644
3015469202559
2771661252954
2519655889564
2260279636134
1994376595287
1722806940392
1446445407432
1166179786872
882909415527
597543668430
311000450700
24204689410
-261913174545
-546418694580
-828374926552
-1106843936892
-1380888310737
-1649572660062
-1911965131812
-2167138916034
-2414173754009
-2652157446384
-2880187361304
-3097371942544
-3302832217641
-3495703306026
-3675135927156
-3840297908646
-3990375694401
-4124575852748
-4242126584568
-4342279231428
-4424309783713
-4487520388758
-4531240858980
-4554830180010
-4557678018825
-4539206231880
-4498870373240
-4436161202712
-4350606193977
-4241771042722
-4109261174772
-3952723254222
-3771846691569
-3566365151844
-3336058062744
-3080752122764
-2800322809329
-2494695886926
-2163848915236
-1807812757266
-1426673087481
-1020571899936
-589709016408
-134343594528
345204364087
848552505702
1375254616332
1924799113610
2496607538655
3090033047940
3704358905160
4338796973100
4992486205503
5664491138938
6353800384668
7059325120518
7779897582743
