217309998363913
158138645303576
105438132430778
58842042887512
17995072035995
-17447118754756
-47818048322348
-73440561924436
-94626977452147
-111679231643504
-124889026296850
-134537974484272
-140897746765025
-144230217398956
-144787610559928
-142812646549244
-138538688009071
-132189886135864
-123981326893790
-114119177228152
-102800831278813
-90215056593620
-76542140341828
-61954035527524
-46614507203051
-30679278682432
-14296177754794
2394717102208
19260930508967
36177443970500
53026549663024
69697704220532
86087382521369
102098931474808
117642423807626
132634511850680
146998281325483
160663105130780
173564497129124
185643965933452
196848868693661
207132264883184
216452770085566
224774409781040
232066473133103
238303366775092
243464468596760
247533981530852
250500787339681
252358300401704
253104321498098
252740891599336
251274145651763
248714166364172
245074837994380
240373700135804
234631801504037
227873553723424
220126585113638
211421594476256
201792204881335
191274817453988
179908465160960
167734666597204
154797279772457
141142355897816
126817993172314
111874190569496
96362701623995
80336888218108
63851574368372
46962900012140
29728174794157
12205731853136
-5545218391666
-23464734453872
-41492289993409
-59566920029932
-77627367156248
-95612227751740
-113460098195791
-131109721081208
-148500131427646
-165570802895032
-182261793996989
-198513894314260
-214268770708132
-229469113533860
-244058782854091
-257982954652288
-271188267046154
-283622966501056
-295237054043449
-305982431474300
-315813047582512
-324685044358348
-332556903206855
-339389591161288
-345146707096534
-349794627942536
-353302654897717
-355643159642404
-356791730552252
-356727318911668
-355432385127235
-352893044941136
-349099215644578
-344044762291216
-337727643910577
-330150059721484
-321318595345480
-311244369020252
-299943177813055
-287435643834136
-273747360450158
-258909038497624
-242956652496301
-225931586862644
-207880782123220
-188856881128132
-168918375264443
-148129750669600
-126561634444858
-104290940868704
-81401017610281
-57981791942812
-34129916957024
-9948917774572
14450662238537
38951115258520
63427422790394
87747109454552
111770096773339
135348556957628
158326766693396
180540960928300
201819186658253
221981156714000
240838103547694
258192633019472
273838578184031
287560853077204
299135306502536
308328575817860
314897940721873
318591177040712
319146410514530
316291970584072
309746244177251
299217529495724
284403889801468
264993007203356
240662036443733
211077458684992
175894935296150
134759161639424
87303720856807
