164049490465731402805
170283320729260263056
174711624279450175190
177455925159718184920
178633775088823006979
178358808588150916112
176740798109001638068
173885709159874240592
169895755433753024417
164869453935393414256
158901680108607849794
152083722963551676680
144503340204009037519
136244813354678762864
127389002888460262208
118013403353739414976
108192198501674461517
97996316413481894096
87493484627722347886
76748285267586491960
65822210168180920283
54773716003814042704
43658279415281975948
32528452137154434608
21433916125060622137
10421538682975121840
-464572409496212134
-11183013769830363800
-21695031285301264345
-31964464985693901136
-41957693916018426728
-51643581009224267872
-60993417958914234523
-69980870092058628848
-78581921241709354234
-86774818619714024296
-94540017689430071885
-101860127038438858096
-108719853251259781276
-115105945782064386032
-121007141827390472239
-126414111198856204048
-131319401195874218894
-135717381478365736504
-139604188939474667905
-142977672578281724432
-145837338372518526736
-148184294151281713792
-150021194467747051907
-151352185471883543728
-152182849783167537250
-152520151363296834824
-152372380388904802165
-151749098124274477360
-150661081794052679876
-149120269455964119568
-147139704873525505687
-144733482388759655888
-141916691794909605238
-138705363209152715224
-135116411945314782761
-131167583386584149200
-126877397858225809336
-122265095500295520416
-117350581140353911147
-112154369166180590704
-106697528398488257738
-101001626963636809384
-95088677166347450269
-88981080362416801520
-82701571831431009772
-76273165649479856176
-69719099561870865407
-63062779855843414672
-56327726233282842718
-49537516683434558840
-42715732355618151889
-35885902431941499280
-29071449000014876000
-22295631925665063616
-15581493725649459283
-8951804440370184752
-2429006506588195378
3964840369862610872
10208114341361284411
16279686545785715024
22158976233798522860
27826005896132949424
33261456390878748569
38446722070768077488
43363965910461387706
47996174633833316072
52327213841258575751
56341883136897847216
60025971255983669240
63366311192106329888
66350835324499757509
68968630545327411728
71209993386968174438
73066485149302240792
74530987026997010195
75597755236792977296
76262476144789622980
76522321393731305360
76376003030293150769
75823828632366944752
74867756436347023058
73511450464416162632
71760335651831472607
69621652974210285296
67104514574816047184
64219958891844209920
60981005785708121309
57402711666324916304
53502224620401407998
49298839538719978616
44814053243424470507
40071619615306077136
35097604721089234076
29920441940717510000
24570987094639497673
19082573571094704944
13491067453399445738
7834922647232731048
2155236007922159927
-3504197532270189520
-9096829836861869144
-14573304437864169760
-19881401408496230155
-24965982235899146096
-29768934693850079338
-34229117715476366632
-38282306265969628733
-41861136215299879408
-44895049210929634444
-47310237550528020656
-49029589054684884895
-49972631939624903056
-50055479689921689086
-49190775931211903992
-47287639302909364849
-44251608330919153808
-39984586300351727104
-34384786128237024064
-27346675236238576115
-18760920423367615792
-8514332738697185746
3510187645923752248
17433706563156208283
33381310977457055312
51482164112364920140
71869560577786074416
94680981497280325625
120058149635346908080
148147084524710373914
179098157593606484072
213066147293068099303
