-80472142074102779
-63164795642055492
-47746031259968118
-34099684787115364
-22113509636855345
-11679119262507632
-2691929643231300
4948898230097024
11340515869005113
16576444801547092
20746634086425390
23937517827112692
26232072685973891
27709875398388040
28447160286870304
28516876775193912
27988746902512109
26929322837480108
25402044392377042
23467296537227916
21182466913925559
18602003350352576
15777471374503300
12757611728605744
9588397883243553
6313093551477956
2972310202969718
-395935421898908
-3756163797902229
-7075375100849160
-10322991693461272
-13470800611250840
-16492896048398891
-19365621843633252
-22067513966106598
-24579243001274500
-26883556636773473
-28965222148299024
-30810968885483700
-32409430757775136
-33751088720314103
-34828213259812556
-35634806880431682
-36166546589659948
-36420726384191149
-36396199735802456
-36093322077232464
-35513893288059240
-34661100180578371
-33539458985681012
-32154757838731934
-30513999265447572
-28625342667774073
-26498046809765344
-24142412303461100
-21569724094764912
-18792193949322255
-15822902938398556
-12675743924757242
-9365364048537788
-5907107213133765
-2316956571070888
1388522990114936
5192242361999560
9076645729392549
13023768084459132
17015292740842154
21032608847784028
25056868904248687
29069046273043536
33049992694941404
36980495802802496
40841336635696345
44613347153023764
48277467748638798
51814804764970676
55206688007145763
58434728257109512
61480874787748416
64327472877011960
66957321322034573
69353729953257580
71500577148551154
73382367347336268
74984288564706647
76292269905550720
77293039078673572
77974179910918896
78324189861290945
78332537535076484
77989720197966742
77287321290179364
76218067940580363
74775888480806072
72955969959385096
70754815655860264
68170302594910581
65201739060473180
61849922109865274
58117195087906108
54007505141038911
49526460731452848
44681389151204972
39481394036342176
33937412881023145
28062274551640308
21870756800941790
15379643782153364
8607783563100403
1576145640329832
-5692121546767920
-13171633101836968
-20834710157434019
-28651322360906420
-36589030360270206
-44612928290088148
-52685586257347801
-60766992827339552
-68814497509534668
-76782753243463344
-84623658884592751
-92286301690205084
-99716899805275610
-106858744748350716
-113652143897425957
-120034362975824104
-125939568538073192
-131298770455784568
-136039764403530939
-140087074344724420
-143361895017494582
-145782034420566500
-147261856299138801
-147712222630761712
-147040436111215108
-145150182640386560
-141941473808149383
-137310589380240684
-131150019784139410
-123348408594944396
-113790495021252413
-102357056391036216
-88924850637522592
-73366558785070408
-55550727435048659
-35341711251714516
-12599615448091374
12819761728153100
41064986508828919
72289047119345728
106649411292834756
144308083784270768
185431663884594017
230191402934832196
278763261840222390
331327968584333028
388071075743185835
