-620118029936951
-518245531400968
-424448088950662
-338336488468808
-259532628058405
-187669371829252
-122390403684524
-63350081107348
-10213288947379
37344706792624
79638405170222
116972216516720
149640608650591
177928253090900
202110171270728
222451880750596
239209541431889
252630101770280
262951444989154
270402535293032
275203564080995
277566096160108
277693215958844
275779673740508
272012031816661
266568810760544
259620635620502
251330382133408
241853322938087
231337273788740
219922739768368
207743061502196
194924561371097
181586689725016
167842171096394
153797150413592
139551339214315
125198161859036
110824901744420
96512847516748
82337439285341
68368414835984
54669955844350
41300834089424
28314557666927
15759517202740
3679132066328
-7888003415836
-18907973746847
-29351396045944
-39193273835086
-48412850825528
-56993464704397
-64922400921268
-72190746474740
-78793243699012
-84728144050459
-89997061894208
-94604828290714
-98559344782336
-101871437179913
-104554709349340
-106625396998144
-108102221462060
-109006243491607
-109360717038664
-109190943043046
-108524123219080
-107389213842181
-105816779535428
-103838847056140
-101488759082452
-98801027999891
-95811189687952
-92555657306674
-89071575083216
-85396672098433
-81569116073452
-77627367156248
-73610031708220
-69555716090767
-65502880451864
-61489692512638
-57553881353944
-53732591202941
-50062235219668
-46578349283620
-43315445780324
-40306867387915
-37584640863712
-35179330830794
-33119893564576
-31433530779385
-30145543415036
-29279185423408
-28855517555020
-28893261145607
-29408651902696
-30415293692182
-31924012324904
-33942709343221
-36476215807588
-39526146083132
-43090751626228
-47164774771075
-51739302516272
-56801620311394
-62335065843568
-68318882824049
-74728074774796
-81533258815048
-88700519447900
-96191262346879
-103962068142520
-111964546208942
-120145188450424
-128445223087981
-136800468445940
-145141186738516
-153391937856388
-161471433153275
-169292389232512
-176761381733626
-183778699118912
-190238196460009
-196027149224476
-201026107062368
-205108747592812
-208141730190583
-209984549772680
-210489390584902
-209500979988424
-206856442246373
-202385152310404
-195908589607276
-187240191825428
-176185208701555
-162540555807184
-146094668335250
-126627354886672
-103909651256929
-77703674222636
-47762475328120
-13829894671996
24359585306257
67080986039720
114618979047458
167268032147944
225332555672483
289127048678636
358976245163644
435215260277852
518189736538133
608255990041312
705781156677590
811143338343968
924731749157671
