-28963460020837529915
-11662397385544599316
3719996696395336322
17297214383626155388
29178992859202789703
39471369457877115512
48276736793383844476
55693897885726414664
61818121288462881545
66741196215991808980
70551487670838160214
73333991570939188868
75170389876930329931
76139105719431090752
76315358526330942032
75771219150075208816
74575664994950961485
72794635144372906748
70491085488169278634
67725043849867729484
64553665113981220943
61031286353293914952
57209481956147064740
53137118753724905816
48860411147340546961
44422976235721861220
39865888942297376894
35227737142482168532
30544676790963747923
25850487048987955088
21176625411644849272
16552282835154599936
12004438864153377749
7557916758979245580
3235438622958049490
-942319470310690276
-4956672349667888297
-8790870619109002984
-12430045530498145588
-15861153856282189208
-19072922762204877799
-22055794680020935180
-24801872180210174042
-27304862844691604956
-29560024139537545381
-31564108287687728672
-33315307141663413088
-34813197056281490800
-36058683761368596899
-37053947234475218404
-37802386573589803270
-38308564869852869396
-38578154080271113633
-38617879900431520792
-38435466637215472652
-38039582081512856968
-37439782380936176479
-36646456912534657916
-35670773155508361010
-34524621563922287500
-33220560439420490141
-31771760803940181712
-30191951272425844024
-28495362925543336928
-26696674182394007323
-24810955673228798164
-22853615112162357470
-20840342169887147332
-18787053346387552921
-16709836843653991496
-14624897438397021412
-12548501354761451128
-10496921137040448215
-8486380522389648364
-6532999313541264394
-4652738251518195260
-2861343888348135061
-1174293459777682048
393260242013552368
1826543995698834608
3111219278090199917
4233437391424343356
5179894590648510794
5937887210706389900
6495366793824001135
6840995216795588744
6964199818269511748
6855228526034134936
6505204984303719857
5906183681004315812
5051205075059650846
3934350723677022740
2550798409633190003
896877268560262864
-1029877083768405736
-3230667424152329152
-5705379794677996043
-8452528375432979380
-11469200357220045454
-14751000814271262884
-18291997576962111625
-22084666104525591976
-26119834357766333588
-30386627671774704472
-34872413628640920007
-39562746930169151948
-44441314270591637434
-49489879209282787996
-54688227043473298565
-60014109680964256480
-65443190512841250496
-70948989286188479792
-76502826976802862979
-82073770661908147108
-87628578392869016678
-93131644067905202644
-98544942304805591425
-103827973313642333912
-108937707769484954476
-113828531685114459976
-118452191283737448767
-122757737871700219708
-126691472711202881170
-130196891893013460044
-133214631209182010749
-135682411025754724240
-137534981155488037016
-138704065730562740128
-139118308075298088187
-138703215578865908372
-137381104568004709438
-135071045179733790724
-131688806234067351161
-127146800106728598280
-121354027601863857220
-114216022824756679736
-105634798054541953207
-95508788616920009644
-83732797756870734698
-70197941511367676668
-54791593582092155509
-37397330208147371840
-17894875038772515952
3839955993943123184
27935309802346048909
54523351270504447868
83740318381494081002
115726577344684174540
150626677723023310991
188589407560325320136
229767848508555170020
274319430955114857944
322405989150129301457
374193816333732229348
429853719863352072638
489561076340997855572
553495886740545086611
