12021510766993
10196825712080
8505837931010
6943677532576
5505547732283
4186724852348
2982558321700
1888470675980
899957557541
12587715448
-777996994522
-1476081609880
-2085878061425
-2611525173244
-3057088662712
-3426561140492
-3723862110535
-3952837970080
-4117262009654
-4220834413072
-4267182257437
-4259859513140
-4202347043860
-4098052606564
-3950310851507
-3762383322232
-3537458455570
-3278651581640
-2989004923849
-2671487598892
-2328995616752
-1964351880700
-1580306187295
-1179535226384
-764642581102
-338158727872
97458963595
539826230300
986631915956
1435637970988
1884679452533
2331664524440
2774574457270
3211463628296
3640459521503
4059762727588
4467646943960
4862458974740
5242618730761
5606619229568
5953026595418
6280480059280
6587691958835
6873447738476
7136605949308
7376098249148
7590929402525
7780177280680
7942992861566
8078600229848
8186296576903
8265452200820
8315510506400
8335988005156
8326474315313
8286632161808
8216197376290
8114978897120
7982858769371
7819792144828
7625807281988
7401005546060
7145561408965
6859722449336
6543809352518
6198215910568
5823409022255
5419928693060
4988388035176
4529473267508
4043943715673
3532631812000
2996443095530
2436356212016
1853422913923
1248768060428
623589617420
-20841342500
-683180640019
-1362010989112
-2055841997042
-2763110164360
-3482178884905
-4211338445804
-4948806027472
-5692725703612
-6441168441215
-7192132100560
-7943541435214
-8693248092032
-9439030611157
-10178594426020
-10909571863340
-11629522143124
-12335931378667
-13026212576552
-13697705636650
-14347677352120
-14973321409409
-15571758388252
-16140035761672
-16675127895980
-17173936050775
-17633288378944
-18049939926662
-18420572633392
-18741795331885
-19010143748180
-19222080501604
-19373995104772
-19462203963587
-19482950377240
-19432404538210
-19306663532264
-19101751338457
-18813618829132
-18438143769920
-17971130819740
-17408311530799
-16745344348592
-15977814611902
-15101234552800
-14111043296645
-13002606862084
-11771218161052
-10412096998772
-8920390073755
-7291170977800
-5519440195994
-3600125106712
-1528079981617
701914014340
3095148822920
5656989492596
8392874178553
11308314142688
14408893753610
17700270486640
21188174923811
24878410753868
28776854772268
32889456881180
37222240089485
41781300512776
46572807373358
51603003000248
56878202829175
