-16010661667
-14557997916
-13166457150
-11834689868
-10561359281
-9345141312
-8184724596
-7078810480
-6026113023
-5025358996
-4075287882
-3174651876
-2322215885
-1516757528
-757067136
-41947752
629784869
1259302260
1847763242
2396313924
2906087703
3378205264
3813774580
4213890912
4579636809
4912082108
5212283934
5481286700
5720122107
5929809144
6111354088
6265750504
6393979245
6497008452
6575793554
6631277268
6664389599
6676047840
6667156572
6638607664
6591280273
6526040844
6443743110
6345228092
6231324099
6102846728
5960598864
5805370680
5637939637
5459070484
5269515258
5070013284
4861291175
4644062832
4419029444
4186879488
3948288729
3703920220
3454424302
3200438604
2942588043
2681484824
2417728440
2151905672
1884590589
1616344548
1347716194
1079241460
811443567
544833024
279907628
17152464
-242960095
-499970388
-753431466
-1002909092
-1247981741
-1488240600
-1723289568
-1952745256
-2176236987
-2393406796
-2603909430
-2807412348
-3003595721
-3192152432
-3372788076
-3545220960
-3709182103
-3864415236
-4010676802
-4147735956
-4275374565
-4393387208
-4501581176
-4599776472
-4687805811
-4765514620
-4832761038
-4889415916
-4935362817
-4970498016
-4994730500
-5007981968
-5010186831
-5001292212
-4981257946
-4950056580
-4907673373
-4854106296
-4789366032
-4713475976
-4626472235
-4528403628
-4419331686
-4299330652
-4168487481
-4026901840
-3874686108
-3711965376
-3538877447
-3355572836
-3162214770
-2958979188
-2746054741
-2523642792
-2291957416
-2051225400
-1801686243
-1543592156
-1277208062
-1002811596
-720693105
-431155648
-134514996
168900368
478749249
794677740
1116319222
1443294364
1775211123
2111664744
2452237760
2796499992
3144008549
3494307828
3846929514
4201392580
4557203287
4913855184
5270829108
5627593184
5983602825
6338300732
6691116894
7041468588
7388760379
