444643542670701954853
370866335557621907612
303396884255558037602
241921334202927253228
186134644883740662503
135740479573031791064
90451095082284800188
49987231504862704808
14078001961435591529
-17539217654591163356
-45118898931648675850
-68907471194576336236
-89143431759193591061
-106057456186871725120
-119872508539105643440
-130803951632085653264
-139059657291269246035
-144840116605952879380
-148338550183843759094
-149741018405631621124
-149226531679560513553
-146967160696000578584
-143128146682019834524
-137868011655955957768
-131338668681988064783
-123685532124708494092
-115047627903694588258
-105557703748080475868
-95342339451128853517
-84522057124802767792
-73211431454337397256
-61519199952811834432
-49548373215720867787
-37396345175546763716
-25155003356331048526
-12910839128246290420
-745057962167881481
11266310315754180344
23052301269523509260
34546905598725549640
45688958883955794041
56422031332248001220
66694317522502414150
76458526150913978036
85671769776400558331
94295454566031158752
102295170040454139296
109640578819325434256
116305306366736770237
122266830736643884172
127506372318294741338
132008783581657753372
135762438822849996287
138759123909565428488
140993926026503108788
142465123420795414424
143174075147436259073
143125110814709310868
142325420329616210414
140784943643304788804
138516260496497285635
135534480164918567024
131857131204724343624
127504051197929388640
122497276497835755845
116860931974460997596
110621120759966382850
103805813994085115180
96444740569550550791
88569276877524416536
80212336553025027932
71408260220355507176
62192705238532001161
52602535446711899492
42675710909622052502
32451177662986989268
21968757458957135627
11269037511537032192
393260242013552368
-10616786975615879632
-21718882069215070771
-32870478523080841172
-44028815632514806102
-55151028758395157956
-66194259581748448241
-77115766358321369560
-87873034173152537596
-98423885195144273096
-108726588931634383855
-118739972482967946700
-128423530797069089474
-137737536924012773020
-146643152270596573165
-155102536854912462704
-163078959560918593384
-170536908393011077888
-177442200730595771819
-183762093582660055684
-189465393842344616878
-194522568541515231668
-198905855105334547177
-202589371606833863368
-205549227021484915028
-207763631481771653752
-209213006531762029927
-209880095381679774716
-209750073162476182042
-208810657180401890572
-207052217171578665701
-204467885556571181536
-201053667694958802880
-196808552139907367216
-191734620892740966691
-185837159657513730100
-179124768095581604870
-171609470080174139044
-163306823950966263265
-154236032768650072760
-144420054569506609324
-133885712619977643304
-122663805671237455583
-110789218213764619564
-98301030731913783154
-85242629958487450748
-71661819129307765213
-57610928237788289872
-43146924289505790488
-28331521556772017248
-13231291833205486747
2082225311696736028
17532412277987255714
33037463180696564588
48510273595261260583
63858330302952265304
78983601036303042044
93782424224537813800
108145398738999781289
121957273638579340964
135096837915142303030
147436810238958109460
158843728704128052011
169177840574013490240
178292992026664069520
186036517900245939056
192249131438469969901
196764814036019972972
199410704983980917066
200006991215267146876
198366797050050601007
194296073941189029992
187593490219654214308
178050320839960182392
165450337125591428657
149569696514431131508
130176832304189371358
107032343397831348644
79888884049005601843
