75433752441836420177
99777364444459859836
120614559123214807042
138168023135871648476
152652933189022877683
164277066292654877056
173240910014719699820
179737772735706852016
183953893903215074485
186068554286524124852
186254186231166559510
184676483913499515604
181494513595276493015
176860823878219136344
170921555958589016896
163816553881759414664
155679474796787100313
146637899210984117164
136813441244489563178
126321858884841372940
115273164241548099643
103771733800660697072
91916418679344301588
79800654880450014112
67512573547086682109
55135111217192681572
42746120078107699006
30418478221144513412
18220199896160778271
6214545766130803528
-5539866838282662424
-16988953664156650760
-28083053281736190239
-38776816829862525220
-49029097761401333678
-58802841588670945220
-68064975628870559101
-76786298749508462240
-84941371113830247236
-92508403926247030384
-99469149177763669691
-105808789391406982892
-111515827367653965466
-116581975929860008652
-121002047669687117465
-124773844692532128712
-127898048362954929008
-130378109050106672792
-132220135873158000343
-133432786446727255796
-134027156626308705158
-134016670253700754324
-133416968902434167093
-132245801623200283184
-130522914689279236252
-128269941341968171904
-125510291536009465715
-122269041685018941244
-118572824406914088050
-114449718269342279708
-109929137535108991825
-105041721907606020056
-99819226276239698120
-94294410461859115816
-88500928962184337039
-82473220697234617796
-76246398754756624222
-69856140135652650596
-63338575499408837357
-56730178909523389120
-50067657578934792692
-43387841615450035088
-36727573767172821547
-30123599167931793548
-23612455082708746826
-17230360653066849388
-11013106642578859529
-4995945182255343848
786520484027104736
6300446254097648968
11512857422062989241
16391758932879145580
20906245636923239626
25026612544565276620
28724465080739927387
31972829339518310320
34746262338679773364
37020962274283676000
38774878775241171229
39987823157886987556
40641578680551210974
40720010798131066948
40209177416662702399
39097439147892967688
37375569563851198600
35036865451420998328
32077257066912019457
28495418390631745948
24292877381457275122
19474126231407099644
14046731620212889507
8021444969891274016
1412312699315623772
-5763213521212167344
-13484166515389900187
-21725953346343288364
-30460245062054176250
-39654866440788757004
-49273685736525790585
-59276504424384821768
-69618946946054398160
-80252350455220288216
-91123654562993699255
-102175291083339495476
-113345073778504415974
-124566088104445292756
-135766580956257268757
-146869850413602015856
-157794135486135952892
-168452505858938463680
-178752751637940115027
-188597273095350874748
-197882970415088329682
-206501133438205903708
-214337331408321075761
-221271302717043597848
-227176844649403713064
-231921703129280373608
-235367462464829458799
-237369435093911993092
-237776551329522364094
-236431249105216540580
-233169363720540290509
-227820017586457399040
-220205509970777886548
-210141206743586226640
-197435430122669564171
-181889348418945933260
-163296865781892475306
-141444511944973657004
-116111331971069488361
-87068775997903740712
-54080588983472164736
-16902700451470708472
24716885763276264665
71038201769387757868
122329425873497922922
178866992834827842188
240935704119757310587
308828838156396617584
382848260589158329172
463304534533329069856
550517030829641304637
644814038298845120996
746532873996280010878
856019993466446652676
973631100997578693215
