-38996393590090469
-31593881192218159
-24790965756214234
-18560003588819075
-12874078556852749
-7706993413947877
-3033261127282502
1171903795687043
4932593980493267
8272217858924653
11213508342292790
13778531494699505
15988695206303995
17864757866589959
19426837037632730
20694418127366407
21686363062850987
22420918963539497
22915726814545126
23187830139908357
23253683675864099
23129162044108819
22829568425067674
22369643231161643
21763572780074659
21024997968020741
20167022943011126
19202223778121401
18142657144758635
16999868985928511
15784903189502458
14508310261484783
13180155999279803
11810030164958977
10407055158528038
8979894691194125
7536762458632915
6085430814255755
4633239442476794
3187104031980115
1753524948986867
338595910522397
-1051987342316618
-2412918371095039
-3739271366772133
-5026492476434441
-6270391130028646
-7467131367094441
-8613223163497397
-9705513758161831
-10741178979803674
-11717714573663339
-12632927528238589
-13484927402017405
-14272117650210854
-14993186951485957
-15647100534698557
-16233091505626187
-16750652173700938
-17199525378742327
-17579695817690165
-17891381371337425
-18135024431063110
-18311283225565121
-18421023147593125
-18465308080681423
-18445391725881818
-18362708928496483
-18218867004810829
-18015637068826373
-17754945358993606
-17438864564944861
-17069605154227181
-16649506699035187
-16181029202943946
-15666744427641839
-15109327219663429
-14511546837122329
-13876258276444070
-13206393599098969
-12504953258334997
-11774997425910647
-11019637318827802
-10242026526064603
-9445352335308317
-8632827059688205
-7807679364508390
-6973145593980725
-6132461097957661
-5288851558665115
-4445524317435338
-3605659701439783
-2772402350421973
-1948852543430369
-1138057525551238
-343002834641521
433396371938299
1188303990591329
1918971644751398
2622747358150189
3297084228084371
3939549098682731
4547831234173306
5119750992150515
5653268496842291
6146492312377213
6597688116051638
7005287371596833
7367896002446107
7684303065001943
7953489421903130
8174636415291895
8347134540081035
8470592117221049
8544843966967270
8569960082146997
8546254301426627
8474292982578787
8354903675749466
8189183796725147
7978509300199939
7724543353042709
7429245007564214
7094877874784233
6724018797698699
6319566524546831
5884750382078266
5423138948820191
4938648728344475
4435552822534801
3918489604853798
3392471393610173
2862893125225843
2335541027503067
1816601292891578
1312668751755715
830755545641555
378299800544045
-36825699825866
-406304840774095
-721369503356293
-972790891110713
-1150870856791078
-1245433229099449
-1245815139419093
-1140858348547351
-918900573428506
-567766813886651
-74760679358557
573344284373459
1390313268448666
2390458874195051
3588649786396451
5000319446559685
6641474726181686
8528704600016633
10679188819343083
