-37563043540295
-33030734453248
-28733843881246
-24666056388560
-20821129646173
-17192894431780
-13775254629788
-10562187231316
-7547742334195
-4726043142968
-2091285968890
362259770072
2640251549239
4748273737220
6691837595912
8476381280500
10107269839457
11589795214544
12929176240810
14130558646592
15199015053515
16139544976492
16957074823724
17656457896700
18242474390197
18719831392280
19093162884302
19367029740904
19545919730015
19634247512852
19636354643920
19556509571012
19398907635209
19167671070880
18866849005682
18500417460560
18072279349747
17586264480764
17046129554420
16455558164812
15818160799325
15137474838632
14416964556694
13660021120760
12869962591367
12050033922340
11203406960792
10333180447124
9442380015025
8533958191472
7610794396730
6675694944352
5731393041179
4780548787340
3825749176252
2869508094620
1914266322437
962391532984
16178292830
-922151938168
-1850450806865
-2766643066828
-3668726578336
-4554772308380
-5422924330663
-6271399825600
-7098489080318
-7902555488656
-8682035551165
-9435438875108
-10161348174460
-10858419269908
-11525381088851
-12161035665400
-12764258140378
-13333996761320
-13869272882473
-14369180964796
-14832888575960
-15259636390348
-15648738189055
-15999580859888
-16311624397366
-16584401902720
-16817519583893
-17010656755540
-17163565839028
-17276072362436
-17348074960555
-17379545374888
-17370528453650
-17321142151768
-17231577530881
-17102098759340
-16933043112208
-16724820971260
-16477915824983
-16192884268576
-15870356003950
-15511033839728
-15115693691245
-14685184580548
-14220428636396
-13722421094260
-13192230296323
-12630997691480
-12039937835338
-11420338390216
-10773560125145
-10101036915868
-9404275744840
-8684856701228
-7944432980911
-7184730886480
-6407549827238
-5614762319200
-4808313985093
-3990223554356
-3162582863140
-2327556854308
-1487383577435
-644374188808
199087048574
1040542765000
1877462484047
2707242622580
3527206490752
4334604292004
5126613123065
5900336973952
6652806727970
7380980161712
8081741945059
8751903641180
9388203706532
9987307490860
10545807237197
11060222081864
11526998054470
11942508077912
12303051968375
12604856435332
12844075081544
13016788403060
13119003789217
13146655522640
13095604779242
12961639628224
12740475032075
12427752846572
12019041820780
11509837597052
10895562711029
10171566591640
9333125561102
8375442834920
7293648521887
