4030
3875
3722
3571
3422
3275
3130
2987
2846
2707
2570
2435
2302
2171
2042
1915
1790
1667
1546
1427
1310
1195
1082
971
862
755
650
547
446
347
250
155
62
-29
-118
-205
-290
-373
-454
-533
-610
-685
-758
-829
-898
-965
-1030
-1093
-1154
-1213
-1270
-1325
-1378
-1429
-1478
-1525
-1570
-1613
-1654
-1693
-1730
-1765
-1798
-1829
-1858
-1885
-1910
-1933
-1954
-1973
-1990
-2005
-2018
-2029
-2038
-2045
-2050
-2053
-2054
-2053
-2050
-2045
-2038
-2029
-2018
-2005
-1990
-1973
-1954
-1933
-1910
-1885
-1858
-1829
-1798
-1765
-1730
-1693
-1654
-1613
-1570
-1525
-1478
-1429
-1378
-1325
-1270
-1213
-1154
-1093
-1030
-965
-898
-829
-758
-685
-610
-533
-454
-373
-290
-205
-118
-29
62
155
250
347
446
547
650
755
862
971
1082
1195
1310
1427
1546
1667
1790
1915
2042
2171
2302
2435
2570
2707
2846
2987
3130
3275
3422
3571
3722
3875
4030
