-26577497987732081
-21563234744159461
-16932855635615254
-12669922829974385
-8758396471040449
-5182630341912145
-1927367528349710
1022263917858647
3680755315530311
6062221690721827
8180406113362466
10048684033887791
11680067619873223
13087210092667607
14282410064026778
15277615872747127
16084429921299167
16714113012461099
17177588685952378
17485447555067279
17647951643308463
17675038721020543
17576326642023650
17361117680246999
17038402866362455
16616866324418099
16104889608471794
15510556039224751
14841655040655095
14105686476651431
13309864987646410
12461124327250295
11566121698884527
10631242092415291
9662602620787082
8666056856656271
7647199169024671
6611369059873103
5563655500794962
4508901269629783
3451707287096807
2396436953428547
1347220485004354
307959250983983
-717669890058841
-1726210253502857
-2714420992045702
-3679272759070345
-4617943372011521
-5527813475722165
-6406462205839846
-7251662852153201
-8061378521968369
-8833757803475425
-9567130429114814
-10260002938943785
-10911054344002825
-11519131789682093
-12083246219087854
-12602568036408913
-13076422770283049
-13504286737163449
-13885782704685142
-14220675555031433
-14508867948300337
-14750395985871013
-14945424873770198
-15094244586038641
-15197265528097537
-15255014200114961
-15268128860372302
-15237355188630697
-15163541949497465
-15047636655792541
-14890681231914910
-14693807677209041
-14458233729331321
-14185258527616489
-13876258276444070
-13532681908604809
-13156046748667105
-12747934176343445
-12309985289856838
-11843896569307249
-11351415540038033
-10834336436002369
-10294495863129694
-9733768462692137
-9154062574670953
-8557315901122957
-7945491169546958
-7320571796250193
-6684557549714761
-6039460213964057
-5387299251929206
-4730097468815497
-4069876675468817
-3408653351742085
-2748434309861686
-2091212357793905
-1438961962611361
-793634913859441
-157155986922734
468581393608535
1081719490572071
1680440590867075
2262971342087810
2827587089157167
3372616210960231
3896444456977847
4397519283920186
4874354192360311
5325533063367743
5749714495142027
6145636139646298
6512119039240847
6848071963316687
7152495744929119
7424487617431298
7663245551107799
7868072589808183
8038381187580563
8173697545305170
8273665947327919
8338053098093975
8366752458781319
8359788583934314
8317321458097271
8239650832448015
8127220561431451
7980622939393130
7800603037212815
7588063038938047
7344066578417711
7069843075935602
6766792074843991
6436487578197191
6080682385385123
5701312428766882
5300501110304303
4880563638195527
4444011363508567
3993556116814874
3532114544822903
3062812447011679
2588989112264363
2114201655501818
1642229354316175
1177077985604399
722984162201855
284419669515874
-133904197840681
-527032299415849
-889761312285005
-1216635394417294
-1501941848042065
-1739706783015305
