4339089313
4055516348
3783130448
3521638312
3270750473
3030181298
2799648988
2578875578
2367586937
2165512768
1972386608
1787945828
1611931633
1444089062
1284166988
1131918118
987098993
849469988
718795312
594843008
477384953
366196858
261058268
161752562
68066953
-20207512
-103275952
-181339652
-254596063
-323238802
-387457652
-447438562
-503363647
-555411188
-603755632
-648567592
-690013847
-728257342
-763457188
-795768662
-825343207
-852328432
-876868112
-899102188
-919166767
-937194122
-953312692
-967647082
-980318063
-991442572
-1001133712
-1009500752
-1016649127
-1022680438
-1027692452
-1031779102
-1035030487
-1037532872
-1039368688
-1040616532
-1041351167
-1041643522
-1041560692
-1041165938
-1040518687
-1039674532
-1038685232
-1037598712
-1036459063
-1035306542
-1034177572
-1033104742
-1032116807
-1031238688
-1030491472
-1029892412
-1029454927
-1029188602
-1029099188
-1029188602
-1029454927
-1029892412
-1030491472
-1031238688
-1032116807
-1033104742
-1034177572
-1035306542
-1036459063
-1037598712
-1038685232
-1039674532
-1040518687
-1041165938
-1041560692
-1041643522
-1041351167
-1040616532
-1039368688
-1037532872
-1035030487
-1031779102
-1027692452
-1022680438
-1016649127
-1009500752
-1001133712
-991442572
-980318063
-967647082
-953312692
-937194122
-919166767
-899102188
-876868112
-852328432
-825343207
-795768662
-763457188
-728257342
-690013847
-648567592
-603755632
-555411188
-503363647
-447438562
-387457652
-323238802
-254596063
-181339652
-103275952
-20207512
68066953
161752562
261058268
366196858
477384953
594843008
718795312
849469988
987098993
1131918118
1284166988
1444089062
1611931633
1787945828
1972386608
2165512768
2367586937
2578875578
2799648988
3030181298
3270750473
3521638312
3783130448
4055516348
4339089313
