-41914278562
-30167272637
-19552639526
-10010936893
-1484470706
6082727767
12744924962
18554708023
23563007806
27819121883
31370737546
34263954811
36543309422
38251795855
39430890322
40120573775
40359354910
40184293171
39631021754
38733770611
37525389454
36037370759
34299872770
32341742503
30190538750
27872555083
25412842858
22835234219
20162365102
17415698239
14615546162
11781094207
8930423518
6080534051
3247367578
445830691
-2310182194
-5007765833
-7634981150
-10180832233
-12635243330
-14989035845
-17233905334
-19362398501
-21367890194
-23244560401
-24987371246
-26592043985
-28055036002
-29373517805
-30545350022
-31569060397
-32443820786
-33169424153
-33746261566
-34175299193
-34458055298
-34596577237
-34593418454
-34451615477
-34174664914
-33766500449
-33231469838
-32574311905
-31800133538
-30914386685
-29922845350
-28831582589
-27646947506
-26375542249
-25024199006
-23599957001
-22110039490
-20561830757
-18962853110
-17320743877
-15643232402
-13938117041
-12213242158
-10476475121
-8735683298
-6998711053
-5273356742
-3567349709
-1888327282
-243811769
1358812546
2912322407
4409678590
5844048907
7208831210
8497676395
9704511406
10823562239
11849376946
12776848639
13601238494
14318198755
14923795738
15414532835
15787373518
16039764343
16169657954
16175536087
16056432574
15811956347
15442314442
14948335003
14331490286
13593919663
12738452626
11768631791
10688735902
9503802835
8219652602
6842910355
5381029390
3842314151
2235943234
571992391
-1138542466
-2883722261
-4650641750
-6425406517
-8193109970
-9937810337
-11642507662
-13289120801
-14858464418
-16330225981
-17682942758
-18893978813
-19939502002
-20794460969
-21432562142
-21826246729
-21946667714
-21763666853
-21245751670
-20360072453
-19072399250
-17347098865
-15147111854
-12433929521
-9167570914
-5306559821
-807901766
4372938995
10282062478
16967155975
24477517058
32864076583
42179421694
52477818827
63815236714
76249369387
89839659182
