-311171342325915071
-264287175348763644
-221008954195158822
-181168473397902988
-144602125322659349
-111150842653829984
-80660040880433892
-52979560781985040
-27963610914370411
-5470710095728052
14636370107674878
32490662895564060
48221063747779967
61952387938399816
73805428049859520
83897011487075640
92340057991567337
99243637155578324
104713025936198818
108849766169487492
111751722084593427
113513137817878064
114224694927037156
113973569905222720
112843491695164989
110914799203294364
108264498813863366
104966321903068588
101090782353172647
96705234066626136
91873928480189576
86658072079055368
81115883910969745
75302653100354724
69270796362430058
63069915517335188
56746855004251195
50345759395522752
43908130910780076
37472886931060880
31076417512932325
24752642902612972
18533071050094734
12446855123264828
6520851022027727
779674892427112
-4754239359232176
-10060582552262184
-15121112717469895
-19919597583035276
-24441757060389326
-28675205730092124
-32609395327710877
-36235557229697968
-39546644939269004
-42537276572280864
-45203677343109747
-47543622050529220
-49556377563588266
-51242645307489332
-52604503749466377
-53645350884662920
-54369846722010088
-54783855770104664
-54894389523087135
-54709548946519740
-54238466963264518
-53491250939361356
-52478925169906037
-51213373364928288
-49707281135269828
-47974078478462416
-46027882264605899
-43883438722246260
-41556065924253666
-39061596273700516
-36416318989739489
-33636922593481592
-30740437393874208
-27744177973579144
-24665685674850679
-21522671085413612
-18332956524341310
-15114418527933756
-11884930335595597
-8662304375714192
-5464234751537660
-2308239727052928
788395787136221
3808677747931100
6735960493860070
9554004259200492
12247032688100679
14799790348701848
17197600247260072
19426421342268232
21472906058577969
23324457801521636
24969288471034250
26396475975775444
27596021747251419
28558908253936896
29277156515397068
29743883616409552
29953360221086341
29901068086995756
29583757579284398
28999505184799100
28147771026208879
27029456376126888
25646961171232368
24004241526392600
22106867248784857
19962079352018356
17578847570256210
14967927872337380
12141919975898627
9115324861496464
5904602286729108
2528228300358432
-993247243568083
-4637143171595396
-8378589476738954
-12190469804362740
-16043363938057321
-19905490285517896
-23742648364422344
-27518161288309272
-31192818252456063
-34724817019756924
-38069706406600934
-41180328768750092
-44006762487217365
-46496264454144736
-48593212558681252
-50239048172861072
-51372218637481515
-51928119747981108
-51839038240317634
-51034094276846180
-49439183932197185
-46976921679154488
-43566582874533376
-39124046245058632
-33561736373242583
-26788566183263148
-18709879426841886
-9227393169122044
1760859725453395
14360588107263664
28681300055632164
44836360392948416
62943048198790013
83122614324044572
105500338905031686
130205588877624876
157371875491373543
