1738682647
1788495152
1830136856
1863901060
1890077231
1908951002
1920804172
1925914706
1924556735
1917000556
1903512632
1884355592
1859788231
1830065510
1795438556
1756154662
1712457287
1664586056
1612776760
1557261356
1498267967
1436020882
1370740556
1302643610
1231942831
1158847172
1083561752
1006287856
927222935
846560606
764490652
681199022
596867831
511675360
425796056
339400532
252655567
165724106
78765260
-8065694
-94617313
-180741988
-266295944
-351139240
-435135769
-518153258
-600063268
-680741194
-760066265
-837921544
-914193928
-988774148
-1061556769
-1132440190
-1201326644
-1268122198
-1332736753
-1395084044
-1455081640
-1512650944
-1567717193
-1620209458
-1670060644
-1717207490
-1761590569
-1803154288
-1841846888
-1877620444
-1910430865
-1940237894
-1967005108
-1990699918
-2011293569
-2028761140
-2043081544
-2054237528
-2062215673
-2067006394
-2068603940
-2067006394
-2062215673
-2054237528
-2043081544
-2028761140
-2011293569
-1990699918
-1967005108
-1940237894
-1910430865
-1877620444
-1841846888
-1803154288
-1761590569
-1717207490
-1670060644
-1620209458
-1567717193
-1512650944
-1455081640
-1395084044
-1332736753
-1268122198
-1201326644
-1132440190
-1061556769
-988774148
-914193928
-837921544
-760066265
-680741194
-600063268
-518153258
-435135769
-351139240
-266295944
-180741988
-94617313
-8065694
78765260
165724106
252655567
339400532
425796056
511675360
596867831
681199022
764490652
846560606
927222935
1006287856
1083561752
1158847172
1231942831
1302643610
1370740556
1436020882
1498267967
1557261356
1612776760
1664586056
1712457287
1756154662
1795438556
1830065510
1859788231
1884355592
1903512632
1917000556
1924556735
1925914706
1920804172
1908951002
1890077231
1863901060
1830136856
1788495152
1738682647
