-127229921
-115472644
-104132770
-93204548
-82682227
-72560056
-62832284
-53493160
-44536933
-35957852
-27750166
-19908124
-12425975
-5297968
1481648
7918624
14018711
19787660
25231222
30355148
35165189
39667096
43866620
47769512
51381523
54708404
57755906
60529780
63035777
65279648
67267144
69004016
70496015
71748892
72768398
73560284
74130301
74484200
74627732
74566648
74306699
73853636
73213210
72391172
71393273
70225264
68892896
67401920
65758087
63967148
62034854
59966956
57769205
55447352
53007148
50454344
47794691
45033940
42177842
39232148
36202609
33094976
29915000
26668432
23361023
19998524
16586686
13131260
9637997
6112648
2560964
-1011304
-4598405
-8194588
-11794102
-15391196
-18980119
-22555120
-26110448
-29640352
-33139081
-36600884
-40020010
-43390708
-46707227
-49963816
-53154724
-56274200
-59316493
-62275852
-65146526
-67922764
-70598815
-73168928
-75627352
-77968336
-80186129
-82274980
-84229138
-86042852
-87710371
-89225944
-90583820
-91778248
-92803477
-93653756
-94323334
-94806460
-95097383
-95190352
-95079616
-94759424
-94224025
-93467668
-92484602
-91269076
-89815339
-88117640
-86170228
-83967352
-81503261
-78772204
-75768430
-72486188
-68919727
-65063296
-60911144
-56457520
-51696673
-46622852
-41230306
-35513284
-29466035
-23082808
-16357852
-9285416
-1859749
5924900
14074282
22594148
31490249
40768336
50434160
60493472
70952023
81815564
93089846
104780620
116893637
129434648
142409404
155823656
169683155
183993652
198760898
213990644
229688641
