-36730009747856555
-25593467312421430
-15474496289037388
-6323041262175722
1909566455310557
9270626168720984
15806085148041904
21560555974480736
26577333887000237
30898414128852766
34564509294114548
37615066674219938
40088285604495685
42021134810695196
43449369755532800
44407549985218012
44929056475989797
45046108980650834
44789783375101780
44190029004875534
43275686031671501
42074502779889856
40613153083165808
38917253630903864
37011381314812093
34919090575436390
32662930748694740
30264463412411482
27744279732851573
25122017811254852
22416380030370304
19645150400990324
16825211908484981
13972563859336282
11102339227672436
8228822001802118
5365464530748733
2524904870784680
-281015868034384
-3041236175335280
-5745456793893043
-8384123373096658
-10948409122414796
-13430197464861550
-15822064690462171
-18117262609718804
-20309701207076224
-22393931294387572
-24365127164380091
-26219069244120862
-27952126748482540
-29561240333609090
-31043904750381523
-32398151497883632
-33622531476867728
-34716097643220376
-35678387661428131
-36509406558043274
-37209609375149548
-37779883823827894
-38221532937622187
-38536257726004972
-38726139827843200
-38793624164863964
-38741501595120235
-38572891566456598
-38291224769974988
-37900225793500426
-37403895775046755
-36806495056282376
-36112525835995984
-35326714823562304
-34453995892407827
-33499492733476546
-32468501508695692
-31366473504441470
-30198997785004795
-28971783846057028
-27690644268115712
-26361477370010308
-24990249862347931
-23582979500979086
-22145717740463404
-20684532387535378
-19205490254570099
-17714639813048992
-16217993847025552
-14721512106591080
-13231083961340419
-11752511053837690
-10291489953082028
-8853594807973318
-7444260000777931
-6068762800594460
-4732206016819456
-3439500652613164
-2195348558365259
-1004225085160582
129638261755124
1202271169509478
2209981864137725
3149374457117000
4017366291900592
4811205290452208
5528487299780237
6167173438472014
6725607443228084
7202533015396466
7597111167506917
7908937569805196
8138059896787328
8284995173733868
8350747123244165
8336823511770626
8245253496152980
8078604970152542
7840001910986477
7533141725862064
7162312598510960
6732410835723464
6248958213882781
5718119325499286
5146718925744788
4542259278986794
3912937505322773
3267662927114420
2616074415521920
1968557737038212
1336262900023253
731121501238282
165864072380084
-345962573384746
-789977994885539
-1150950776413288
-1412781181186384
-1558483804816352
-1570170228773587
-1429031673853090
-1115321653640204
-608338627976350
113591343575237
1073131948263772
2293953966685184
3800752619316380
5619264913049509
7776286987726226
10299691462671956
13218444783230158
16562624567296589
20363436951853568
24653233939504240
29465530745006840
34835023141808957
40797604808581798
47390384675754452
54651704272048154
62621155071010549
