-25665136185073385
-31221273804966168
-35805828771603198
-39482193908884864
-42311689883873615
-44353593963854936
-45665168773398324
-46301691051418264
-46316480408235205
-45760928082636536
-44684525698937562
-43134894024042480
-41157811724505355
-38797244123591096
-36095371958336432
-33092620136610888
-29827686494177761
-26337570551755096
-22657602272076662
-18821470816952928
-14861253304332039
-10807443565360792
-6688980901445612
-2533278841313528
1633746101926851
5787645673724360
9905411121024302
13965444435207472
17947529595029181
21832803809558280
25603728761116184
29244061848215896
32738827428501031
36074288061684840
39237915752489234
42218363193583808
45005435008524865
47590058994694440
49964257366239324
52121117997010088
54054765663500107
55760333287784584
57233933180459574
58472628283581008
59474403413603717
60238136504320456
60763569849800928
61051281347330808
61102655740350767
60919855861395496
60505793875032730
59864102520802272
58999106356155017
57915792999391976
56619784372603300
55117307944607304
53415167973889491
51520716751541576
49441825844200510
47186857336987504
44764635076447053
42184415913485960
39455860946312360
36589006763374744
33594236686300983
30482252012837352
27264043259787554
23950861405951744
20554189135065553
17085712078739112
13557290059396076
9980928333212648
6368748833056603
2732961411426312
-914164916610234
-4560330730476400
-8193234961147883
-11800603648213688
-15370218696937104
-18889946635316680
-22347767371147201
-25731802949080664
-29030346307687254
-32231890036516320
-35325155133157351
-38299119760300952
-41143048002799820
-43846518624729720
-46399453826450461
-48792148001666872
-51015296494489778
-53060024356496976
-54917915103794211
-56581039474076152
-58041984183687368
-59293880684683304
-60330433921891257
-61145951089971352
-61735370390477518
-62094289788918464
-62218995771818655
-62106492103779288
-61754528584539268
-61161629806036184
-60327123909467285
-59251171342350456
-57934793615585194
-56379902060513584
-54589326585981275
-52566844435398456
-50317208943800832
-47846178294910600
-45160544278197425
-42268161045939416
-39177973870284102
-35900047900309408
-32445596919084631
-28827012100731416
-25057890767484732
-21153065146753848
-17128631128183309
-13001977020713912
-8791812309643682
-4518196413688848
-202567442044819
4132229048552840
8461911296767432
12760732579600152
17001452455329111
21155308006448360
25191985082606914
29079589543547776
32784618502046961
36271931566852520
39504722085623564
42444488387869288
45051005027887995
47282294027706120
49094596120017254
50442341991121168
51278123523862837
51552665040571464
51214794545999504
50211414970261688
48487475411774047
45985942380192936
42647771039354058
38411876450211488
33215104813776697
26992204714057576
19675798360997460
11196352833414152
1482151321938947
-9540735628044344
-21948478873460370
-35819519430603216
-51234597232197379
