544224299687887
574105872053924
597894536886542
615956711043748
628647699163325
636311839876256
639282652020148
637882980852656
632425144264907
623211078994924
610532486841050
594670980875372
575898231657145
554476113446216
530656850416448
504683162869144
476788413446471
447196753344884
416123268528550
383774125942772
350346719727413
316029817430320
281003706220748
245440339102784
209503481128771
173348855612732
137124290343794
100969863799612
65018051359793
29393871519320
-5784967898024
-40407923526232
-74371470243649
-107578954959548
-139940450400706
-171372608897980
-201798516172883
-231147545124160
-259355209614364
-286363018256432
-312118328200261
-336574198919284
-359689245997046
-381427494913780
-401758234832983
-420655872387992
-438099785468560
-454074177007432
-468567928766921
-481574455125484
-493091556864298
-503121274953836
-511669744340443
-518747047732912
-524367069389060
-528547348902304
-531308934988237
-532676239271204
-532676890070878
-531341586188836
-528703950695135
-524800384714888
-519669921214840
-513354078789944
-505896715449937
-497343882405916
-487743677856914
-477146100776476
-465602904699235
-453167451507488
-439894565217772
-425840385767440
-411062222801237
-395618409457876
-379568156156614
-362971404383828
-345888680479591
-328380949424248
-310509468624992
-292335641702440
-273920872277209
-255326417756492
-236613243120634
-217841874709708
-199072254010091
-180363591441040
-161774220141268
-143361449755520
-125181420221149
-107288955554692
-89737417638446
-72578560007044
-55862381634031
-39636980718440
-23948408471368
-8840522902552
5645157393055
19469599448708
32596402139294
44991942394756
56625521413517
67469510875904
77499499157572
86694437542928
95036786438555
102512661586636
109111980278378
114828607567436
119660502483337
123609864244904
126683278473680
128891863407352
130251416113175
130782558701396
130510884538678
129467104461524
127687192989701
125212534539664
122090069637980
118372441134752
114118140417043
109391653622300
104263607851778
98810917383964
93116929888001
87271572637112
81371498722024
75520233264392
69828319630223
64413465643300
59400689798606
54922467475748
51118877152381
48137746617632
46134799185524
45273799908400
45726701790347
47673792000620
51303838087066
56814234189548
64411147253369
74309663242696
86733933353984
101917320229400
120102544170247
141541829350388
166497050029670
195239876767348
228051922635509
265224889432496
307060713896332
353871713918144
405980734755587
463721295246268
527437734021170
597485355718076
674230577194993
