383963945153946474863
341951190936100616164
303672842973932571454
268906214609671954052
237436129136726270413
209054809545109138144
183561768266868504020
160763696921514862000
140474356061449471243
122514464917392574124
106711591143811614250
92900040564349454476
80920746917252594921
70621161600799390984
61855143418728271360
54482848325665956056
48370619172555674407
43390875452085383092
39422003044115984150
36348243961109542996
34059586093557506437
32451652955408920688
31425593429498649388
30887971512975591616
30750656062730899907
30930710540826198268
31350282759921800194
31936494628704926684
32621331897317924257
33341533902786482968
34038483314447854424
34658095879379069800
35150710167825157855
35470977318627362948
35577750784651363054
35433976078215487780
35006580516518936381
34266362967069995776
33187883593114258564
31749353599062841040
29932524975920601211
27722580246714356812
25108022211921103322
22080563694896231980
18635017287301747801
14769185094534487592
10483748481154337968
5782157816312453368
670522219179474071
-4842500695626255788
-10745815072610470202
-17025997069974763276
-23667405114188371211
-30652290154559954288
-37960905917809378852
-45571619162639499296
-53461019934307940045
-61604031819198877540
-69974022199394822222
-78542912507248400516
-87281288479954136815
-96158510414120235464
-105142823420340362744
-114201467677765428856
-123300788688675369905
-132406347533050929884
-141483031123145442658
-150495162458056613948
-159406610878298303315
-168180902320372306144
-176781329571340135628
-185171062523394804752
-193313258428432608277
-201171172152624904724
-208708266430989898358
-215888322121964421172
-222675548461975714871
-229034693320013212856
-234931153452200322208
-240331084756366205672
-245201512526617563641
-249510441707910416140
-253226967150621884810
-256321383865121974892
-258765297276345357211
-260531733478363150160
-261595249488954701684
-261932043504179371264
-261520065152948311901
-260339125751596252100
-258371008558453277854
-255599579028416614628
-252010895067522409343
-247593317287517512360
-242337619260431259464
-236237097773147253848
-229287683081975148097
-221488049167222426172
-212839723987766185394
-203347199735624918428
-193018043090530295267
-181863005474498945216
-169896133306404238876
-157134878256548070128
-143600207501232638117
-129316713977332229236
-114312726636864999110
-98620420701564754580
-82275927917452735687
-65319446809409397656
-47795352935746192880
-29752309142777352904
-11243375819391670409
7673878848375718804
26937268622771553830
46479878959752666676
66229956754414200277
86110800086417826512
106040647965419964220
125932570076499997216
145694356525588492307
165228407584895417308
184431623438338359058
203195293926970741436
221404988294410043377
238940444932266016888
255675461125568905064
271477782798197660104
286208994258308161327
299724407943761433188
311872954167551863294
322497070863235420420
331432593330357872525
338508643979883004768
343547522079620837524
346364593499655844400
346768180457775170251
344559451264896849196
339532310070498022634
331473286608043157260
320161425940412263081
305368178205329111432
286857288360789452992
264384685930489235800
237698374749252823271
206538322708461212212
170636351501480250838
129716026369088856788
83492545844907235141
31672631500825096432
-26045582307570125332
-89972658695565054656
-160427968503892156541
-237739800553301518468
-322245471899132632382
-414291438085886176676
-514233403401795798175
