14740715977
13123601132
11595104816
10152587320
8793443441
7515102482
6315028252
5190719066
4139707745
3159561616
2247882512
1402306772
620505241
-99816730
-760919284
-1365028058
-1914334183
-2410994284
-2857130480
-3254830384
-3606147103
-3913099238
-4177670884
-4401811630
-4587436559
-4736426248
-4850626768
-4931849684
-4981872055
-5002436434
-4995250868
-4961988898
-4904289559
-4823757380
-4721962384
-4600440088
-4460691503
-4304183134
-4132346980
-3946580534
-3748246783
-3538674208
-3319156784
-3090953980
-2855290759
-2613357578
-2366310388
-2115270634
-1861325255
-1605526684
-1348892848
-1092407168
-837018559
-583641430
-333155684
-86406718
155794577
392671816
623483120
847521116
1064112937
1272620222
1472439116
1663000270
1843768841
2014244492
2173961392
2322488216
2459428145
2584418866
2697132572
2797275962
2884590241
2958851120
3019868816
3067488052
3101588057
3122082566
3128919820
3122082566
3101588057
3067488052
3019868816
2958851120
2884590241
2797275962
2697132572
2584418866
2459428145
2322488216
2173961392
2014244492
1843768841
1663000270
1472439116
1272620222
1064112937
847521116
623483120
392671816
155794577
-86406718
-333155684
-583641430
-837018559
-1092407168
-1348892848
-1605526684
-1861325255
-2115270634
-2366310388
-2613357578
-2855290759
-3090953980
-3319156784
-3538674208
-3748246783
-3946580534
-4132346980
-4304183134
-4460691503
-4600440088
-4721962384
-4823757380
-4904289559
-4961988898
-4995250868
-5002436434
-4981872055
-4931849684
-4850626768
-4736426248
-4587436559
-4401811630
-4177670884
-3913099238
-3606147103
-3254830384
-2857130480
-2410994284
-1914334183
-1365028058
-760919284
-99816730
620505241
1402306772
2247882512
3159561616
4139707745
5190719066
6315028252
7515102482
8793443441
10152587320
11595104816
13123601132
14740715977
