53681673034682771
47624941520073586
41965545343990060
36687046674307118
31773405654828355
27208976068652470
22978501001539700
19067108505278254
15460307261050747
12143982242800634
9104390380598644
6328156224009214
3802267605456923
1514071303592926
-548731293338612
-2398088524134082
-4045602791263997
-5502534897506558
-6779808382581220
-7888013859782258
-8837413352612333
-9637944631416058
-10299225550013564
-10830558382334066
-11240934159049429
-11539037004207734
-11733248471866844
-11831651882727970
-11842036660769237
-11771902669879250
-11628464550490660
-11418656056213730
-11149134390469901
-10826284543125358
-10456223627124596
-10044805215123986
-9597623676125341
-9120018512109482
-8617078694669804
-8093647001645842
-7554324353756837
-7003474151235302
-6445226610460588
-5883483100592450
-5321920480204613
-4763995433918338
-4212948809035988
-3671809952174594
-3143401045899421
-2630341445357534
-2135052014911364
-1659759464772274
-1206500687634125
-777127095306842
-373308955349980
3460272293710
351859598664715
670736169153194
959100926865412
1216124275990174
1441131745165259
1633599650843854
1793150760660988
1919549956799966
2012699899358803
2072636689716658
2099525533900268
2093656405950382
2055439711288195
1985401950081782
1884181380612532
1752523682641582
1591277620776251
1401390707836474
1183904868221236
939952101275006
670750144654171
377598137693470
61872284772428
-274978481318210
-631436836010045
-1005921399590590
-1396791073836836
-1802349378648818
-2220848788683181
-2650495069986746
-3089451616630076
-3535843787341042
-3987763242138389
-4443272278965302
-4900408170322972
-5357187499904162
-5811610499226773
-6261665384267410
-6705332692094948
-7140589617504098
-7565414349648973
-7977790408676654
-8375710982360756
-8757183262734994
-9120232782726749
-9462907752790634
-9783283397542060
-10079466292390802
-10349598700174565
-10591862907792550
-10804485562839020
-10985742010236866
-11133960628871173
-11247527168222786
-11324889085001876
-11364559879781506
-11365123433631197
-11325238344750494
-11243642265102532
-11119156237047602
-10950689029976717
-10737241476945178
-10477910811306140
-10171895003344178
-9818497096908853
-9417129546048278
-8967318551642684
-8468708398037986
-7921065789679349
-7324284187744754
-6678388146778564
-5983537651325090
-5240032452562157
-4448316404934670
-3608981802788180
-2722773717002450
-1790594331625021
-813507280504778
207258016074484
1270302014760494
2374050712498939
3516751309899898
4696467874604276
5911077004650238
7158263491839643
8435515985104478
9740122653873292
11069166851437630
12419522778318467
13787851145632642
15170594838459292
16563974579206286
17963984590976659
19366388260935046
20766713803674116
22160249924581006
23542041483203755
24906885156617738
26249325102792100
27563648623956190
28843881829965995
