-190369362473210921
-164251610422308024
-140023143172285758
-117598737055920544
-96895467322419215
-77832679380358040
-60331960040621748
-44317108759342552
-29714108880839173
-16451098880555864
-4458343608001434
6331794470311728
15984884027928629
24564453635512648
32132020517906512
38747119311193272
44467330819757279
49348310773345160
53443818584126794
56805746103756288
59484146380432953
61527262415962280
62981555922816916
63891736081197640
64300788296094339
64250002954346984
63779004181706606
62925778599896272
61726704083672061
60216578517884040
58428648554537240
56394638369852632
54144778421328103
51707834204799432
49111135011501266
46380602685128096
43540780378895233
40614861312599784
37624717529681628
34590928654284392
31532810648316427
28468444568511784
25414705323491190
22387290430823024
19400748774084293
16468509359921608
13602910075112160
10815226443624696
8115700383680495
5513568964814344
3017093164935514
633586627388736
-1630555581984823
-3769828217786584
-5779587097999580
-7656020346927480
-9396119638133613
-10997651437379992
-12459128245566338
-13779779841669104
-14959524525680499
-15998940361547512
-16899236420110936
-17662224022044392
-18290287980793353
-18786357845514168
-19153879144013086
-19396784625685280
-19519465504453871
-19526742701708952
-19423838089246612
-19216345732207960
-18910203132018149
-18511662469325400
-18027261846940026
-17463796532773456
-16828290202777259
-16127966183882168
-15370218696937104
-14562584099648200
-13712712129517825
-12828337146783608
-11917249377357462
-10987266155764608
-10046203168082599
-9101845694880344
-8161919854157132
-7234063844281656
-6325799186931037
-5444501970029848
-4597374090689138
-3791414498145456
-3033390436699875
-2329808688657016
-1686886817264072
-1110524409649832
-606274319763705
-179313911314744
165583699289330
424078400003104
592291840204449
666836187755496
644842886063612
523991411142376
302538028672555
-20655448936920
-446092905487978
-973615163932432
-1602371229311003
-2330789531692344
-3156549169112064
-4076551150511752
-5086889638678001
-6182823193181432
-7358746013315718
-8608159181036608
-9923641903900951
-11296822758005720
-12718350930927036
-14177867464659192
-15663976498553677
-17164216512258200
-18665031568655714
-20151742556803440
-21608518434871891
-23018347473083896
-24363008496653624
-25623042128725608
-26777722033313769
-27805026158240440
-28681607978075390
-29382767737074848
-29882423692120527
-30153083355658648
-30165814738638964
-29890217593453784
-29294394656876997
-28344922893003096
-27006824736186202
-25243539333979088
-23016893790072203
-20287074407232696
-17012597930243440
-13150282788842056
-8655220340659937
-3480746114161272
2421588948417930
9102047248130816
16612733286380665
25007622421981864
34342589628220884
44675438249917256
56065928760484547
68575807518991336
82268835527222190
97210817186738640
113469629055940157
