-17542772972081851
-12875999152188086
-8588625732823652
-4664214881863474
-1086726743111147
2159484900334630
5089676962713620
7718721392237614
10061109507723997
12130956335229314
13942004944682836
15507630786520126
16840846028316605
17954303891421118
18860302987589500
19570791655618142
20097372297977557
20451305717445946
20643515453742764
20684592120162286
20584797740207173
20354070084222038
20002027006027012
19537970779551310
18970892435466797
18309476097821554
17562103320673444
16736857424723678
15841527833950381
14883614412242158
13870331800031660
12808613750929150
11705117468356069
10566227942178602
9398062285341244
8206474070500366
6997057666657781
5775152575794310
4545847769503348
3313986025624430
2084168264876797
860757887492962
-352114890147724
-1550548698885506
-2730866680146659
-3889612149309922
-5023544259072932
-6129633662818658
-7205058177981835
-8247198449415398
-9253633612756916
-10222136957795026
-11150671591835867
-12037386103069514
-12880610223936412
-13678850494493810
-14430785925782195
-15135263663191726
-15791294649828668
-16398049289881826
-16954853111988979
-17461182432603314
-17916660019359860
-18321050754441922
-18674257297947515
-18976315751255798
-19227391320393508
-19427773979401394
-19577874133700651
-19678218283459354
-19729444686958892
-19732299023960402
-19687630059071203
-19596385305111230
-19459606686479468
-19278426202520386
-19054061590890371
-18787811990924162
-18481053607001284
-18135235371912482
-17751874610226155
-17332552701654790
-16878910744421396
-16392645218625938
-15875503649611771
-15329280271332074
-14755811689716284
-14156972546036530
-13534671180274067
-12890845294485710
-12227457616170268
-11546491561634978
-10849946899361939
-10139835413374546
-9418176566603924
-8686993164255362
-7948307017174747
-7204134605214998
-6456482740602500
-5707344231303538
-4958693544390731
-4212482469409466
-3470635781744332
-2735046905985554
-2007573579295427
-1290033514774750
-584200064829260
108202115463934
785501404989917
1446083553229534
2088396016892956
2710952296553246
3312336273279925
3891206545272538
4446300764494220
4976439973305262
5480532941096677
5957580500923766
6406679886139684
6827029067029006
7217931087441293
7578798401424658
7909157209859332
8208651797091230
8477048867565517
8714241882460174
8920255396319564
9095249393687998
9239523625743301
9353521946930378
9437836651594780
9493212810616270
9520552608042389
9520919677722022
9495543439938964
9445823438045486
9373333675095901
9279826950480130
9167239196557268
9037693815289150
8893506014873917
8737187146379582
8571449040377596
8399208343576414
8223590855455061
8047935864896698
7875800486822188
7710963998823662
7557432177798085
7419441636580822
7301464160579204
7208211044406094
7144637428513453
7115946635825906
7127594508374308
7185293743929310
7295018232634925
