496071174541072224731
434345006918427796072
376817794601208650326
323309536615539279032
273644856359410657945
227652946475394356044
185167513723356644540
146026723853172605884
110073146477440242775
77153699944194587168
47119596209621809282
19826285710773326608
-4866597761720087083
-27095292190934192732
-46991962460937176984
-64684755484075543180
-80297855328260002349
-93951538344251364200
-105762228292946428114
-115842551472663874136
-124301391846430153967
-131243946169265381956
-136771779115469226092
-140982878405906798996
-143971709935294548913
-145829272899486150704
-146643154922758396838
-146497587185097088384
-145473499549482926003
-143648575689177400940
-141097308215008686016
-137891053802657526620
-134098088319943131701
-129783661954109064760
-125010054339109134842
-119836629682893287528
-114319891894693495927
-108513539712309651668
-102468521829395455892
-96233092022744310244
-89852864279575207865
-83370867924818624384
-76827602748402408910
-70261094132537675024
-63706948179004691771
-57198406836438774652
-50766403027616176616
-44439615776739979052
-38244525336725982781
-32205468316488599048
-26344692808226740514
-20682413514709712248
-15236866876563102719
-10024366199554674788
-5059356781880256700
-354471041449633076
4079416356827564095
8233133373755964464
12099155468568568330
15671550471640855648
18945923457204895037
21919361616063452788
24590379128304101872
26958862036013330948
29026013115990653371
30794296752462716200
32267383809797409206
33450096505217973880
34348353281517112441
34969113679771096844
35320323212053877788
35410858234151193724
35250470818274679863
34849733625775977184
34219984779860841442
33373272738303252176
32322301166159521717
31080373808482404196
29661339363035204552
28079536353005887540
26349737999721186739
24487097095360713560
22507090875671066254
20425465892679938920
18258182887410230513
16021361662594153852
13731225955387344628
11404048310082970412
9056094950825839663
6703570654326510736
4362563622575400890
2048990355556895296
-221459476036543955
-2433378158090268844
-4571695060353336416
-6621731763724399772
-8569257187537599061
-10400542716848452472
-12102417329719747226
-13662322724507430568
-15068368447146500759
-16309387018436898068
-17374989061329395764
-18255618428211491108
-18942607328193296345
-19428231454393429696
-19705765111224906350
-19769536341681029456
-19614982054621281115
-19238703152057213372
-18638519656438339208
-17813525837938023532
-16764145341739374173
-15492186315321132872
-14000896535743566274
-12295018536934356920
-10380844736974494239
-8266272565384165540
-5960859590408647004
-3475878646304194676
-824372960623935457
1978788718496241904
4916856995051795818
7971146697883640864
11120981753392256797
14343640058251797556
17614298352124200272
20905977090373294276
24189485316778910107
27433365536250988520
30603838587543689494
33664748515969501240
36577507446113349209
39301040454546705100
41791730442541695868
44003363008785212732
45887071322093020183
47391280994123864992
48461654952093585218
49041038311489219216
49069403248783114645
48483793874147037476
47218271104166281000
45203857534553774836
42368482312864193939
38636926011208067608
33930765498965888494
28168318815502221608
21264590042879813329
13131214178573700412
3676402008185318996
-7195115021843386388
-19582139931515853809
-33587065334566794928
-49315928565748085990
-66878466808114658816
-86388172220310391795
