973631100997578693215
856019993466446652676
746532873996280010878
644814038298845120996
550517030829641304637
463304534533329069856
382848260589158329172
308828838156396617584
240935704119757310587
178866992834827842188
122329425873497922922
71038201769387757868
24716885763276264665
-16902700451470708472
-54080588983472164736
-87068775997903740712
-116111331971069488361
-141444511944973657004
-163296865781892475306
-181889348418945933260
-197435430122669564171
-210141206743586226640
-220205509970777886548
-227820017586457399040
-233169363720540290509
-236431249105216540580
-237776551329522364094
-237369435093911993092
-235367462464829458799
-231921703129280373608
-227176844649403713064
-221271302717043597848
-214337331408321075761
-206501133438205903708
-197882970415088329682
-188597273095350874748
-178752751637940115027
-168452505858938463680
-157794135486135952892
-146869850413602015856
-135766580956257268757
-124566088104445292756
-113345073778504415974
-102175291083339495476
-91123654562993699255
-80252350455220288216
-69618946946054398160
-59276504424384821768
-49273685736525790585
-39654866440788757004
-30460245062054176250
-21725953346343288364
-13484166515389900187
-5763213521212167344
1412312699315623772
8021444969891274016
14046731620212889507
19474126231407099644
24292877381457275122
28495418390631745948
32077257066912019457
35036865451420998328
37375569563851198600
39097439147892967688
40209177416662702399
40720010798131066948
40641578680551210974
39987823157886987556
38774878775241171229
37020962274283676000
34746262338679773364
31972829339518310320
28724465080739927387
25026612544565276620
20906245636923239626
16391758932879145580
11512857422062989241
6300446254097648968
786520484027104736
-4995945182255343848
-11013106642578859529
-17230360653066849388
-23612455082708746826
-30123599167931793548
-36727573767172821547
-43387841615450035088
-50067657578934792692
-56730178909523389120
-63338575499408837357
-69856140135652650596
-76246398754756624222
-82473220697234617796
-88500928962184337039
-94294410461859115816
-99819226276239698120
-105041721907606020056
-109929137535108991825
-114449718269342279708
-118572824406914088050
-122269041685018941244
-125510291536009465715
-128269941341968171904
-130522914689279236252
-132245801623200283184
-133416968902434167093
-134016670253700754324
-134027156626308705158
-133432786446727255796
-132220135873158000343
-130378109050106672792
-127898048362954929008
-124773844692532128712
-121002047669687117465
-116581975929860008652
-111515827367653965466
-105808789391406982892
-99469149177763669691
-92508403926247030384
-84941371113830247236
-76786298749508462240
-68064975628870559101
-58802841588670945220
-49029097761401333678
-38776816829862525220
-28083053281736190239
-16988953664156650760
-5539866838282662424
6214545766130803528
18220199896160778271
30418478221144513412
42746120078107699006
55135111217192681572
67512573547086682109
79800654880450014112
91916418679344301588
103771733800660697072
115273164241548099643
126321858884841372940
136813441244489563178
146637899210984117164
155679474796787100313
163816553881759414664
170921555958589016896
176860823878219136344
181494513595276493015
184676483913499515604
186254186231166559510
186068554286524124852
183953893903215074485
179737772735706852016
173240910014719699820
164277066292654877056
152652933189022877683
138168023135871648476
120614559123214807042
99777364444459859836
75433752441836420177
