-141014736310979531
-131782463658320244
-122437290239198550
-113016588214278676
-103555997726775617
-94089455659516112
-84649224391999620
-75265920557459296
-65968543799922967
-56784505531274108
-47739657688312818
-38858321489816796
-30163316193602317
-21675987853585208
-13416238076841824
-5402552780670024
2347969050349853
9819586607294012
16997888499834226
23869763999176860
30423374281001895
36648123668401952
42534630874821316
48074700246994960
53261293007887569
58088498499632564
62551505426471126
66646573097691220
70371002670566619
73723108393295928
76702188847941608
79308498193369000
81543217408185349
83408425533678828
84907070916757562
86042942452888652
86820640829037199
87245549766605328
87323807264371212
87062276841428096
86468518780123321
85550761368997348
84317872145722782
82779329140043396
80945192116713155
78826073818435240
76433111208801072
73777936715229336
70872649471905005
67729786562718364
64362294264204034
60783499288479996
57007080026186615
53047037789425664
48917668054699348
44633531705849328
40209426276995745
35660357195476244
31001509024784998
26248216707511732
21415936808280747
16520218756689944
11576676090249848
6600957697322632
1608719060061141
-3384406502652084
-8362836592265782
-13311068487620948
-18213707902011809
-23055497740246800
-27821346855709540
-32496358807419808
-37065860617094519
-41515431526208700
-45830931753056466
-49998531249811996
-54004738459590509
-57836429073509240
-61480874787748416
-64925772060612232
-68159270869589827
-71170003468416260
-73947113144133486
-76480282974151332
-78759764583308473
-80776406900933408
-82521684917905436
-83987728443715632
-85167350863527823
-86054077895239564
-86642176346543114
-86926682871986412
-86903432730034053
-86569088540128264
-85921169039749880
-84958077841479320
-83679132190057563
-82084591719447124
-80175687209893030
-77954649344983796
-75424737468712401
-72590268342537264
-69456644902443220
-66030385016002496
-62319150239435687
-58331774574672732
-54078293226413890
-49569971359190716
-44819332854427037
-39840189067499928
-34647667584800688
-29258240980795816
-23689755575087987
-17961460189477028
-12094034905020894
-6109619819096644
-31843802461417
6114146743686592
12301659130647156
18502425625157040
24686574692329025
30822602238590932
36877342854624646
42815941058305140
48601822537639499
54196665393705944
59560371383592856
64651037163337800
69424925530866549
73836436668932108
77838079388053738
81380442369455980
84412165408007679
86879910655161008
88728333861890492
89900055621632032
90335632613221929
89973528843835908
88750086891928142
86599499150170276
83453779068390451
79242732396512328
73893928427494112
67332671240267576
59481970942677085
50262514914418620
39592639049978802
27388299001573916
13563041422088935
-1972024791983456
-19308257257603836
-38539508862247024
-59762156520963055
-83075129933438156
-108579940341055722
-136380709283957292
-166584197358103525
