924731749157671
811143338343968
705781156677590
608255990041312
518189736538133
435215260277852
358976245163644
289127048678636
225332555672483
167268032147944
114618979047458
67080986039720
24359585306257
-13829894671996
-47762475328120
-77703674222636
-103909651256929
-126627354886672
-146094668335250
-162540555807184
-176185208701555
-187240191825428
-195908589607276
-202385152310404
-206856442246373
-209500979988424
-210489390584902
-209984549772680
-208141730190583
-205108747592812
-201026107062368
-196027149224476
-190238196460009
-183778699118912
-176761381733626
-169292389232512
-161471433153275
-153391937856388
-145141186738516
-136800468445940
-128445223087981
-120145188450424
-111964546208942
-103962068142520
-96191262346879
-88700519447900
-81533258815048
-74728074774796
-68318882824049
-62335065843568
-56801620311394
-51739302516272
-47164774771075
-43090751626228
-39526146083132
-36476215807588
-33942709343221
-31924012324904
-30415293692182
-29408651902696
-28893261145607
-28855517555020
-29279185423408
-30145543415036
-31433530779385
-33119893564576
-35179330830794
-37584640863712
-40306867387915
-43315445780324
-46578349283620
-50062235219668
-53732591202941
-57553881353944
-61489692512638
-65502880451864
-69555716090767
-73610031708220
-77627367156248
-81569116073452
-85396672098433
-89071575083216
-92555657306674
-95811189687952
-98801027999891
-101488759082452
-103838847056140
-105816779535428
-107389213842181
-108524123219080
-109190943043046
-109360717038664
-109006243491607
-108102221462060
-106625396998144
-104554709349340
-101871437179913
-98559344782336
-94604828290714
-89997061894208
-84728144050459
-78793243699012
-72190746474740
-64922400921268
-56993464704397
-48412850825528
-39193273835086
-29351396045944
-18907973746847
-7888003415836
3679132066328
15759517202740
28314557666927
41300834089424
54669955844350
68368414835984
82337439285341
96512847516748
110824901744420
125198161859036
139551339214315
153797150413592
167842171096394
181586689725016
194924561371097
207743061502196
219922739768368
231337273788740
241853322938087
251330382133408
259620635620502
266568810760544
272012031816661
275779673740508
277693215958844
277566096160108
275203564080995
270402535293032
262951444989154
252630101770280
239209541431889
222451880750596
202110171270728
177928253090900
149640608650591
116972216516720
79638405170222
37344706792624
-10213288947379
-63350081107348
-122390403684524
-187669371829252
-259532628058405
-338336488468808
-424448088950662
-518245531400968
-620118029936951
