574400310613088633947
487545830371269175268
408208296058286820446
335989317702013044436
270502639653363699545
211373975204441342456
158240841206677561252
110752392688975302440
68569257475851197975
31363370805577892284
-1182190051673630710
-29373371175691720564
-53505307378081733291
-73862487584123704336
-90718920214630021552
-104338298567803098176
-114974166201093045805
-122870082313055347372
-128259787125208530122
-131367367263891838588
-132407421142122907567
-131585224341455435096
-129096894993836855428
-125129559163466012008
-119861516228650830449
-113462404263665991508
-106093365420610604062
-97907211311265878084
-89048588388952797619
-79654143330389793760
-69852688417550417624
-59765366919521013328
-49505818474358390965
-39180344470947499580
-28888073430859100146
-18721126390207438540
-8764782281507918519
902356684465225304
10208199636821254484
19087001662695253768
27479198425390458119
35331240782520579740
42595429404152135098
49229749390946771948
55197704892303596357
60468153724501499728
65015141988841485824
68817738689788997792
71859870353116245187
74130155644044530996
75621739985386578662
76332130175688859108
76263029007373917761
75420169884882701576
73813151442816886060
71455272164081202296
68363364998025763967
64557631978588394380
60061478842436953490
54901349647111664924
49106561389167443005
42709138622316219776
35743648075569272024
28247033271379548304
20258449143783995963
11819096656545888164
2972057421297150910
-6237871684319309932
-15764343898507281607
-25559627957174917448
-35574773475792409852
-45759776331249663256
-56063744043713967113
-66435061158487668868
-76821554627865846934
-87170659192993983668
-97429582765725638347
-107545471810480120144
-117465576726100161104
-127137417227709589120
-136508947728571000909
-145528722721943434988
-154146062162940044650
-162311216850385770940
-169975533808675015631
-177091621669629314200
-183613516054355008804
-189496844955100921256
-194698994117116026001
-199179272420507123092
-202899077262096511166
-205822059937279660420
-207914291021882885587
-209144425754021018912
-209483869415955083128
-208906942715949964432
-207391047170132085461
-204916830484347078268
-201468351936017457298
-197033247756000292364
-191602896510444881623
-185172584482650424552
-177741671054923694924
-169313754090436713784
-159896835315084422425
-149503485699342355364
-138151010840124313318
-125861616342640036180
-112662573202252875995
-98586383186337469936
-83670944216137413280
-67959715748622932384
-51501884158348557661
-34352528119310796556
-16572783986805806522
1769988820712932004
20602042439776942625
39843075180045080008
59406066142445856908
79197109837319771192
99115250802561632863
119052318221762891084
138892760542353961202
158513480093746551772
177783667705475991581
196564637325343556672
214709660637558797368
232063801680881865296
248463751466765840411
263737662597499058020
277704983884347435806
290176294965696800852
300953140925195216665
309827866909895310200
316583452748396598884
320993347568987817640
322821304417789245911
321821214876895034684
317736943682515533514
310302163343119617548
299240188757577014549
284263811833300631920
265075136104388883728
241365411349768017728
212814868211334442387
179092552812097053908
139856161374319563254
94751874837662823172
43414193477327155217
-14534228477805323224
-79482748227028371908
-151832899779669300712
-231998559336946642609
-320406110673827826644
-417494610520886850910
-523715953946161955524
-639535039737013295603
