-250088643462199611797
-204438198334424363008
-162352514936984953462
-123668219499813782216
-88226345275640348131
-55872277412705358880
-26455697827474839956
169469922645756320
24145115766597441791
45608998246953583456
64694799647205794462
81532181119049825096
96246837809671453777
108960553989032378048
119791258177156105568
128853078271413845104
136256396673810397523
142107905418270046784
146510661297922450930
149564140992388533080
151364296195066372421
152003608740417095200
151571145731250765716
150152614666012277312
147830418566067243367
144683711102987888288
140788451725838938502
136217460788463513448
131040474676769016569
125324200936013026304
119132373398089187080
112525807308813100304
105562454455208215355
98297458292791720576
90783209072860434266
83069398969776695672
75203077208254255981
67228705190644169312
59188211624220683708
51121047648467132128
43064241962361823439
35052455951663933408
27118038816199395694
19291082697146792840
11599477804323247265
4068967543470312256
-3276796356460137040
-10416198716020012624
-17329605777979122653
-23999310080039280448
-30409475327548413502
-36546081266214672488
-42396868554820540267
-47951283637936940896
-53200423618637348636
-58136981131211896960
-62755189213881487561
-67050766181511899360
-71020860498327897514
-74663995650627342424
-77980015019495298743
-80970026753518144384
-83636348641497679528
-85982452985165235632
-88012911471895784437
-89733340047422046976
-91150343788548602582
-92271461775865997896
-93105111966464855875
-93660536066649984800
-93947744404654487284
-93977460803353869280
-93761067452980149089
-93310549783835966368
-92638441339008691138
-91757768647084532792
-90681996094862649103
-89424970800069255232
-88000867484071732736
-86424133344592738576
-84709432928424314125
-82871593004141994176
-80925547434818915950
-78886282050739928104
-76768779522115699739
-74587964231796829408
-72358647147987954124
-70095470696961858368
-67812853635773583097
-65524935924974534752
-63245523601326594266
-60988033650516226072
-58765438879868587111
-56590212791061635840
-54474274452840241240
-52428933373730291824
-50464834374752804645
-48591902462138034304
-46819287700039581958
-45155310083248504328
-43607404409907422707
-42182065154224631968
-40884791339188209572
-39720031409280124576
-38691128103190346641
-37800263326530955040
-37048403024550247666
-36435242054846850040
-35959149060083824319
-35617111340702778304
-35404679727637974448
-35315913455030438864
-35343325032942070333
-35477825120069749312
-35708667396459446942
-36023393436220334056
-36407777580238890187
-36845771808893012576
-37319450614766125180
-37808955875361287680
-38292441725815304489
-38746019431612833760
-39143702261300496394
-39457350359200985048
-39656615618127173143
-39708886552096223872
-39579233169043699208
-39230351843537668912
-38622510189492819541
-37713491932884563456
-36458541784463147830
-34810310312467763656
-32718798815340654755
-30131304194441226784
-26992363826760156244
-23243700437633499488
-18824166973456801729
-13669691474399206048
-7713221947117562402
-884671237470536632
6889138096767280529
15684528913191264448
25581024612052647584
36661404263544410480
49011757735087172755
62721540818615084096
77883630357861715250
94594379375645949016
112953672201157871237
133064979597244661792
155035413887696485588
178975784084532383552
205000651015286163623
233228382450292291744
263781208229971782854
296785275392118091880
332370703299183004729
