252330283205
182515300044
119830312602
63887093260
14309007743
-29269137424
-67201247460
-99830091872
-127487456999
-150494298556
-169160894178
-183786995964
-194661983021
-202065014008
-206265179680
-207521655432
-206083853843
-202191577220
-196075170142
-187955672004
-178044969561
-166545949472
-153652650844
-139550417776
-124416051903
-108417964940
-91716331226
-74463240268
-56802849285
-38871535752
-20798049944
-2703667480
15297658133
33099142956
50601020074
67710387052
84341053391
100413387984
115854166572
130596419200
144579277673
157747823012
170052932910
181451129188
191904425251
201380173544
209850913008
217294216536
223692538429
229033061852
233307546290
236512175004
238647402487
239717801920
239731912628
238702087536
236644340625
233578194388
229526527286
224515421204
218574008907
211734321496
204031135864
195501822152
186186191205
176126342028
165366509242
153952910540
141933594143
129358286256
116278238524
102746075488
88815642041
74541850884
59980529982
45188270020
30222271859
15140193992
0
-15140193992
-30222271859
-45188270020
-59980529982
-74541850884
-88815642041
-102746075488
-116278238524
-129358286256
-141933594143
-153952910540
-165366509242
-176126342028
-186186191205
-195501822152
-204031135864
-211734321496
-218574008907
-224515421204
-229526527286
-233578194388
-236644340625
-238702087536
-239731912628
-239717801920
-238647402487
-236512175004
-233307546290
-229033061852
-223692538429
-217294216536
-209850913008
-201380173544
-191904425251
-181451129188
-170052932910
-157747823012
-144579277673
-130596419200
-115854166572
-100413387984
-84341053391
-67710387052
-50601020074
-33099142956
-15297658133
2703667480
20798049944
38871535752
56802849285
74463240268
91716331226
108417964940
124416051903
139550417776
153652650844
166545949472
178044969561
187955672004
196075170142
202191577220
206083853843
207521655432
206265179680
202065014008
194661983021
183786995964
169160894178
150494298556
127487456999
99830091872
67201247460
29269137424
-14309007743
-63887093260
-119830312602
-182515300044
-252330283205
