106790388250651741181
96754495489866839380
88146423415616928754
80861275188292871108
74797908943874474815
69858882666644603824
65950399061903286668
62982250428681825472
60867763532456904961
59523744477864701468
58870423581414991942
58831400244205262956
59333587824634819715
60307158511118895064
61685488194802758496
63405101342275825160
65405615868285764869
67629688008452611108
70022957191982870042
72533990914383629524
75114229610176668103
77717931525612564032
80302117591384804276
82826516295343893520
85253508555211463177
87548072591294380396
89677728799198857070
91612484622544558844
93324779425678714123
94789429366390223080
95983572268623766664
96886612495193915608
97480165820499239437
97748004303236415476
97676001159114337858
97252075633568226532
96466137874473736271
95310033804861065680
93777489995629066204
91864058538259351136
89567061917530404625
86885537884231690684
83820184327877762198
80373304149422369932
76548750133972571539
72351869823502840568
67789450389569175472
62869663506023208616
57602010221726315285
51997265833263722692
46067424757658618986
39825645405086262260
33286195051588089559
26464394711785825888
19376564011595593220
12039966060942019504
4472752326472347673
-3306092495729455348
-11276805607428589634
-19418901235525313252
-27711225759340833253
-36132012837903196664
-44658938537233181480
-53269176457630187656
-61939452860958128099
-70646101797931319660
-79365120235400374126
-88072223183638089212
-96742898823625339553
-105352463634336967696
-113876117520027675092
-122288998937517913088
-130566240023479773919
-138683021721722881700
-146614628910480283418
-154336505529694339924
-161824309708302616925
-169053968891523775976
-176001734968143465472
-182644239397800211640
-188958548338271309531
-194922217772758714012
-200513348637174930758
-205710641947428907244
-210493453926711923737
-214841851132783484288
-218736665585257207724
-222159549892886718640
-225093032380851538391
-227520572218042976084
-229426614544350019570
-230796645597945226436
-231617247842570614997
-231876155094823555288
-231562307651442660056
-230665907416593675752
-229178473029155373523
-227092894990005440204
-224403490789306369310
-221106060033791352028
-217197939574050168209
-212678058631815077360
-207546993927246709636
-201807024806219956832
-195462188367609863375
-188518334590577517316
-180983181461855941322
-172866370103035983668
-164179519897852209229
-154936283619468790472
-145152402557765398448
-134845761646623093784
-124036444591210217675
-112746788995268282876
-101001441488397864694
-88827412853344491980
-76254133153284538121
-63313506859111112032
-50039967976719949148
-36470535174295302416
-22644866909595833287
-8605316557240502708
5603012464005537886
19932211563945055580
34331511853662844987
48747229018239837256
63122708189467209080
77398268818560491704
91511149548873679933
105395453088613341140
118982091083552724274
132198728989745868868
144969730946241714047
157216104647798207536
168855446217596414668
179801885079954627392
189966028833042473281
199254908121595024540
207571921509626907014
214816780353146409196
220885453672869591235
225670113026934393944
229059077383614747808
230936757994034681992
231183603264882433349
229676043631124555428
226286436428720027482
220883010767334363476
213329812403053721095
203486648611099010752
191209033058540004596
176348130677009445520
158750702535417156169
138259050712664147948
114710963170356730030
87939658625520618364
57773731423315044683
