-639535039737013295603
-523715953946161955524
-417494610520886850910
-320406110673827826644
-231998559336946642609
-151832899779669300712
-79482748227028371908
-14534228477805323224
43414193477327155217
94751874837662823172
139856161374319563254
179092552812097053908
212814868211334442387
241365411349768017728
265075136104388883728
284263811833300631920
299240188757577014549
310302163343119617548
317736943682515533514
321821214876895034684
322821304417789245911
320993347568987817640
316583452748396598884
309827866909895310200
300953140925195216665
290176294965696800852
277704983884347435806
263737662597499058020
248463751466765840411
232063801680881865296
214709660637558797368
196564637325343556672
177783667705475991581
158513480093746551772
138892760542353961202
119052318221762891084
99115250802561632863
79197109837319771192
59406066142445856908
39843075180045080008
20602042439776942625
1769988820712932004
-16572783986805806522
-34352528119310796556
-51501884158348557661
-67959715748622932384
-83670944216137413280
-98586383186337469936
-112662573202252875995
-125861616342640036180
-138151010840124313318
-149503485699342355364
-159896835315084422425
-169313754090436713784
-177741671054923694924
-185172584482650424552
-191602896510444881623
-197033247756000292364
-201468351936017457298
-204916830484347078268
-207391047170132085461
-208906942715949964432
-209483869415955083128
-209144425754021018912
-207914291021882885587
-205822059937279660420
-202899077262096511166
-199179272420507123092
-194698994117116026001
-189496844955100921256
-183613516054355008804
-177091621669629314200
-169975533808675015631
-162311216850385770940
-154146062162940044650
-145528722721943434988
-136508947728571000909
-127137417227709589120
-117465576726100161104
-107545471810480120144
-97429582765725638347
-87170659192993983668
-76821554627865846934
-66435061158487668868
-56063744043713967113
-45759776331249663256
-35574773475792409852
-25559627957174917448
-15764343898507281607
-6237871684319309932
2972057421297150910
11819096656545888164
20258449143783995963
28247033271379548304
35743648075569272024
42709138622316219776
49106561389167443005
54901349647111664924
60061478842436953490
64557631978588394380
68363364998025763967
71455272164081202296
73813151442816886060
75420169884882701576
76263029007373917761
76332130175688859108
75621739985386578662
74130155644044530996
71859870353116245187
68817738689788997792
65015141988841485824
60468153724501499728
55197704892303596357
49229749390946771948
42595429404152135098
35331240782520579740
27479198425390458119
19087001662695253768
10208199636821254484
902356684465225304
-8764782281507918519
-18721126390207438540
-28888073430859100146
-39180344470947499580
-49505818474358390965
-59765366919521013328
-69852688417550417624
-79654143330389793760
-89048588388952797619
-97907211311265878084
-106093365420610604062
-113462404263665991508
-119861516228650830449
-125129559163466012008
-129096894993836855428
-131585224341455435096
-132407421142122907567
-131367367263891838588
-128259787125208530122
-122870082313055347372
-114974166201093045805
-104338298567803098176
-90718920214630021552
-73862487584123704336
-53505307378081733291
-29373371175691720564
-1182190051673630710
31363370805577892284
68569257475851197975
110752392688975302440
158240841206677561252
211373975204441342456
270502639653363699545
335989317702013044436
408208296058286820446
487545830371269175268
574400310613088633947
