56878202829175
51603003000248
46572807373358
41781300512776
37222240089485
32889456881180
28776854772268
24878410753868
21188174923811
17700270486640
14408893753610
11308314142688
8392874178553
5656989492596
3095148822920
701914014340
-1528079981617
-3600125106712
-5519440195994
-7291170977800
-8920390073755
-10412096998772
-11771218161052
-13002606862084
-14111043296645
-15101234552800
-15977814611902
-16745344348592
-17408311530799
-17971130819740
-18438143769920
-18813618829132
-19101751338457
-19306663532264
-19432404538210
-19482950377240
-19462203963587
-19373995104772
-19222080501604
-19010143748180
-18741795331885
-18420572633392
-18049939926662
-17633288378944
-17173936050775
-16675127895980
-16140035761672
-15571758388252
-14973321409409
-14347677352120
-13697705636650
-13026212576552
-12335931378667
-11629522143124
-10909571863340
-10178594426020
-9439030611157
-8693248092032
-7943541435214
-7192132100560
-6441168441215
-5692725703612
-4948806027472
-4211338445804
-3482178884905
-2763110164360
-2055841997042
-1362010989112
-683180640019
-20841342500
623589617420
1248768060428
1853422913923
2436356212016
2996443095530
3532631812000
4043943715673
4529473267508
4988388035176
5419928693060
5823409022255
6198215910568
6543809352518
6859722449336
7145561408965
7401005546060
7625807281988
7819792144828
7982858769371
8114978897120
8216197376290
8286632161808
8326474315313
8335988005156
8315510506400
8265452200820
8186296576903
8078600229848
7942992861566
7780177280680
7590929402525
7376098249148
7136605949308
6873447738476
6587691958835
6280480059280
5953026595418
5606619229568
5242618730761
4862458974740
4467646943960
4059762727588
3640459521503
3211463628296
2774574457270
2331664524440
1884679452533
1435637970988
986631915956
539826230300
97458963595
-338158727872
-764642581102
-1179535226384
-1580306187295
-1964351880700
-2328995616752
-2671487598892
-2989004923849
-3278651581640
-3537458455570
-3762383322232
-3950310851507
-4098052606564
-4202347043860
-4259859513140
-4267182257437
-4220834413072
-4117262009654
-3952837970080
-3723862110535
-3426561140492
-3057088662712
-2611525173244
-2085878061425
-1476081609880
-777996994522
12587715448
899957557541
1888470675980
2982558321700
4186724852348
5505547732283
6943677532576
8505837931010
10196825712080
12021510766993
