54139643896793
50082247232416
46182368666350
42436489094600
38841125966527
35392833284848
32088201605636
28923858038320
25896466245685
23002726443872
20239375402378
17603186444056
15090969445115
12699570835120
10425873596992
8266797267008
6219297934801
4280368243360
2447037389030
716371121512
-914528256137
-2448521887504
-3888434362820
-5237053718960
-6497131439443
-7671382454432
-8762485140734
-9773081321800
-10705776267725
-11563138695248
-12347700767752
-13061958095264
-13708369734455
-14289358188640
-14807309407778
-15264572788472
-15663461173969
-16006250854160
-16295181565580
-16532456491408
-16720242261467
-16860668952224
-16955830086790
-17007782634920
-17018547013013
-16990107084112
-16924410157904
-16823366990720
-16688851785535
-16522702191968
-16326719306282
-16102667671384
-15852275276825
-15577233558800
-15279197400148
-14959785130352
-14620578525539
-14263122808480
-13888926648590
-13499462161928
-13096164911197
-12680433905744
-12253631601560
-11817083901280
-11372080154183
-10919873156192
-10461679149874
-9998677824440
-9532012315745
-9062789206288
-8592078525212
-8120913748304
-7650291797995
-7181173043360
-6714481300118
-6251103830632
-5791891343909
-5337657995600
-4889181388000
-4447202570048
-4012426037327
-3585519732064
-3167115043130
-2757806806040
-2358153302953
-1968676262672
-1589860860644
-1222155718960
-865972906355
-521687938208
-189639776542
129869169976
436573046035
730242549680
1010684932312
1277743998688
1531300106921
1771270168480
1997607648190
2210302564232
2409381488143
2594907544816
2766980412500
2925736322800
3071348060677
3204024964448
3324012925786
3431594389720
3527088354635
3610850372272
3683272547728
3744783539456
3795848559265
3836969372320
3868684297142
3891568205608
3906232522951
3913325227760
3913530851980
3907570480912
3896201753213
3880218860896
3860452549330
3837770117240
3813075416707
3787308853168
3761447385416
3736504525600
3713530339225
3693611445152
3677871015598
3667468776136
3663601005695
3667500536560
3680436754372
3703715598128
3738679560181
3786707686240
3849215575370
3927655379992
4023515805883
4138322112176
4273636111360
4431056169280
4612217205137
4818790691488
5052484654246
5315043672680
5608248879415
5933917960432
6293905155068
6690101256016
7124433609325
7598866114400
8115399224002
8676069944248
9282951834611
