-114500405175103540957
-77708549642189560136
-44396812616073536906
-14393788441914703000
12467304163261225633
36348677237847939820
57408028702944428156
75798597489640867996
91669218666304516447
105164378565865601360
116424269913103212322
125584846951931191648
132777880572684025373
138131013439402734244
141767815117120764712
143807837199149879924
144366668434366050715
143555989854495346600
141483629901399826766
138253619554363431064
133966247457377871001
128718115046428520732
122602191676780308052
115707869750263605388
108121019842560120791
99924045830488788928
91195940019291662074
82012338269919801104
72445575126319166485
62564738942716509268
52435727010905262080
42121300687531430116
31681140521379482131
21171901380658241432
10647267580286776870
158008009180293832
-10247968742463974767
-20525559255880877492
-30632410156451453396
-40528862986417041028
-50177899077593387441
-59545084424084757200
-68598514554998041390
-77308759407156866624
-85648808197815704051
-93594014297373978364
-101122040102090176808
-108212801906795958188
-114848414777610261877
-121013137424653416824
-126693317074761250562
-131877334344199198216
-136555548111376411511
-140720240389559867780
-144365561199588478972
-147487473442587200660
-150083697772681141049
-152153657469709669984
-153698423311940527958
-154720658448783935120
-155224563273506700283
-155215820295946329932
-154701539015225137232
-153690200792464351036
-152191603723498224893
-150216807511588146056
-147778078340136744490
-144888833745402001880
-141563587489211360639
-137817894431675832916
-133668295403904109604
-129132262080716669348
-124228141853359887553
-118975102702220145392
-113393078069537938814
-107502711732121987552
-101325302674063344131
-94882749959449502876
-88197497605078508920
-81292479453173067212
-74191064044094651525
-66916999489057613464
-59494358342843291474
-51947482476514119848
-44300927950127737735
-36579409885451098148
-28807747338674576972
-21010808173126081972
-13213453931985161801
-5440484710997115008
2283415968812900954
9933736288425760720
17486191258114262005
24916777844729016596
32201830098984341344
39318074282744149156
46242683996307839987
52953335305696191832
59428261869937251718
65646310068352226696
71586994127841374833
77230551250169896204
82557996739253823884
87551179128445914940
92192835307821541423
96466645651464581360
100357289144753309746
103850498511646289536
106933115341968262637
109593145218696040900
111819812845244397112
113603617172751955988
114936386527367085163
115811333737533786184
116223111261277585502
116167866313491425464
115643295993221555305
114648702410953422140
113185047815897561956
111255009723275490604
108863036041605594791
106015400199989023072
102720256275395576842
98987694119949601328
94829794488215876581
90260684164485508468
85296591090061819664
79955899490546240644
74259205003124200675
68229369803851018808
61891577734937794870
55273389432037300456
48404797451529869921
41318281397809291372
34048863050568697660
26634161492086457372
19114448234512065823
11532702347152036048
3934665583755789794
-3631102490198451488
-11113169370217775651
-18457174485508688860
-25605774071691224600
-32498586043513052684
-39072134867563588261
-45259796434988100824
-50991742934201823218
-56194887723604060648
-60792830204292299687
-64705800692776317284
-67850605293692289772
-70140570772516901876
-71485489428281455721
-71791563966285979840
-70961352370813338182
-68893712777843339120
-65483748347766844459
