27098844773
23024648724
19210244130
15647255812
12327422999
9242599328
6384752844
3745966000
1318435657
-905526916
-2933496042
-4772931636
-6431179205
-7915469848
-9232920256
-10390532712
-11395195091
-12253680860
-12972649078
-13558644396
-14018097057
-14357322896
-14582523340
-14699785408
-14715081711
-14634270452
-14463095426
-14207186020
-13872057213
-13463109576
-12985629272
-12444788056
-11845643275
-11193137868
-10492100366
-9747244892
-8963171161
-8144364480
-7295195748
-6419921456
-5522683687
-4607510116
-3678314010
-2738894228
-1792935221
-844007032
104434704
1049048760
1986608317
2914000964
3828228698
4726407924
5605769455
6463658512
7297534724
8104972128
8883659169
9631398700
10346107982
11025818684
11668676883
12272943064
12836992120
13359313352
13838510469
14273301588
14662519234
15005110340
15300136247
15546772704
15744309868
15892152304
15989818985
16036943292
16033273014
15978670348
15873111899
15716688680
15509606112
15252184024
14944856653
14588172644
14182795050
13729501332
13229183359
12682847408
12091614164
11456718720
10779510577
10061453644
9304126238
8509221084
7678545315
6814020472
5917682504
4991681768
4038283029
3059865460
2058922642
1038062564
7623
-1052405376
-2116225220
-3188386288
-4265708551
-5344897572
-6422544506
-7495126100
-8559004693
-9610428216
-10645530192
-11660329736
-12650731555
-13612525948
-14541388806
-15432881612
-16282451441
-17085430960
-17837038428
-18532377696
-19166438207
-19734094996
-20230108690
-20649125508
-20985677261
-21234181352
-21388940776
-21444144120
-21393865563
-21232064876
-20952587422
-20549164156
-20015411625
-19344831968
-18530812916
-17566627792
-16445435511
-15160280580
-13704093098
-12069688756
-10249768837
-8236920216
-6023615360
-3602212328
-964954771
1896028068
4988721354
8321224660
11901751967
15738631664
19840306548
24215333824
28872385105
33820246412
39067818174
44624115228
50498266819
