87303720856807
134759161639424
175894935296150
211077458684992
240662036443733
264993007203356
284403889801468
299217529495724
309746244177251
316291970584072
319146410514530
318591177040712
314897940721873
308328575817860
299135306502536
287560853077204
273838578184031
258192633019472
240838103547694
221981156714000
201819186658253
180540960928300
158326766693396
135348556957628
111770096773339
87747109454552
63427422790394
38951115258520
14450662238537
-9948917774572
-34129916957024
-57981791942812
-81401017610281
-104290940868704
-126561634444858
-148129750669600
-168918375264443
-188856881128132
-207880782123220
-225931586862644
-242956652496301
-258909038497624
-273747360450158
-287435643834136
-299943177813055
-311244369020252
-321318595345480
-330150059721484
-337727643910577
-344044762291216
-349099215644578
-352893044941136
-355432385127235
-356727318911668
-356791730552252
-355643159642404
-353302654897717
-349794627942536
-345146707096534
-339389591161288
-332556903206855
-324685044358348
-315813047582512
-305982431474300
-295237054043449
-283622966501056
-271188267046154
-257982954652288
-244058782854091
-229469113533860
-214268770708132
-198513894314260
-182261793996989
-165570802895032
-148500131427646
-131109721081208
-113460098195791
-95612227751740
-77627367156248
-59566920029932
-41492289993409
-23464734453872
-5545218391666
12205731853136
29728174794157
46962900012140
63851574368372
80336888218108
96362701623995
111874190569496
126817993172314
141142355897816
154797279772457
167734666597204
179908465160960
191274817453988
201792204881335
211421594476256
220126585113638
227873553723424
234631801504037
240373700135804
245074837994380
248714166364172
251274145651763
252740891599336
253104321498098
252358300401704
250500787339681
247533981530852
243464468596760
238303366775092
232066473133103
224774409781040
216452770085566
207132264883184
196848868693661
185643965933452
173564497129124
160663105130780
146998281325483
132634511850680
117642423807626
102098931474808
86087382521369
69697704220532
53026549663024
36177443970500
19260930508967
2394717102208
-14296177754794
-30679278682432
-46614507203051
-61954035527524
-76542140341828
-90215056593620
-102800831278813
-114119177228152
-123981326893790
-132189886135864
-138538688009071
-142812646549244
-144787610559928
-144230217398956
-140897746765025
-134537974484272
-124889026296850
-111679231643504
-94626977452147
-73440561924436
-47818048322348
-17447118754756
17995072035995
58842042887512
105438132430778
158138645303576
217309998363913
