474561386291955172483
425806287517136771084
379907571936824955758
336756463030515379708
296246713812706322657
258274579269255745352
222738788793738344068
189540518623802605112
158583364277527859327
129773312989781336596
103018716148575220346
78230261731423702052
55320946741700035741
34206049644993592496
14803102805466914960
-2968135077787228160
-19185706534388787589
-33925482886313378980
-47261191811535228410
-59264444907670117876
-70004765255618330791
-79549614983207597480
-87964422828836040676
-95312611705115121016
-101655626262512582537
-107052960452995398172
-111562185093672715246
-115238975430438800972
-118137138701615987947
-120308641701597619648
-121803638344490995928
-122670497227760318512
-122955829195869636493
-122704514903925791828
-121959732381321364834
-120762984595377619684
-119154127014987449903
-117171395174258323864
-114851432236155230284
-112229316556143623720
-109338589245832370065
-106211281736616692044
-102877943343321114710
-99367668827842410940
-95708125962792546931
-91925583095141627696
-88044936709860842560
-84089738993565410656
-80082225398157526421
-76043342204469305092
-71992774085905728202
-67948971672087589076
-63929179112494438327
-59949461640107529352
-56024733135052763828
-52168783688243637208
-48394307165024184217
-44712928768811924348
-41135232604740807358
-37670789243304158764
-34328183283997625339
-31115040918962120608
-28038057496626770344
-25103025085351858064
-22314860037071770525
-19677630550937943220
-17194584236961805874
-14868175679657727940
-12700094001685964095
-10691290427495599736
-8842005846967496476
-7151798379057237640
-5619570935438073761
-4243598784143868076
-3021557113212042022
-1950548594326520732
-1027130946460678531
-247344499520284432
393260242013552368
899595035441436992
1277006336202743387
1531247734232668828
1668452390319288422
1695105472460609612
1618016592221626681
1444292241091375256
1181308226839986812
836682109875743176
418245639602131031
-65982809225103580
-607825800140900750
-1198974398613832204
-1831015735689046795
-2495460571631216000
-3183770859567479416
-3887387309130390256
-4597756950100860845
-5306360696051108116
-6004740907987599106
-6684528957993996452
-7337472792874103887
-7955464497794811736
-8530567859929042412
-9055045932098695912
-9521388596417595313
-9922340127934432268
-10250926758275712502
-10500484239288701308
-10664685406684369043
-10737567743680336624
-10713560944643821024
-10587514478734580768
-10354725153547861429
-10010964678757341124
-9552507229758076010
-8976157011309445780
-8279275821178099159
-7459810613780899400
-6516321063827869780
-5448007129965139096
-4254736618417887161
-2937072746633290300
-1496301706923466846
65539769891577364
1745636850841003493
3540369037160194208
5445282600647808184
7455063020022834608
9563507417281647683
11763496994055061132
14046969467965382702
16404891508983468668
18827231175785778337
21302930352111428552
23819877183119248196
26364878511744832696
28923632315057598527
31480700140617837716
34019479542833772346
36522176519318609060
38969777947247593565
41342024019715065136
43617380682091511120
45773012068380621440
47784752937576343099
49627081110019934684
51273089903757020870
52694460570894646924
53861434733958333209
54742786822249129688
55305796508200670428
55516221143736228104
55338268196625768503
54734567686843005028
53666144622922453202
52092391438316485172
49971040427752384213
