111245519857820922847
104009474443238328188
97708696596591493070
92262948566852354140
87595312880443025789
83632137213949909160
80302979266837801156
77540551634164003448
75280666679292431483
73462181406607723492
72026942334229349498
70919730366725720324
70088205667828296601
69482852533145697776
69056924262877811120
68766388034529900736
68569869775626716567
68428599036426603404
68306353862635609894
68169405668121597548
67986464107628349749
67728621949489680760
67369299948343544732
66884191717846144712
66251208603386041651
65450424554798263412
64464020999078413778
63276231713096781460
61873287696312449105
60243362043487402304
58376514817400638600
56264637921562276496
53901399972927664463
51282191174611489948
48404068188601888382
45265699008474552188
41867307832106839789
38210619934391884616
34298806539952704116
30136429695856308760
25729387144327811051
21084857195464534532
16211243599950122794
11118120421768648484
5816176910918722313
317162376127602064
-5366168942434698400
-11220113000441300128
-17230071076694350073
-23380604900410912084
-29655491778508857898
-36037779722892758132
-42509842577739773275
-49053435146785544680
-55649748320610085556
-62279464203923671960
-68922811242852733789
-75559619352225745772
-82169375042859118462
-88731276548843089228
-95224288954827613247
-101627199323308254496
-107918671821912076744
-114077302850683534544
-120081676169370364225
-125910418024709474884
-131542252277712839378
-136956055530953385316
-142130912255850886051
-147046169919957851672
-151681494114245419996
-156016923680389247560
-160032925838055400613
-163710451312186246108
-167030989460286342694
-169976623399708331708
-172530085134938828167
-174674810684884311760
-176394995210157017840
-177675648140360828416
-178502648301377163145
-178862799042650870324
-178743883364476117882
-178134719045282284372
-177025213768919849963
-175406420251946287432
-173270591370911953156
-170611235289645978104
-167423170586542158829
-163702581381844848460
-159447072464934847694
-154655724421615295788
-149329148761397561551
-143469543044787134336
-137080746010569515032
-130168292703096107056
-122739469599570107345
-114803369737332397348
-106370947841147434018
-97455075450489140804
-88070596046826798643
-78234380180910936952
-67965380600059224620
-57284687375442361000
-46215583029369966901
-34783597662576475580
-23016564081507023734
-10944672925603342492
1399472205410351593
13980799624241465552
26761714428743139008
39702043374628353184
52758979748184039911
65887028238985190636
79037949812608965430
92160706583348801996
105201406686928524677
118103249153216453464
130806468778939513004
143248281000397341608
155362826766176400259
167081117409864081620
178330979522762819042
189036999826604195572
199120470046263052961
208499331782471600672
217088121384533524888
224797914823038097520
231536272562574285215
237207184434444858364
241711014509380500110
244944445970253915356
246800425984793939773
247168110578299648808
245932809506354466692
242975931127540275448
238174927276151523899
231403238134909336676
222530237107675623226
211421175692167186820
197937128352669833561
181934937392752481392
163267157827981269104
141782002258633665344
117323285742412577623
89730370667160461324
58838111623573428710
24476800277915357932
-13527889755267997963
-55354958040434902024
-101188132448333524388
-151215924283287833272
-205631683410483485965
-264633653383253719820
-328425026570365243246
-397213999283304126700
-471213826903561693679
