213066147293068099303
179098157593606484072
148147084524710373914
120058149635346908080
94680981497280325625
71869560577786074416
51482164112364920140
33381310977457055312
17433706563156208283
3510187645923752248
-8514332738697185746
-18760920423367615792
-27346675236238576115
-34384786128237024064
-39984586300351727104
-44251608330919153808
-47287639302909364849
-49190775931211903992
-50055479689921689086
-49972631939624903056
-49029589054684884895
-47310237550528020656
-44895049210929634444
-41861136215299879408
-38282306265969628733
-34229117715476366632
-29768934693850079338
-24965982235899146096
-19881401408496230155
-14573304437864169760
-9096829836861869144
-3504197532270189520
2155236007922159927
7834922647232731048
13491067453399445738
19082573571094704944
24570987094639497673
29920441940717510000
35097604721089234076
40071619615306077136
44814053243424470507
49298839538719978616
53502224620401407998
57402711666324916304
60981005785708121309
64219958891844209920
67104514574816047184
69621652974210285296
71760335651831472607
73511450464416162632
74867756436347023058
75823828632366944752
76376003030293150769
76522321393731305360
76262476144789622980
75597755236792977296
74530987026997010195
73066485149302240792
71209993386968174438
68968630545327411728
66350835324499757509
63366311192106329888
60025971255983669240
56341883136897847216
52327213841258575751
47996174633833316072
43363965910461387706
38446722070768077488
33261456390878748569
27826005896132949424
22158976233798522860
16279686545785715024
10208114341361284411
3964840369862610872
-2429006506588195378
-8951804440370184752
-15581493725649459283
-22295631925665063616
-29071449000014876000
-35885902431941499280
-42715732355618151889
-49537516683434558840
-56327726233282842718
-63062779855843414672
-69719099561870865407
-76273165649479856176
-82701571831431009772
-88981080362416801520
-95088677166347450269
-101001626963636809384
-106697528398488257738
-112154369166180590704
-117350581140353911147
-122265095500295520416
-126877397858225809336
-131167583386584149200
-135116411945314782761
-138705363209152715224
-141916691794909605238
-144733482388759655888
-147139704873525505687
-149120269455964119568
-150661081794052679876
-151749098124274477360
-152372380388904802165
-152520151363296834824
-152182849783167537250
-151352185471883543728
-150021194467747051907
-148184294151281713792
-145837338372518526736
-142977672578281724432
-139604188939474667905
-135717381478365736504
-131319401195874218894
-126414111198856204048
-121007141827390472239
-115105945782064386032
-108719853251259781276
-101860127038438858096
-94540017689430071885
-86774818619714024296
-78581921241709354234
-69980870092058628848
-60993417958914234523
-51643581009224267872
-41957693916018426728
-31964464985693901136
-21695031285301264345
-11183013769830363800
-464572409496212134
10421538682975121840
21433916125060622137
32528452137154434608
43658279415281975948
54773716003814042704
65822210168180920283
76748285267586491960
87493484627722347886
97996316413481894096
108192198501674461517
118013403353739414976
127389002888460262208
136244813354678762864
144503340204009037519
152083722963551676680
158901680108607849794
164869453935393414256
169895755433753024417
173885709159874240592
176740798109001638068
178358808588150916112
178633775088823006979
177455925159718184920
174711624279450175190
170283320729260263056
164049490465731402805
