448967587542383
450304109287060
449033024504974
445331842310324
439372515707197
431321514696280
421339899381572
409583393077096
396202455413611
381342355445324
365143244756602
347740230568684
329263448846393
309838137404848
289584709016176
268618824516224
247051465911271
224989009484740
202533298903910
179781718326628
156827265508021
133758624907208
110660240794012
87612390355672
64691256803555
41969002479868
19513841964370
-2609884818916
-24341639494991
-45624612131168
-66405648130360
-86635175124368
-106267129867169
-125258885128204
-143571176585666
-161168029719788
-178016686706131
-194087533308872
-209354025774092
-223792617723064
-237382687045541
-250106462793044
-261948952072150
-272897866937780
-282943551286487
-292078907749744
-300299324587232
-307602602580128
-313988881924393
-319460569124060
-324022263884522
-327680686005820
-330444602275931
-332324753364056
-333333780713908
-333486153437000
-332798095205933
-331287511147684
-328973914736894
-325878354689156
-322023341854303
-317432776109696
-312131873253512
-306147091898032
-299506060362929
-292237503568556
-284371169929234
-275937758246540
-266968844602595
-257496809253352
-247554763521884
-237176476691672
-226396302899893
-215249108030708
-203770196608550
-191995238691412
-179960196764135
-167701252631696
-155254734312496
-142657042931648
-129944579614265
-117153672378748
-104320503030074
-91481034053084
-78670935505771
-65925511912568
-53279629157636
-40767641378152
-28423317857597
-16279769919044
-4369377818446
7276282362076
18626511820945
29651562143840
40322708410408
50612322300976
60493945203263
69942361319092
78933670771102
87445362709460
95456388418573
102947234423800
109899995598164
116298448269064
122128123324987
127376379322220
132032475591562
136087645345036
139535168782601
142370446198864
144591071089792
146196903259424
147190141926583
147575398831588
147359771342966
146552915564164
145167119440261
143217375864680
140721455785900
137699981314168
134176498828211
130177552081948
125732755311202
120874866340412
115639859689345
110066999679808
104198913542360
98081664523024
91764824989999
85301549540372
78748648106830
72166659064372
65619922337021
59176652504536
52909011909124
46893183762152
41209445250859
35942240645068
31180254403898
27016484282476
23548314438649
20877588539696
19110682869040
18358579432960
18736939067303
20366174544196
23371523678758
27883122435812
34036078036597
41970542065480
51831783576668
63770262200920
77941701252259
94507160834684
113633110948882
135491504598940
160259850899057
