-402934214683
-346736794404
-294791143878
-246894230180
-202848817057
-162463388656
-125552073252
-91934566976
-61436057543
-33887147980
-9123780354
13012840500
32676323251
50015166344
65172834272
78287833848
89493790477
98919524428
106689127106
112922037324
117733117575
121232730304
123526814180
124716960368
124900488801
124170524452
122616073606
120322100132
117369601755
113835686328
109793648104
105313044008
100459769909
95296136892
89880947530
84269572156
78514025135
72663041136
66762151404
60853760032
54977220233
49168910612
43462311438
37888080916
32474131459
27245705960
22225454064
17433508440
12887561053
8602939436
4592682962
867619116
-2563560233
-5694222560
-8519718412
-11037305136
-13246070607
-15146856956
-16742184298
-18036174460
-19034474709
-19744181480
-20173764104
-20332988536
-20232841083
-19885452132
-19304019878
-18502734052
-17496699649
-16301860656
-14934923780
-13413282176
-11754939175
-9978432012
-8102755554
-6147286028
-4131704749
-2075921848
0
2075921848
4131704749
6147286028
8102755554
9978432012
11754939175
13413282176
14934923780
16301860656
17496699649
18502734052
19304019878
19885452132
20232841083
20332988536
20173764104
19744181480
19034474709
18036174460
16742184298
15146856956
13246070607
11037305136
8519718412
5694222560
2563560233
-867619116
-4592682962
-8602939436
-12887561053
-17433508440
-22225454064
-27245705960
-32474131459
-37888080916
-43462311438
-49168910612
-54977220233
-60853760032
-66762151404
-72663041136
-78514025135
-84269572156
-89880947530
-95296136892
-100459769909
-105313044008
-109793648104
-113835686328
-117369601755
-120322100132
-122616073606
-124170524452
-124900488801
-124716960368
-123526814180
-121232730304
-117733117575
-112922037324
-106689127106
-98919524428
-89493790477
-78287833848
-65172834272
-50015166344
-32676323251
-13012840500
9123780354
33887147980
61436057543
91934566976
125552073252
162463388656
202848817057
246894230180
294791143878
346736794404
402934214683
