66911796259017972535
69733960101578546228
71954565914989675190
73611444418799318884
74741174674025787917
75379102458919707704
75559358644725982132
75314877571445757224
74677415423598384803
73677568605983386156
72344792119442415698
70707417936621224636
68792673377731624633
66626699486313451472
64234569404996528720
61640306751262631392
58866903993207449615
55936340825302552292
52869602544157350766
49686698424281062484
46406680093844674661
43047659910442907944
39626829336856180076
36160477316812569560
32664008650749779323
29151962371577100380
25638030120437375498
22135074522468962860
18655147562567699729
15209508961148866112
11808644549909148424
8462284647588603152
5179422435732620519
1968332334453888148
-1163411621805645274
-4208917408512806332
-7161956635281233219
-10016946170109412072
-12768929763618713308
-15413559673291427960
-17947078287708804013
-20366299750789082740
-22668591586025535038
-24851856320724497764
-26914513110243410071
-28855479362228849744
-30674152360854569536
-32370390891059533504
-33944496862785953345
-35397196935217324732
-36729624141016463650
-37943299510563542732
-39040113696194127595
-40022308596437213176
-40892458980253260068
-41653454111272230856
-42308479372031626453
-42860997888214522436
-43314732152887605382
-43673645650739209204
-43941924482317351487
-44123958988267769824
-44224325373571958152
-44247767331785203088
-44199177669274620265
-44083579929457190668
-43906110017037796970
-43671997822247259868
-43386548845080374419
-43055125819533946376
-42683130337844828524
-42275984474727957016
-41839112411614387709
-41377922060889332500
-40897786690130195662
-40404026546344610180
-39901890480208474087
-39396537570303986800
-38893018747357685456
-38396258418478481248
-37911036091395695761
-37441967998697097308
-36993488722066937266
-36569832816523986412
-36175016434659571259
-35812818950875610392
-35486764585622650804
-35200104029637904232
-34955796068183283493
-34756489205283438820
-34604503287963794198
-34501811130488583700
-34450020138598887823
-34450353933750669824
-34503633977352812056
-34610261195005152304
-34770197600736520121
-34982947921242773164
-35247541220124833530
-35562512522126724092
-35925884437373604835
-36335148785609809192
-36787248220436880380
-37278557853551607736
-37804866878984063053
-38361360197335636916
-38942600040017075038
-39542507593486514596
-40154344623487520567
-40770695099287122064
-41383446817913848672
-41983773028395766784
-42562114055998515937
-43108158926463345148
-43610826990245149250
-44058249546750505228
-44437751468575708555
-44735832825744809528
-44938150509947649604
-45029499858777897736
-44993796279971086709
-44814056875642649476
-44472382066525955494
-43949937216210347060
-43226934255379175647
-42282613306047838240
-41095224305801813672
-39642008632034698960
-37899180726186245641
-35841909717980396108
-33444301049663319946
-30679378100241450268
-27519063809719520051
-23934162303338598472
-19894340515814127244
-15368109815573956952
-10322807628996383389
-4724579064648183892
1461641462477346322
8272148606722357820
15744484467526410617
23917456965188437840
32831158216628709392
42526982911150795616
53047646686203530959
64437204503142977636
76741069022994389294
90006028982214174676
104280267568451861285
119613380796312059048
136056395883116423980
153661789624665621848
172483506771001291835
192576978402168010204
213999140303975253962
236808451343759364524
261064911846145511377
