9282951834611
8676069944248
8115399224002
7598866114400
7124433609325
6690101256016
6293905155068
5933917960432
5608248879415
5315043672680
5052484654246
4818790691488
4612217205137
4431056169280
4273636111360
4138322112176
4023515805883
3927655379992
3849215575370
3786707686240
3738679560181
3703715598128
3680436754372
3667500536560
3663601005695
3667468776136
3677871015598
3693611445152
3713530339225
3736504525600
3761447385416
3787308853168
3813075416707
3837770117240
3860452549330
3880218860896
3896201753213
3907570480912
3913530851980
3913325227760
3906232522951
3891568205608
3868684297142
3836969372320
3795848559265
3744783539456
3683272547728
3610850372272
3527088354635
3431594389720
3324012925786
3204024964448
3071348060677
2925736322800
2766980412500
2594907544816
2409381488143
2210302564232
1997607648190
1771270168480
1531300106921
1277743998688
1010684932312
730242549680
436573046035
129869169976
-189639776542
-521687938208
-865972906355
-1222155718960
-1589860860644
-1968676262672
-2358153302953
-2757806806040
-3167115043130
-3585519732064
-4012426037327
-4447202570048
-4889181388000
-5337657995600
-5791891343909
-6251103830632
-6714481300118
-7181173043360
-7650291797995
-8120913748304
-8592078525212
-9062789206288
-9532012315745
-9998677824440
-10461679149874
-10919873156192
-11372080154183
-11817083901280
-12253631601560
-12680433905744
-13096164911197
-13499462161928
-13888926648590
-14263122808480
-14620578525539
-14959785130352
-15279197400148
-15577233558800
-15852275276825
-16102667671384
-16326719306282
-16522702191968
-16688851785535
-16823366990720
-16924410157904
-16990107084112
-17018547013013
-17007782634920
-16955830086790
-16860668952224
-16720242261467
-16532456491408
-16295181565580
-16006250854160
-15663461173969
-15264572788472
-14807309407778
-14289358188640
-13708369734455
-13061958095264
-12347700767752
-11563138695248
-10705776267725
-9773081321800
-8762485140734
-7671382454432
-6497131439443
-5237053718960
-3888434362820
-2448521887504
-914528256137
716371121512
2447037389030
4280368243360
6219297934801
8266797267008
10425873596992
12699570835120
15090969445115
17603186444056
20239375402378
23002726443872
25896466245685
28923858038320
32088201605636
35392833284848
38841125966527
42436489094600
46182368666350
50082247232416
54139643896793
