-258454163251375
-202700583753332
-151309999741838
-104082104843476
-60822148794941
-21340864336328
14545605895580
47015782474024
76242922288981
102395091653876
125635239412294
146121270044692
164006116775111
179437814677888
192559573784368
203509852189616
212422429159129
219426478235548
224646640345370
228203096905660
230211642930763
230783760139016
230026690059460
228043507138552
224933191846877
220790703785860
215707054794478
209769382055972
203061021204559
195661579432144
187647008595032
179089678320640
170058449114209
160618745465516
150832628955586
140758871363404
130453027772627
119967509678296
109351658093548
98651816656328
87911404736101
77170990540564
66468364222358
55838610985780
45314184193495
34924978473248
24698402824576
14659453725520
4830788239337
-4767202878788
-14116322075030
-23200491890212
-32005681853093
-40519835373656
-48732796636396
-56636237493608
-64223584358675
-71489945099356
-78432035931074
-85048108310204
-91337875827361
-97302441100688
-102944222669144
-108266881885792
-113275249811087
-117975254106164
-122373845926126
-126478926813332
-130299275590685
-133844475254920
-137124839869892
-140151341459864
-142935536902795
-145489494823628
-147825722487578
-149957092693420
-151896770666777
-153658140953408
-155254734312496
-156700154609936
-158008005711623
-159191818376740
-160264977151046
-161240647260164
-162131701502869
-162950647144376
-163709552809628
-164419975376584
-165092886869507
-165738601352252
-166366701821554
-166985967100316
-167604298730897
-168228647868400
-168864942173960
-169518012708032
-170191520823679
-170887885059860
-171608208034718
-172352203338868
-173118122428685
-173902681519592
-174700988479348
-175506469721336
-176310797097851
-177103814793388
-177873466217930
-178605720900236
-179284501381129
-179891610106784
-180406656322016
-180806982963568
-181067593553399
-181161079091972
-181057544951542
-180724537769444
-180126972341381
-179227058514712
-177984228081740
-176355061673000
-174293215650547
-171749349001244
-168671050230050
-165002764253308
-160685719292033
-155657853765200
-149853743183032
-143204527040288
-135637835709551
-127077717334516
-117444564723278
-106655042241620
-94622012706301
-81254464278344
-66457437356324
-50131951469656
-32174932171883
-12479137933964
9066912962438
32579015531668
58177351190791
85986560866304
116135818100848
148758902159920
183994271138585
221985135068188
262879529023066
306830386227260
353995611161227
404538152668552
458626077062660
516432641233528
578136365754397
643921107988484
713976135195694
788496197639332
867681601692815
