504479229913208390113
480746239476651634556
456418259618091873914
431591591858103506188
406358782741671982811
380808678965479699640
355026482505191887948
329093805742742505416
303088726593620127125
277085843634153836548
251156331228799116542
225367994657423740340
199785325242593662543
174469555476858910112
149478714150039473360
124867681476511196944
100688244222491670857
76989150833326121420
53816166560773302274
31212128590291385372
9217001168323851971
-12132069270414616376
-32800698975652246828
-52757211754274284264
-71972583843037100291
-90420388781282302252
-108076742283650842234
-124920247112797126076
-140931937952103122377
-156095226278392471504
-170395845234644594600
-183821794502708802592
-196363285176018405199
-208012684632304819940
-218764461406311681142
-228615130062508948948
-237563196067807018325
-245609100664270828072
-252755165741833969828
-259005538711012797080
-264366137375620534171
-268844594805481385308
-272450204209144643570
-275193863806598799916
-277088021701985652193
-278146620756314414144
-278385043460175824416
-277820056806456255568
-276469757163051823079
-274353515145582494356
-271491920490106197742
-267906726925832931524
-263620797047838872941
-258658047189780487192
-253043392296608636444
-246802690797282688840
-239962689477484627507
-232550968352333159564
-224595885539097825130
-216126522129913106332
-207172627064492536313
-197764562002842808240
-187933246197977884312
-177710101368633104768
-167126996571979296895
-156216193076336884036
-145010289233889994598
-133542165353400571060
-121844928572922478981
-109951857732515616008
-97896348246960020884
-85711856978469982456
-73431847109408148683
-61089733014999635644
-48718825136046136546
-36352274851640030732
-24023019351878492689
-11763726510577601056
393260242013552368
12415977046498753616
24272894741620557545
35932973991546178828
47365720413153382946
58541239703316377180
69430292766191701603
80004350840504120072
90235650626832511220
100097249414895759448
109563080210838645917
118608006864517739540
127207879196787287974
135339588126785108612
142981120799218479575
150111615711650030704
156711417841783634552
162762133774750297376
168246686830394050129
173149372190557839452
177455912026369418666
181153510625527238764
184230909519586339403
186678442611244239896
188488091301626830204
189653539617574261928
190170229338926839301
190035415125810910180
189248219645924757038
187809688701824487956
185722846358209927615
182992750069210508288
179626545805671160832
175633523182438205680
171025170585645243833
165815230299999047852
160019753636065452850
153657156057555247484
146748272308610064947
139316411541088273960
131387412441850869764
122989698360047365112
114154332434401681261
104915072720498038964
95308427318066849462
85373709498270605476
75153092830989772199
64691666312108678288
54037489490801406856
43241647596817686464
32358306667768782113
21444768676413386236
10561526657943509690
-227680162729627252
-10855811243689703909
-21252469598729408200
-31343846670064545652
-41052667201048148408
-50298134108884584235
-58995873357343665532
-67057878829474758338
-74392457200320891340
-80904172809632864881
-86493792534583359968
-91058230662481047280
-94490493763484696176
-96679625563317283703
-97510651815980103604
-96864525176466875326
-94618070073477853028
-90643927582133934589
-84810500296690770616
-76981897203252873452
-67017878552487726184
-54773800732339891651
-40100561140745121452
-22844543058344464954
-2847560521198378300
20053196806499166583
