48508407368798377
36082331894052444
24771304095821514
14523064609750028
5286673599391987
-2987503622319536
-10347810971602884
-16841315972358304
-22513824134698435
-27409893333478796
-31572848186828274
-35044794434679612
-37866633317299897
-40078075953821048
-41717657720770304
-42822752630600712
-43429587710221615
-43573257379529140
-43287737829936686
-42605901402905412
-41559530968474725
-40179334303792768
-38494958471646908
-36535004198994224
-34327040255491995
-31897617832028188
-29272284919251946
-26475600686104076
-23531149858347537
-20461557097097928
-17288501377353976
-14032730366528024
-10714074802976519
-7351462874530500
-3962934597026086
-565656192834964
2824065530605123
6190768802259888
9519822508968012
12797411816910656
16010523793080973
19146933026753620
22195187250954270
25144592963929124
27985201050614423
30707792404105960
33303863547128592
35765612253505752
38085923169628961
40258353435927340
42277118308337122
44137076779771164
45833717201588459
47363142905063648
48722057822856532
49907752110481584
50918087767777461
51751484260376516
52406904141174310
52883838671799124
53182293444081471
53302774001523608
53246271460769048
53014248133072072
52608623145767241
52031758063738908
51286442510890730
50375879791615180
49303672512263059
48073808202613008
46690644937341020
45158896957489952
43483620291939037
41670198378873396
39724327687253550
37652003338284932
35459504726887399
33153381143164744
30740437393874208
28227719423895992
25622499937702769
22932264020829196
20164694761341426
17327658871306620
14429192308262459
11477485896686656
8480870949466468
5447804889368208
2386856870506757
-693306600184924
-3783936041486282
-6876213376419660
-9961266310780785
-13030182711669256
-16074024986019032
-19083844459128920
-22050695753193063
-24965651165831428
-27819815048620294
-30604338185622740
-33310432171919133
-35929383792137616
-38452569398984596
-40871469291775232
-43177682094963923
-45362939136674796
-47419118827232194
-49338261037691164
-51112581478367945
-52734486077370456
-54196585359128784
-55491708822925672
-56612919321427007
-57553527439212308
-58307105871305214
-58867503801703972
-59228861281911925
-59385623609468000
-59332555706477196
-59064756498141072
-58577673291288235
-57867116152904828
-56929272288665018
-55760720421461484
-54358445169935905
-52719851427009448
-50842778738413256
-48725515681218936
-46366814242369047
-43765904197207588
-40922507488010486
-37836852602516084
-34509688952455629
-30942301252083760
-27136523896708996
-23094755341224224
-18819972478637187
-14315745018600972
-9586249865944498
-4636285499203004
528713650851463
5902662822679560
11478812545444160
17249734260479864
23207305942762513
29342697722378700
35646357505995282
42107996598328892
48716575323615451
55460288647079680
62326551796404612
69301985883201104
76372403524477349
83522794464108388
90737311194305622
97999254577086324
105291059465743151
