-58662623166910763
-65267295349649316
-70328633038857270
-73958316640760836
-76264109007502817
-77349912951264560
-77315828758387908
-76258211703497152
-74269729563620983
-71439420132314444
-67852748733780882
-63591665736993900
-58734664069819309
-53356836733137080
-47529934314963296
-41322422504572104
-34799539606617667
-28023354055256116
-21052821928267502
-13943844461177748
-6749325561380601
480770677740416
7699362462690052
14862192785739376
21927771910803825
28857319859321252
35614708896129974
42166406015346820
48481415426245179
54531221039133048
60289728951231080
65733209932550632
70840241911771813
75591652462121532
79970461287251546
83961822707116508
87552968143852015
90733148607652656
93493577182650060
95827371512790944
97729496287715161
99196705728633748
100227486074206974
100821998066422388
100982019436472867
100710887390634664
100013441096145456
98895964167082392
97366127150240141
95432930011008940
93106644619252642
90398757235186764
87321910995256535
83889848398014944
80117353790000788
76020195851616720
71615070083007297
66919541289937028
61951986069668422
56731535296840036
51278016609344523
45611896894206680
39754224773461496
33726573090032200
27550981393608309
21249898426523676
14846124609634538
8362754528197564
1823119417747903
-4749270350022768
-11330782781388196
-17897721774709504
-24426384634557143
-30893119585832844
-37274383287891570
-43546798348663468
-49687210838775821
-55672747805675000
-61480874787748416
-67089453328446472
-72476798490404515
-77621736369564788
-82503661609298382
-87102594914527188
-91399240565845849
-95375043933643712
-99012248992226780
-102293955833939664
-105204178183287535
-107727900911058076
-109851137548443434
-111560987801162172
-112845695063581221
-113694703932837832
-114098717722961528
-114049755978996056
-113541211991121339
-112567910308775428
-111126164254776454
-109213833439444580
-106830381274723953
-103976932488304656
-100656330637744660
-96873195624591776
-92633981208505607
-87947032521379500
-82822643581462498
-77273114807481292
-71312810532762173
-64958216519352984
-58227997472145072
-51143054552995240
-43726582894847699
-36004129115856020
-28003648833505086
-19755564178733044
-11292821310053257
-2650947927676256
6131889212368308
15014826784109712
23954247377514209
32903721984363076
41813952484130662
50632714129862436
59304798034053035
67771953654524312
75972831280303384
83842924517500680
91314512775187989
98316603751276508
104774875918394890
110611621009767292
115745686505091423
120092418116416592
123563602274021756
126067408612293568
127508332455604425
127787137304190516
126800797320029870
124442439812720404
120601287725357971
115162602120414408
108007624665615584
99013520119819448
88053318818894077
74995859161595724
59705730095446866
42043213602614252
21864227185786951
-979733645945600
-26641652891215548
-55279051570498576
-87054045240235855
-122133401506955996
-160688597541397002
-202895877592628220
-248936310502172293
