19713913834993313
17215940191988008
14985704628973288
13006027394670596
11260319514325753
9732574116441826
8407357759511996
7269801758752426
6305593512835129
5500967830620836
4842698257891864
4318088404084984
3914963269024289
3621660569654062
3427022066771644
3320384891760302
3291572873322097
3330887864210752
3429101067964520
3577444365639052
3767601642540265
3991700114957210
4242301656894940
4512394126807378
4795382694330185
5085081167013628
5375703317055448
5661854208033728
5938521521639761
6201066884410918
6445217194463516
6667055948225686
6863014567170241
7029863724547544
7164704672118376
7264960566886804
7328367797833049
7352967312646354
7337095944457852
7279377738573434
7178715279206617
7034281016211412
6845508591815192
6612084167351560
6333937749993217
6011234519484830
5644366154875900
5233942161253630
4780781196475793
4285902397903600
3750516709134568
3176018206735388
2563975426974793
1916122692556426
1234351439351708
520701543132706
-222647353694999
-993384515359444
-1789076785989416
-2607177262881584
-3445033969767631
-4299898530081386
-5168934840225956
-6049227742840858
-6937791700069151
-7831579466824568
-8727490764058648
-9622380952027868
-10513069703560775
-11396349677325118
-12268995191094980
-13127770895017910
-13969440444882055
-14790775175383292
-15588562773392360
-16359615951221992
-17100781119894047
-17808947062406642
-18481053607001284
-19114100300430002
-19705155081222479
-20251362952953184
-20749954657508504
-21198255348353876
-21593693263800919
-21933808400274566
-22216261185580196
-22438841152170766
-22599475610413943
-22696238321859236
-22727358172505128
-22691227846066208
-22586412497240303
-22411658424975610
-22165901745737828
-21848277066777290
-21458126159396095
-20995006632215240
-20458700604441752
-19849223379135820
-19166832116477927
-18412034507035982
-17585597445032452
-16688555701611494
-15722220598106087
-14688188679305164
-13588350386720744
-12424898731855064
-11200337969467711
-9917492270842754
-8579514397055876
-7189894372241506
-5752468156859951
-4271426320964528
-2751322717468696
-1197083155413188
385985926766857
1992188787974762
3615431711185180
5249214330176962
6886620956266025
8520311905038220
10142514823082200
11745016014722288
13319151768751345
14855799685163638
16345370001887708
17777796921519238
19142529938053921
20428525163620328
21624236655212776
22717607741424196
23696062349179001
24546496330465954
25255268789071036
25808193407310314
26190529772762809
26386974705003364
26381653582335512
26158111668524344
25699305439529377
24987593910237422
24004729961195452
22731851665343470
21149473614747377
19237478247331840
16975107173613160
14340952503432140
11312948172686953
7868361270066010
3983783363780828
-364878171701102
-5202408828923447
-10554295640708164
-16446735853422632
-22906645600246784
-29961668574440239
