-155475825109202037167
-142194843987859788748
-128640434864256775726
-114884240170386321260
-100994582060791570765
-87036517539851382904
-73071893589066220580
-59159402294344041928
-45354635973286191307
-31710142302473290292
-18275479444751128666
-5097271176516555412
7780737984996630295
20317627654431788096
32475246451023545456
44218156871311906672
55513580161856361881
66331341191949996068
76643813326333598074
86425863297909769604
95654796080457034235
104310299761343946424
112374390414243200516
119831356971845739752
126667706098574865277
132872107063300345148
138435336612052523342
143350223840736428764
147611595067845884255
151216218707177615600
154162750140545360536
156451676590493977760
158085261993013555937
159067491870253522708
159404018203236753698
159102104304573681524
158170569691176404803
156619734956972797160
154461366645620616236
151708622123221612696
148375994451035639237
144479257258194759596
140035409614417357558
135062620902722245964
129580175692142775719
123608418610440944800
117168699216821507264
110283316874646082256
102975465624147263017
95269179055142725892
87189275179749339338
78761301305097272932
70011478906044106379
60966648497888938520
51654214509086496340
42102090153961243976
32338642305421491725
22392636367673505052
12293181148935613598
2069673734152320188
-8248255642291590161
-18630798723856941232
-29048024359136056600
-39469933629138650624
-49866514974577719439
-60207799323155431948
-70463915216849020814
-80605143939196673452
-90601974642583423021
-100425159475527039416
-110045768709963920260
-119435245868534981896
-128565462851871550379
-137408775065881252468
-145938076549033906618
-154126855099647413972
-161949247403173649353
-169380094159484352256
-176394995210157017840
-182970364665760787920
-189083486033142341959
-194712567342711788060
-199836796275728553958
-204436395291587278012
-208492676755103700197
-211988098063800553096
-214906316775193452892
-217232245734076790360
-218952108199809621859
-220053492973601560324
-220525409525798666258
-220358343123169338724
-219544309956190206337
-218076912266332018256
-215951393473345535176
-213164693302547420320
-209715502912106130431
-205604320020327806764
-200833504032942166078
-195407331170388391628
-189332049595101024157
-182615934538795852888
-175269343429755806516
-167304771020116844200
-158736904513153846555
-149582678690566506644
-139861331039765220970
-129594456881156980468
-118806064495431261497
-107522630250845916832
-95773153730513066656
-83589212859684989552
-71005019033040013495
-58057472241968406844
-44786216201858269334
-31233693479381423068
-17445200619779303509
-3468943274148850472
10643908673271600884
24839165977816429064
39059564907106835245
53244712113764952284
67331029508127953726
81251699130962162812
94936608026177161487
108312293113539899408
121301886061388802952
133825058159347884224
145797965191040850065
157133192306805211060
167739698896406390546
177522763461751833620
186383928489605116147
194220945324300053768
200927719040454810908
206394253315686009784
210506595303322839413
213146780505121164620
214192777643977635046
213518433536643794156
210993417966440188247
206483168555970475456
199848835639835534768
190947227137347575024
179630753425244243929
165747372210402737060
149140533402553906874
129649123986996371716
107107412897310624827
81344995888073143352
52186740407570497348
19452730470513458792
-17041788469248889411
-57486464646015044420
-102075895109516974450
-151009680852206009764
-204492481936538733665
