-111705548955
-111513641316
-110514940998
-108769197540
-106334228257
-103265943664
-99618372900
-95443689152
-90792235079
-85712548236
-80251386498
-74453753484
-68362923981
-62020469368
-55466283040
-48738605832
-41874051443
-34907631860
-27872782782
-20801389044
-13723810041
-6668905152
335940836
7264792304
14093137377
20797862500
27357227014
33750837732
39959623515
45965809848
51752893416
57305616680
62609942453
67653028476
72423201994
76909934332
81103815471
84996528624
88580824812
91850497440
94800356873
97426205012
99724809870
101693880148
103332039811
104638802664
105614546928
106260489816
106578662109
106571882732
106243733330
105598532844
104641312087
103377788320
101814339828
99957980496
97816334385
95397610308
92710576406
89764534724
86569295787
83135153176
79472858104
75593593992
71508951045
67230900828
62771770842
58144219100
53361208703
48435982416
43382037244
38213099008
32943096921
27586138164
22156482462
16668516660
11136729299
5575685192
0
-5575685192
-11136729299
-16668516660
-22156482462
-27586138164
-32943096921
-38213099008
-43382037244
-48435982416
-53361208703
-58144219100
-62771770842
-67230900828
-71508951045
-75593593992
-79472858104
-83135153176
-86569295787
-89764534724
-92710576406
-95397610308
-97816334385
-99957980496
-101814339828
-103377788320
-104641312087
-105598532844
-106243733330
-106571882732
-106578662109
-106260489816
-105614546928
-104638802664
-103332039811
-101693880148
-99724809870
-97426205012
-94800356873
-91850497440
-88580824812
-84996528624
-81103815471
-76909934332
-72423201994
-67653028476
-62609942453
-57305616680
-51752893416
-45965809848
-39959623515
-33750837732
-27357227014
-20797862500
-14093137377
-7264792304
-335940836
6668905152
13723810041
20801389044
27872782782
34907631860
41874051443
48738605832
55466283040
62020469368
68362923981
74453753484
80251386498
85712548236
90792235079
95443689152
99618372900
103265943664
106334228257
108769197540
110514940998
111513641316
111705548955
