239610580467167
281208065110924
316561469159614
346037209471244
369990590683597
388765951427656
402696810541028
412106013281368
417305877539803
418598340054356
416275102623370
410617778318932
401898037700297
390377755027312
376309154473840
359934956341184
341488523271511
321194006461276
299266491874646
275912146456924
251328364347973
225703913095640
199219079869180
172045817672680
144347891558483
116281024840612
87993045308194
59624031438884
31306458612289
3165345323392
-24681600604024
-52123835803952
-79057835154737
-105386945565652
-131021239763474
-155877370079060
-179878422233923
-202953769126808
-225038924620268
-246075397327240
-266010544397621
-284797425304844
-302394655632454
-318766260860684
-333881530153031
-347714870142832
-360245658719840
-371458098816800
-381341072196025
-389887993235972
-397096662717818
-402969121612036
-407511504864971
-410733895185416
-412650176831188
-413277889395704
-412638081594557
-410755165052092
-407656768087982
-403373589503804
-397939252369615
-391390157810528
-383765338793288
-375106313912848
-365456941178945
-354863271802676
-343373403983074
-331037336693684
-317906823469139
-304035226191736
-289477368878012
-274289391465320
-258528603598405
-242253338415980
-225522806337302
-208396948848748
-190936292290391
-173201801642576
-155254734312496
-137156493920768
-118968484088009
-100751962221412
-82567893301322
-64476803667812
-46538634807259
-28812597138920
-11357023801508
5770775560232
22514661008947
38819808528100
54632856235394
69902050596196
84577392636961
98610784158656
111956173950184
124569704001808
136409855718575
147437596133740
157616524122190
166913016613868
175296374807197
182738970382504
189216391715444
194707590090424
199195025914027
202664814928436
205106874424858
206515069456948
206887359054233
206225942435536
204537405222400
201832865652512
198128120793127
193443792754492
187805474903270
181243878075964
173794976792341
165500155468856
156406354632076
146566217132104
136038234356003
124886892441220
113182818489010
101002926777860
88430564976913
75555660359392
62474866016024
49291707068464
36116726882719
23067633282572
10269444763006
-2145363296372
-14036712417907
-25256774812472
-35649827166044
-45052104426280
-53291653589093
-60188187485228
-65552938566838
-69188512694060
-70888742921591
-70438543285264
-67613762588624
-62181038189504
-53897649786601
-42511373206052
-27760334188010
-9372862173220
12932655910405
39447921861208
70474872417212
106325825469544
147323626275859
193801793673764
246104666294242
304587548775076
369616857974273
