196011490651120228721
177814417145686947892
160799135041301243662
144906749428882491788
130080242887144541311
116264447918952769060
103406019387681134156
91453406953569232516
80356827510079351357
70068237620253523700
60541305953070582874
51731385719803217020
43595487110375023595
36092249729717563876
29181915034127417464
22826298767623236788
16988763398302801609
11634190554700073524
6728953462142250470
2240889379106821228
-1860727966421380073
-5605215940593119452
-9020510567337708572
-12133194092005950236
-14968522545013083883
-17550453305481731084
-19901672664884841038
-22043623390688636068
-23996532289995557117
-25779437773187209244
-27410217417567307120
-28905615531004620524
-30281270715575919839
-31551743431208921548
-32730543559325233730
-33830157966483301556
-34862078068021352785
-35836827391700343260
-36763989141346902404
-37652233760496278716
-38509346496035285267
-39342254961845245196
-40157056702444937206
-40959046756633541060
-41752745221133583077
-42541924814233881628
-43329638439432492632
-44118246749079655052
-44909445708020736391
-45704294157239178188
-46503241377499441514
-47306154652989952468
-48112346834966047673
-48920603905392919772
-49729212540588562924
-50535987674866718300
-51338300064179819579
-52133103849761938444
-52916964121771730078
-53686084482935378660
-54436334612189542861
-55163277828324301340
-55862198653626098240
-56528130377520688684
-57155882620216084271
-57740068896345498572
-58275134178610292626
-58755382461422920436
-59175004324549874465
-59528104496754631132
-59808729419440596308
-60010894810294050812
-60128613226927095907
-60155921630520598796
-60086908949467138118
-59915743643013949444
-59636701264905870773
-59244192027028288028
-58732788363050080552
-58097252492066566604
-57332563982242448855
-56433947314454759884
-55396899445935807674
-54217217373916121108
-52891025699267395465
-51414804190145437916
-49785415345633113020
-48000131959383288220
-46056664683261779339
-43953189590990296076
-41688375741789387502
-39261412744021387556
-36672038318833360541
-33920565863800046620
-31007912016566807312
-27935624218492570988
-24705908278292778367
-21321655935682328012
-17786472425018521826
-14104704038944010548
-10281465692029739249
-6322668484417892828
-2235047265464841508
1973811802615913668
6295443681110795341
10720476891163204340
15238605950130574186
19838563807941425596
24508094283452420987
29233924500805418980
34001737325784528904
38796143802173165300
43600655588111102425
48397657392451528756
53168379411118101494
57892869763462001068
62549966928618985639
67117272181866445604
71571122030980458100
75886560652592841508
80037312328548209957
83995753882261027828
87732887115072664258
91218311242608447644
94420195331134720147
97305250733915892196
99838703527571496992
101984266948433245012
103704113828902078513
104958849033805226036
105707481896753256910
105907398656497135756
105514334893285276991
104482347965220599332
102763789444617580300
100309277554359310724
97067669604254549245
92986034427394776820
88009624816511251226
82081849960332061564
75144247879939182763
67136457865125530084
57996192910752013624
47659212153104592820
36059293306251330953
23128205098399449652
8795679708252383398
-7010614798633165972
-24365102033490174761
-43344324847984242908
-64026972897856539484
-86493910206566748188
-110828202728936012843
-137115145914789882892
-165442292272601258894
-195899478933133338020
-228578855213082559549
