581608119695338235773
500391159175072756892
424934603913677523554
355000539441080137420
290356545055352222015
230775638695423531736
176036221813796060860
125922024249258152552
80222049099598607873
38730517594320794788
1246813967356757174
-32424569670218676172
-62474088457473782525
-89087199910905836224
-112444419051726999664
-132721373533150214288
-150088858767675091579
-164712893054373804052
-176754772706176976246
-186371127177159575716
-193713974189826804025
-198930774862399987736
-202164488836102469404
-203553629402445498568
-203232318630514122743
-201330342494253078412
-197973205999752682018
-193282188312534720956
-187374397884838344565
-180362827582905955120
-172356409814269098824
-163460071655034356800
-153774789977169236083
-143397646575788060612
-132421883296437862222
-120936957162384271636
-109028595501897409457
-96778851075537777160
-84266157203442148084
-71565382892609458424
-58747887964186698223
-45881578180754802364
-33030960373614541562
-20257197570072413356
-7618164120726533101
4831499173247475040
17040329932810587104
28959989073774488336
40545205679515682197
51753721873689599372
62546237692944706778
72886355959636616572
82740527154542195159
92077994289573672200
100870737780492749620
109093420319624710616
116723331748572528665
123740333930930976532
130126805625000735278
135867587356502503268
140949926291291105179
145363421108069601008
149099966871103395080
152153699902934345056
154520942657094870941
156200148590822064092
157191847037771796226
157498588080732828428
157124887424340920159
156077171267792938264
154363721177560965980
151994618960106411944
148981691534594119201
145338455805606474212
141080063535857515862
136223246218907044468
130786259951874730787
124788830308154225024
118252097210127265840
111198559801877789360
103652021321906038181
95637533975842670380
87181343809162868522
78310835579900448668
69054477631361969383
59441766764840840744
49503173112331433348
39270085009243187320
28774753867114721321
18050239046327941556
7130352728822150782
-3950395209191842684
-15156852324517615957
-26453278734259022576
-37803402243106083496
-49170473470620878080
-60517320978523435091
-71806406397977623684
-82999879556877044398
-94059633607130920148
-104947360151949987217
-115624604373132386248
-126052820158349553236
-136193425228432110520
-146007856264655757775
-155457624036027163004
-164504368526569853530
-173109914062610106988
-181236324440062842317
-188845958051717510752
-195901523014523986816
-202366132296878459312
-208203358845909322315
-213377290714763066164
-217852586189890168454
-221594528918330985028
-224569083035001640969
-226742948289979921592
-228083615175791163436
-228559420054694145256
-228139600285966979015
-226794349353193000876
-224494871991546662194
-221213439315079420508
-216923443944005630533
-211599455131988435152
-205217273893425656408
-197753988130735686496
-189188027761643378755
-179499219846465938660
-168668843715398814814
-156679686095801589940
-143516096239483871873
-129164041049991184552
-113611160209890859012
-96846821308057924376
-78862174966960998847
-59650209969948180700
-39205808388532939274
-17525800709680005964
5390979036908734787
29543638151508354496
54929170137084989648
81542399572009950704
109375926982773831109
138420073716700616300
168662826814661792714
200089783883790456796
232684097970195424007
266426422431675337832
301294855810432778788
337264886705788373432
374309338646894903369
412398314965451414260
451499143668417324830
491576322310726535876
532591462868001539275
