479787492260091059317
425302476024704601008
374496215985558642710
327205338372585583480
283270876438514922179
242538215331587366480
204857036968268941876
170081264905965100688
138069009215734831073
108682511355004766032
81788089040283292418
57256081119874659944
34960792446593090191
14780438750476885616
-3402908488497461440
-19703377167701159744
-34231349689139010163
-47093518086735296656
-58392939153619677266
-68229089569413075112
-76697921027513569381
-83891915362382286320
-89900139676829290228
-94808301469299474448
-98698803761158452359
-101650800223978448368
-103740250306824188902
-105039974363538793400
-105619708780029665305
-105546161101554383056
-104883065160006591080
-103691236201201890784
-102028626012163731547
-99950378048409301712
-97508882561235419578
-94753831725004424392
-91732274764430067341
-88488673081863402544
-85064955384578678044
-81500572812059226800
-77832554063283357679
-74095560524010246448
-70321941394065826766
-66541788814628681176
-62782992995515932097
-59071297342469132816
-55430353584440158480
-51881776900877097088
-48445201049010140483
-45138333491137475344
-41977010521911174178
-38975252395623086312
-36145318453490728885
-33497762250943177840
-31041486684906958916
-28783799121091938640
-26730466521277215319
-24885770570597010032
-23252562804826557622
-21832319737667997688
-20625197988036265577
-19630089407344983376
-18844676206792350904
-18265486084647036704
-17887947353534069035
-17706444067720726864
-17714371150402430858
-17904189520988634376
-18267481222388714461
-18795004548297862832
-19476749170482976876
-20301991266068550640
-21259348644822565823
-22336835876442382768
-23521919417840631454
-24801572740431102488
-26162331457414638097
-27590348451065023120
-29071449000014876000
-30591185906541539776
-32134894623852973075
-33687748383373641104
-35234813322030406642
-36761103609538421032
-38251636575687015173
-39691487837625590512
-41065846427149510036
-42360069917985989264
-43559739553079987239
-44650715371880097520
-45619191337624439174
-46451750464626547768
-47135419945561266361
-47657726278750636496
-48006750395449789192
-48171182787132835936
-48140378632778759675
-47904412926157305808
-47454135603114873178
-46781226668860405064
-45878251325251280173
-44738715098079203632
-43357118964356097980
-41729014479599994160
-39851058905120922511
-37721070335306803760
-35338082824909340014
-32702401516329905752
-29815657766905438817
-26680864276194331408
-23302470213262321072
-19686416343968381696
-15840190158250614499
-11772880997412139024
-7495235181406984130
-3019711136125978984
1639465479317355947
6466246645300917904
11442706854408130844
16548987984142054448
21763244169639493129
27061586676385105040
32418028772925511082
37804430603583403912
43190444061171656951
48543457659707433392
53828541407126295208
59008391677996312160
64043276086232170805
68890978357809283504
73506743203477897430
77843221191477203576
81850413620249445763
85475617391154029648
88663369881181631732
91355393815668308368
93490542141009604769
95004742897374664016
95830944091420336066
95899058569005286760
95135908887904106831
93465172190521420912
90807325076605996544
87079588475964853184
82195872521177371213
76066721420309400944
68599258329627371630
59697130226312400472
49260452781174401627
37185755231366195216
23365925253097616332
7690153834349624048
-9956119852411589575
-29691263577520490480
-51637507181398093606
-75920997701837853880
-102671854501291557209
