10058540660162995
2561935276267752
-4105849726710270
-9988400158714576
-15128095681575347
-19566124187539928
-23342496177803316
-26496059141038648
-29064511931927689
-31084419149691320
-32591225516620026
-33619270256604384
-34201801473665551
-34370990530485752
-34157946426938768
-33592730178620424
-32704369195379077
-31520871659846104
-30069240905966390
-28375489797528816
-26464655106696747
-24360811892538520
-22087087879557932
-19665677836224728
-17117857953505089
-14464000223392120
-11723586817436338
-8915224465276160
-6056658833168391
-3164788902518712
-255681348412168
2655415081856344
5554055190251587
8426582949467496
11260117124396690
14042536893599984
16762467470775901
19409265726230184
21973005808345308
24444464765049992
26815108165288711
29077075720491208
31223166906042006
33246826582749920
35142130618317569
36903771508810888
38527044000128640
40007830709471928
41342587746813707
42528330336368296
43562618438060890
44443542368997072
45169708424932325
45740224501741544
46154685716888548
46413160030895592
46516173868812879
46464697741688072
46260131868035806
45904291795307200
45399394021359369
44748041615924936
43953209842081544
43018231777721368
41946783937020627
40742871891909096
39410815893539618
37955236493757616
36381040166570605
34693404929617704
32897765965639148
30999801243945800
29005417141888663
26920734066328392
24752072075104806
22505936498506400
20189003560739857
17808106001399560
15370218696937104
12882444282130808
10351998771555227
7786197181050664
5192439149192682
2578194558761616
-49010841787915
-2681609816857496
-5312008022235404
-7932598383627096
-10535775475185697
-13113949898042488
-15659562658837394
-18165099548249472
-20623105519527399
-23026199067019960
-25367086604706536
-27638576844727592
-29833595175915165
-31945198042323352
-33966587321758798
-35891124704311184
-37712346070883715
-39423975871723608
-41019941504952580
-42494387695097336
-43841690871620057
-45056473547448888
-46133618697508426
-47068284137250208
-47855916901183199
-48492267621404280
-48973404906128736
-49295729718220744
-49455989753723861
-49451293820391512
-49279126216217478
-48937361107966384
-48424276909704187
-47738570661328664
-46879372407099900
-45846259574170776
-44639271351117457
-43258923066469880
-41706220567242242
-39982674597463488
-38090315176707799
-36031705978625080
-33809958709471448
-31428747486639720
-28892323217189901
-26205527976379672
-23373809386194878
-20403234993880016
-17300506650468723
-14072974889314264
-10728653304620020
-7276232929969976
-3725096616859209
-85333413224376
3632247058025798
7416100220480032
11253932165694001
15132685274659848
19038523839275696
22956819683815160
26872137786396859
30768221900453928
34627980176203530
38433470782116368
42165887526386197
45805545478399336
49331866590204180
52723365317980712
55957634243510015
59011329695643784
61860157371773838
64478857959301632
66841192757107769
