265870117900978579261
245372003879628418940
225150012207569056034
205251126228212738860
185719443705660306815
166596231951987081368
147919982954528757052
129726468503167292456
112048795317616801217
94917460174709443012
78360405035681314550
62403072173458340564
47068459299942164803
32377174693296041024
18347492325230723984
4995406988290360432
-7665310576861619899
-19623058554156613300
-30868348924834951094
-41393752340160008644
-51193842994132314361
-60265143496203658712
-68606069743991203228
-76216875795991589512
-83099598744295048247
-89258003587299508204
-94697528102424705250
-99425227718826291356
-103449720390109943605
-106781131467045473200
-109431038570280934472
-111412416463056733888
-112739581923919739059
-113428138619437387748
-113494921976911796878
-112957944057093871540
-111836338426897414001
-110150305032113232712
-107921055070123251316
-105170755862614617656
-101922475728293812783
-98200128855600759964
-94028420175422933690
-89432790233809468684
-84439360064685268909
-79074876062565116576
-73366654855267781152
-67342528176630128368
-61030787739221229227
-54460130107056469012
-47659601568311656294
-40658543008037131940
-33486534780871878121
-26173341583757627320
-18748857328652971340
-11243050015247470312
-3685906603675761703
3892622112768330676
11462676634917687662
18994543885017785732
26458712334012587995
33825927128830435184
41067245219669936648
48154090487285861344
55058308870275028829
61752223492362200252
68208689789685969346
74401150638084653420
80303691480382184351
85891095453673999576
91138898516612933084
96023444576695106408
100521940617545819617
104612511826205442308
108274256720415304598
111487302275903588116
114232859053671216995
116493276327277748864
118252097210127265840
119494113782754265520
120205422220109551973
120373477918846126732
119987150624605079786
119036779559301480572
117514228548410268967
115412941148252146280
112727995773279466244
109456160823362126008
105595949811073457129
101147676488976116564
96113509976907977662
90497529889268021156
84305781462302226155
77546330681389461136
70229319408327374936
62367020508618287744
53973892978755082093
45066637073507093852
35664249433206003218
25788078211031725708
15461878200298303151
4711865961739794680
-6433225049203832276
-17942089355100811000
-29780794329241684495
-41912725068353414492
-54298529265313490458
-66896062081864038604
-79660331021325930893
-92543440801312894048
-105494538226445618560
-118459757061065867696
-131382162901950586507
-144201698051026010836
-156855126388081776326
-169275978243485027428
-181394495270894526409
-193137575319974762360
-204428717309110060204
-215187966098118689704
-225331857360966974471
-234773362458483400972
-243421833311072727538
-251182947271430093372
-257958651997255127557
-263647110323966058064
-268142645137413820760
-271335684246596168416
-273112705256371779715
-273356180440174368260
-271944521612726791582
-268752025002755160148
-263648816125702946369
-256500794656445093608
-247169579302002125188
-235512452674254253400
-221382306162655488511
-204627584806947747772
-185092232169874964426
-162615635209897196716
-137032569153904736893
-108173142369932220224
-75862741239872734000
-39921975032191926544
-166620774642116219
43592431873023599564
91549235746337235338
143902841303401808572
200857351752177230663
262621978177766197928
329411094669700082596
401444293449224823800
478946439996586818569
562147728178318812820
651283735374525792350
746595477606170873828
848329464662361195787
