57541051940753589481
66123932490220245788
73594271231547858218
80009203383016682860
85424322705618147731
89893699878816816440
93469900876312351852
96204005341801479752
98145624964739952509
99342921856104512740
99842626924154856974
99690058250195599316
98929139464338235111
97602418121263104608
95751084075981356624
93414987859596912208
90632659055068428305
87441324672971261420
83876927527259431282
79974144611027584508
75766405472272958267
71285910589657343944
66563649748269050804
61629420415384869656
56511846116232036517
51238394809750196276
45835397264353366358
40328065433691900388
34740510832414451855
29095762911929937776
23415787436169502360
17721504857348480672
12032808691728362297
6368583895378755004
746725239939348410
-4815844311618122356
-10303155229227912989
-15700173039968306344
-20992779952299648772
-26167756480302386456
-31212763067915101747
-36116321713172549500
-40867797592443693410
-45457380684669742348
-49876067395602186697
-54115642182040834688
-58168659176071848736
-62028423809305781776
-65688974437115613599
-69145063962874787188
-72392141462195245054
-75426333807165465572
-78244427290588499317
-80843849250220005400
-83222649693006287804
-85379482919322331720
-87313589147209839883
-89024776136615268908
-90513400813627865626
-91780350894717703420
-92827026510973718561
-93655321832341746544
-94267606691862558424
-94666708209909897152
-94855892418428513911
-94838845885172204452
-94619657337941845430
-94202799288823430740
-93593109658426107853
-92795773400120214152
-91816304124275313268
-90660525722498231416
-89334553991871093731
-87844778259189360604
-86197843005199864018
-84400629488838843884
-82460237371469984377
-80383966341122450272
-78179297736728923280
-75853876172363638384
-73415491161480420175
-70872058741150719188
-68231603096301648238
-65502238183954018756
-62692149357460377125
-59809574990743041016
-56862788102532135724
-53860077980603630504
-50809731806017374907
-47720016277355135116
-44599159234958630282
-41455331285167568860
-38296627424557684945
-35131048664178774608
-31966483653792732232
-28810690306111586848
-25671277421035538471
-22555686309890994436
-19471172419668605734
-16424786957261303348
-13423358513702334589
-10473474688403299432
-7581463713392186852
-4753376077551411160
-1994966150855848339
688326191389127620
3291393944309608382
5809481349225114932
8238202269410561239
10573558565858217920
12811958473039675904
14950234974667810096
16985664179458743041
18915983696893808588
20739411012981515554
22454661866019511388
24060968622356545835
25558098652154434600
26946372705150023012
28226683286417149688
29400513032128610197
30469953085318120724
31437721471642281734
32307181475142541636
33082360014007160447
33767966016333173456
34369408795888354888
34892816427873181568
35345054124682796585
35733742611668972956
36067276502902077290
36354842676933033452
36606438652555286227
36832890964566764984
37045873539531847340
37257926071543322824
37482472397984356541
37733838875290452836
38027272754711418958
38378960558073328724
38806046453540486183
39326650631377389280
39959887679710693520
40725884960291175632
41645800984255697233
42741843787889168492
44037289308386511794
45556499759614625404
47324942007874347131
49369205947662417992
51717022877433445876
54397283875361869208
57440058175103920613
60876611541559590580
64739424646634591126
69062211445002319460
73879937549865821647
