-149193305901176537
-130994026267972560
-113968814572115118
-98069601269161624
-83249522962782815
-69462908026232264
-56665262223815892
-44813254332361480
-33864701762688181
-23778556181076032
-14514889130735466
-6034877653276824
1699210089820133
8724029195736712
15075172398845776
20787184449242232
25893576491273519
30426840442070096
34418463370075930
37898941873578984
40897796459241705
43443585920631512
45563921716751284
47285482350569848
48634027747552467
49634413634191328
50310605916536030
50685695058724072
50781910461511341
50620634840802600
50222418606181976
49606994239443448
48793290673121335
47799447669020784
46642830196748258
45340042812242024
43906944036302641
42358660733123448
40709602488821052
38973475989965816
37163299402112347
35291416748329984
33369512287733286
31408624894012520
29419162433964149
27410916146021320
25393075018784352
23374240169551224
21362439222848063
19365140688959632
17389268342459818
15441215600742120
13526859902550137
11651577086508056
9820255769651140
8037311725956216
6306702264872163
4631940609850400
3016110276875374
1461879452995048
-28484625148611
-1453101292789144
-2810462078505112
-4099416325689608
-5319156814019769
-6469205380926288
-7549398543062926
-8559873117776024
-9501051844574015
-10373629006596936
-11178556052085940
-11917027215852808
-12590465140749461
-13200506499137472
-13748987614357578
-14237930082199192
-14669526392369915
-15046125549965048
-15370218696937104
-15644424733565320
-15871475939925169
-16054203597357872
-16195523609939910
-16298422125952536
-16365941159351287
-16401164211235496
-16407201891317804
-16387177539393672
-16344212846810893
-16281413477939104
-16201854691639298
-16108566962733336
-16004521603473459
-15892616385011800
-15775661158869896
-15656363478408200
-15537314220295593
-15420973205978896
-15309654823152382
-15205513647227288
-15110530062801327
-15026495885128200
-14954999981587108
-14897413893152264
-14854877455862405
-14828284422290304
-14818268083012282
-14825186888077720
-14849110068478571
-14889803257618872
-14946714112784256
-15018957936611464
-15105303298557857
-15204157656370928
-15313552977557814
-15431131360854808
-15554130657696871
-15679370093687144
-15803235890066460
-15921666885182856
-16030140155961085
-16123656639372128
-16196726753902706
-16243356021024792
-16257030686665123
-16230703342674712
-16156778548298360
-16027098451644168
-15832928411153049
-15564942617068240
-15213209712904814
-14767178416919192
-14215663143578655
-13546829625030856
-12748180532573332
-11806541098123016
-10708044735685749
-9438118662825792
-7981469522135338
-6322069002704024
-4443139461588443
-2327139545281656
44250188817296
2690141650933880
5630453597448559
8885926009427280
12478134471151962
16429504548650984
20763326168229673
25503767995000792
30675891811415028
36305666895791480
42419984400848147
49046671732232416
56214506927051550
63953233032403176
72293572483905773
