-18166136989
-16437130248
-14785292214
-13208787152
-11705798395
-10274528344
-8913198468
-7620049304
-6393340457
-5231350600
-4132377474
-3094737888
-2116767719
-1196821912
-333274480
475481496
1231033867
1934951416
2588783858
3194061840
3752296941
4264981672
4733589476
5159574728
5544372735
5889399736
6196052902
6465710336
6699731073
6899455080
7066203256
7201277432
7305960371
7381515768
7429188250
7450203376
7445767637
7417068456
7365274188
7291534120
7196978471
7082718392
6949845966
6799434208
6632537065
6450189416
6253407072
6043186776
5820506203
5586323960
5341579586
5087193552
4824067261
4553083048
4275104180
3990974856
3701520207
3407546296
3109840118
2809169600
2506283601
2201911912
1896765256
1591535288
1286894595
983496696
681976042
382948016
87008933
-205263960
-493312484
-776597528
-1054599049
-1326816072
-1592766690
-1851988064
-2104036423
-2348487064
-2584934352
-2812991720
-3032291669
-3242485768
-3443244654
-3634258032
-3815234675
-3985902424
-4146008188
-4295317944
-4433616737
-4560708680
-4676416954
-4780583808
-4873070559
-4953757592
-5022544360
-5079349384
-5124110253
-5156783624
-5177345222
-5185789840
-5182131339
-5166402648
-5138655764
-5098961752
-5047410745
-4984111944
-4909193618
-4822803104
-4725106807
-4616290200
-4496557824
-4366133288
-4225259269
-4074197512
-3913228830
-3742653104
-3562789283
-3373975384
-3176568492
-2970944760
-2757499409
-2536646728
-2308820074
-2074471872
-1834073615
-1588115864
-1337108248
-1081579464
-822077277
-559168520
-293439094
-25493968
244042821
514528168
785299900
1055676776
1324958487
1592425656
1857339838
2118943520
2376460121
2629093992
2876030416
3116435608
3349456715
3574221816
3789839922
3995400976
4189975853
4372616360
4542355236
4698206152
4839163711
4964203448
5072281830
5162336256
5233285057
