296660727932023
303855205815560
308366490641510
310372091524072
310043961467333
307548570471980
303046978642012
296694909291452
288642822051059
279035985975040
268014552647762
255713629290464
242263351867969
227788958195396
212410861044872
196244721252244
179401520823791
161987636042936
144104910576958
125850728583704
107318087818301
88595672739868
69767927618228
50915129640620
32113462018411
13435087093808
-5051780553430
-23282800999280
-41197435868743
-58738875229132
-75853964483360
-92493131263228
-108610312322713
-124162880431256
-139111571267050
-153420410310328
-167056639736651
-179990645310196
-192195883277044
-203648807258468
-214328795144221
-224218075985824
-233301656889854
-241567249911232
-249005198946511
-255608406627164
-261372261212872
-266294563484812
-270375453638945
-273617338179304
-276024816811282
-277604609334920
-278365482538195
-278318177090308
-277475334434972
-275851423683700
-273462668509093
-270326974038128
-266463853745446
-261894356346640
-256640992691543
-250727662657516
-244179582042736
-237023209459484
-229286173227433
-220997198266936
-212186032992314
-202883376205144
-193120803987547
-182930696595476
-172346165352004
-161400979540612
-150129493298477
-138566572509760
-126747521698894
-114708010923872
-102484002669535
-90111678740860
-77627367156248
-65067469040812
-52468385519665
-39866444611208
-27297828120418
-14798498532136
-2404125904355
9849985238492
21928969012244
33798471279724
45424722757451
56774612122352
67815759118474
78516587663696
88846398956441
98775444582388
108274999621184
117317435753156
125876294366023
133926359661608
141443731762550
148405899819016
154791815115413
160581964177100
165758441877100
170305024542812
174207243062723
177452455993120
180029922664802
181930876289792
183148597068049
183678485294180
183518134464152
182667404382004
181128494266559
178906015858136
176007066525262
172441302371384
168221011341581
163361186329276
157879598282948
151796869312844
145136545797691
137925171491408
130192360629818
121970871037360
113296677233801
104209043540948
94750597189360
84967401425060
74909028616247
64628633360008
54183025589030
43632743678312
33042127551877
22479391789484
12016698733340
1730231594812
-8299732438861
-17988749097856
-27248133923054
-35984889159328
-44101630648831
-51496514724284
-58063165102264
-63690599776492
-68263157911121
-71660426734024
-73757168430082
-74423247034472
-73523555325955
-70917941720164
-66461137162892
-60002682023380
-51386852987605
-40452589951568
-27033422914582
-10957398872560
7952991288697
