352607309345131153859
344974059890693636620
336140978681530449742
326212962557250731420
315291153381874673281
303472993171119411376
290852279219684917172
277519219228539888544
263560486432207640767
249059274726051997508
234095353793563181818
218745124233643707124
203081672687894268221
187174826967899632264
171091211182514529760
154894300865149545560
138644478101057009851
122399086654616889148
106212487096622677286
90136111931567286412
74218520724928937977
58505455230457053728
43039894517458146700
27862110098081712208
13009721054606118839
-1482250833275500556
-15581325961169357870
-29257511772695118748
-42483247632200011595
-55233349697472936584
-67484955792458574664
-79217470279971496568
-90412508934410271821
-101053843814471577748
-111127348135864308482
-120620941144023683972
-129524532986825358991
-137829969587299532144
-145530977516345054876
-152623108865443540480
-159103686119373473105
-164971747028924316764
-170227989483610624342
-174874716384386146604
-178915780516357941203
-182356529421500481688
-185203750271369766512
-187465614739817428040
-189151623875704841557
-190272552975617234276
-190840396456577794346
-190868312728761779860
-190370569068210627863
-189362486489546063360
-187860384618684208324
-185881526565549690704
-183444063796789753433
-180566981008488363436
-177270040998880320638
-173573729541065366972
-169499200255722295387
-165068219483823058856
-160303111159346879384
-155226701681994357016
-149862264789901578845
-144233466432354228020
-138364309642501692754
-132279079410071175332
-126002287554081801119
-119558617595558727568
-112972869630247253228
-106269905201326926752
-99474592172125655905
-92611749598833816572
-85706092603218361766
-78782177245336930636
-71864345396251957475
-64976669610744780728
-58142898000029752000
-51386399104468345064
-44730106766283264869
-38196465002272556548
-31807372876523714426
-25584129373127791028
-19547378268893506087
-13717053006061355552
-8112321565017720596
-2751531337008976624
2347846003144397719
7169269624333711540
11697184666447952690
15917077367659678756
19815530191710908053
23380276955199010616
26600257954862599192
29465675094867420232
31968047014092244883
34100264213414759980
35856644182997459038
37232986529573533244
38226628103732762449
38836498127207406160
39063173320158094532
38908933028459719360
38377814350987325071
37475667266901999716
36210209762936765962
34591082960682472084
32629906243873682957
30340332385674571048
27738102675964807408
24841102048625452664
21669414208824848011
18245376760304506204
14593636332665002550
10741203708651865900
6717508951441469641
2554456531926922688
-1713519543996039524
-6049400608143164048
-10413528202755789433
-14763548953214954732
-19054359440755508510
-23238051075180217852
-27263854967573877371
-31078086803017418216
-34624091713302017080
-37842189149643205208
-40669617755394977405
-43040480238763901044
-44885688245523225074
-46132907231726989028
-46706501336424132031
-46527478254372601808
-45513434108753463692
-43578498323885009632
-40633278497936867201
-36584805275644108604
-31336477221021359686
-24788005690076908940
-16835359703526816515
-7370710819509023224
3717621993702540448
16545227484983845336
31231657247646654587
47900480846724414652
66679340946258146278
87700008436582335500
111098437561610824633
137014821046122703264
165593645223048199244
196983745160754569680
231338359790331991927
268815187032879454580
309576438926790648466
353788896755039857636
401623966172467850357
