5420052989
4861534669
4332807214
3832990721
3361216789
2916628519
2498380514
2105638879
1737581221
1393396649
1072285774
773460709
496145069
239573971
2994034
-214336621
-413148371
-594160091
-758079154
-905601431
-1037411291
-1154181601
-1256573726
-1345237529
-1420811371
-1483922111
-1535185106
-1575204211
-1604571779
-1623868661
-1633664206
-1634516261
-1626971171
-1611563779
-1588817426
-1559243951
-1523343691
-1481605481
-1434506654
-1382513041
-1326078971
-1265647271
-1201649266
-1134504779
-1064622131
-992398141
-918218126
-842455901
-765473779
-687622571
-609241586
-530658631
-452190011
-374140529
-296803486
-220460681
-145382411
-71827471
-43154
69734749
137281949
202385659
264844594
324468971
381080509
434512429
484609454
531227809
574235221
613510919
648945634
680441599
707912549
731283721
750491854
765485189
776223469
782677939
784831346
782677939
776223469
765485189
750491854
731283721
707912549
680441599
648945634
613510919
574235221
531227809
484609454
434512429
381080509
324468971
264844594
202385659
137281949
69734749
-43154
-71827471
-145382411
-220460681
-296803486
-374140529
-452190011
-530658631
-609241586
-687622571
-765473779
-842455901
-918218126
-992398141
-1064622131
-1134504779
-1201649266
-1265647271
-1326078971
-1382513041
-1434506654
-1481605481
-1523343691
-1559243951
-1588817426
-1611563779
-1626971171
-1634516261
-1633664206
-1623868661
-1604571779
-1575204211
-1535185106
-1483922111
-1420811371
-1345237529
-1256573726
-1154181601
-1037411291
-905601431
-758079154
-594160091
-413148371
-214336621
2994034
239573971
496145069
773460709
1072285774
1393396649
1737581221
2105638879
2498380514
2916628519
3361216789
3832990721
4332807214
4861534669
5420052989
