700912675701453141199
618078276973584364700
540568727618938932494
468170772256025521084
400676214573358060013
337881862202169840872
279589471589127626308
225605692869045759032
175742014737600270827
129814709324042991556
87644777063915658170
49057891571764023716
13884344513851966345
-18041009519124401680
-46878808139322624976
-72785236289039796032
-95912081367998446201
-116406788360632436692
-134412514963372849562
-150068186711933878708
-163508552108598720859
-174864237749505466568
-184261803451932991204
-191823797381586845944
-197668811179885148765
-201911535091244475436
-204662813090365750510
-206029698009520138316
-206115506665834933951
-205019874988579454272
-202838813146450928888
-199664760674860391152
-195586641603218569153
-190689919582221776708
-185056653011137804354
-178765550165091810340
-171892024322352211619
-164508248891616574840
-156683212539297507340
-148482774316808548136
-139969718787850058917
-131203811155695115036
-122241852390475396502
-113137734356467078972
-103942494939376724743
-94704373173627173744
-85468864369643434528
-76278775241138575264
-67174279032399614729
-58192970645573413300
-49369921767952563946
-40737735999261283220
-32326603978941302251
-24164358513437757736
-16276529703485082932
-8686400071392898648
-1415059688331904237
5518538698380231412
12097524537992978882
18307054349037057236
24134256592038543025
29568176542232979296
34599721162279484600
39221603974974862000
43428289935967708079
47215940306472521948
50582357525983814254
53526930084990216188
56050577397688588493
58155694674698130472
59846097795774488996
61126968182523867512
62004797671117135051
62487333385003935236
62583522607626795290
62303457655135235044
61658320749099875945
60660328889226550064
59322678726070409104
57659491433750033408
55685757582661540967
53417282012192696428
50870628703437020102
48063065651907896972
45012509740252685701
41737471610966827640
38257000539107955836
34590629305010004040
30758319066997315715
26780404234098753044
22677537338761805938
18470633909566701044
14180817343940510753
9829363780871262208
5437646973622046312
1027083162445126736
-3380924052703951073
-7765038839452250884
-12104048260295336674
-16376917399883163620
-20562844492305969091
-24641316048380163640
-28592161982934221996
-32395610742094574056
-36032344430571495877
-39483553938945000668
-42730994070950729782
-45757038670765843708
-48544735750294913063
-51077862616455809584
-53340980998465597120
-55319492175126422624
-56999692102111407145
-58368826539250536820
-59415146177816553866
-60127961767810847572
-60497699245249345291
-60515954859448403432
-60175550300310698452
-59470587825611117848
-58396505388282651149
-56950131763702280908
-55129741676976873694
-52935110930229071084
-50367571529883180655
-47430066813951066976
-44127206579318042600
-40465322209028759056
-36452521799573097841
-32098745288172061412
-27415819580063664178
-22417513675788823492
-17119593798477250643
-11539878521133341848
-5698293893922069244
383071428545128120
6679911059924453291
13165645754853860420
19811368281667163770
26585788295108146724
33455177209044670793
40383313069182784624
47331425425780833008
54258140206363565888
61119424588436247367
67868531872198764716
74455946353259737382
80829328195350625996
86933458303039841381
92710183194446853560
98098359873956300764
103033800704932098440
107449218282431548259
111274170305919447124
114435004451982196178
116854803247041909812
118453328940070524673
