65786526853957
59669008615244
53884124075306
48421410679468
43270552086479
38421378168512
33863865011164
29588134913456
25584456387833
21843244160164
18355059169742
15110608569284
12100745724931
9316470216248
6748927836224
4389410591272
2229356701229
260350599356
-1525877067662
-3137449439716
-4582343443273
-5868389791376
-7003272983644
-7994531306272
-8849556832031
-9575595420268
-10179746716906
-10668964154444
-11050054951957
-11329680115096
-11514354436088
-11610446493736
-11624178653419
-11561627067092
-11428721673286
-11231246197108
-10974838150241
-10664988830944
-10307043324052
-9906200500976
-9467513019703
-8995887324796
-8496083647394
-7972716005212
-7430252202541
-6873013830248
-6305176265776
-5730768673144
-5153674002947
-4577628992356
-4006224165118
-3442903831556
-2890966088569
-2353562819632
-1833699694796
-1334236170688
-857885490511
-407214684044
15355432358
407550255764
767241396667
1092446678984
1381330140056
1632202030648
1843518814949
2013883170572
2142043988554
2226896373356
2267481642863
2262987328384
2212747174652
2116241139824
1973095395481
1783082326628
1546120531694
1262274822532
931756224419
554921976056
132275529568
-335533449496
-847709082163
-1403309276036
-2001245725294
-2640283910692
-3319043099561
-4035996345808
-4789470489916
-5577646158944
-6398557766527
-7250093512876
-8129995384778
-9035859155596
-9965134385269
-10915124420312
-11882986393816
-12865731225448
-13860223621451
-14863182074644
-15871178864422
-16880640056756
-17887845504193
-18888928845856
-19879877507444
-20856532701232
-21814589426071
-22749596467388
-23656956397186
-24531925574044
-25369614143117
-26164986036136
-26912858971408
-27607904453816
-28244647774819
-28817468012452
-29320598031326
-29748124482628
-30093987804121
-30351982220144
-30515755741612
-30578810166016
-30534501077423
-30376037846476
-30096483630394
-29688755372972
-29145623804581
-28459713442168
-27623502589256
-26629323335944
-25469361558907
-24135656921396
-22620102873238
-20914446650836
-19010289277169
-16899085561792
-14572144100836
-12020627277008
-9235551259591
-6207786004444
-2928055254002
613063462724
4425138830147
8517885746104
12901165321856
17584984882088
22579497964909
27895004321852
33541949917874
39530926931356
45872673754103
52578074991344
59658161461732
67124110197344
74987244443681
83259033659668
91951093517654
101075185903412
110643218916139
