867681601692815
788496197639332
713976135195694
643921107988484
578136365754397
516432641233528
458626077062660
404538152668552
353995611161227
306830386227260
262879529023066
221985135068188
183994271138585
148758902159920
116135818100848
85986560866304
58177351190791
32579015531668
9066912962438
-12479137933964
-32174932171883
-50131951469656
-66457437356324
-81254464278344
-94622012706301
-106655042241620
-117444564723278
-127077717334516
-135637835709551
-143204527040288
-149853743183032
-155657853765200
-160685719292033
-165002764253308
-168671050230050
-171749349001244
-174293215650547
-176355061673000
-177984228081740
-179227058514712
-180126972341381
-180724537769444
-181057544951542
-181161079091972
-181067593553399
-180806982963568
-180406656322016
-179891610106784
-179284501381129
-178605720900236
-177873466217930
-177103814793388
-176310797097851
-175506469721336
-174700988479348
-173902681519592
-173118122428685
-172352203338868
-171608208034718
-170887885059860
-170191520823679
-169518012708032
-168864942173960
-168228647868400
-167604298730897
-166985967100316
-166366701821554
-165738601352252
-165092886869507
-164419975376584
-163709552809628
-162950647144376
-162131701502869
-161240647260164
-160264977151046
-159191818376740
-158008005711623
-156700154609936
-155254734312496
-153658140953408
-151896770666777
-149957092693420
-147825722487578
-145489494823628
-142935536902795
-140151341459864
-137124839869892
-133844475254920
-130299275590685
-126478926813332
-122373845926126
-117975254106164
-113275249811087
-108266881885792
-102944222669144
-97302441100688
-91337875827361
-85048108310204
-78432035931074
-71489945099356
-64223584358675
-56636237493608
-48732796636396
-40519835373656
-32005681853093
-23200491890212
-14116322075030
-4767202878788
4830788239337
14659453725520
24698402824576
34924978473248
45314184193495
55838610985780
66468364222358
77170990540564
87911404736101
98651816656328
109351658093548
119967509678296
130453027772627
140758871363404
150832628955586
160618745465516
170058449114209
179089678320640
187647008595032
195661579432144
203061021204559
209769382055972
215707054794478
220790703785860
224933191846877
228043507138552
230026690059460
230783760139016
230211642930763
228203096905660
224646640345370
219426478235548
212422429159129
203509852189616
192559573784368
179437814677888
164006116775111
146121270044692
125635239412294
102395091653876
76242922288981
47015782474024
14545605895580
-21340864336328
-60822148794941
-104082104843476
-151309999741838
-202700583753332
-258454163251375
