38142489753940400465
50304839497964778916
60906839188247009902
70032042822448792508
77761692212298583711
84174744547234543876
89347899958047482252
93355629080523802468
96270200619088448029
98161708910447847812
99098101487232861562
99145206641641725388
98366760989082997259
96824437031818502500
94577870722606279288
91684689028343524148
88200537493709537449
84179107804808668900
79672165352813263046
74729576797606604764
69399337631425864759
63727599742505045060
57758698978717924516
51535182711221004292
45097837398096453365
38485716147995054020
31736166283779147346
24884856906165578732
17965806457368643363
11011410284743031716
4052468204426775056
-2881787935015809068
-9763666688951171327
-16566989453033585116
-23267062899562201058
-29840651413838101508
-36265949530521355057
-42522554369988071036
-48591438074687454020
-54454920245498858332
-60096640378088842547
-65501530299268223996
-70655786603349133270
-75546843088502068724
-80163343193112950981
-84495112432140177436
-88533130833471676760
-92269505374281963404
-95697442417389192103
-98811220147612212380
-101606161008127623050
-104078604136826826724
-106225877802673084313
-108046271842058569532
-109539010095161423404
-110704222842302808764
-111542919240303964763
-112056959758843261372
-112249028616813253886
-112122606218677737428
-111681941590828801453
-110932024817943884252
-109878559479342827456
-108527935085344930540
-106887199513626005327
-104964031445575430492
-102766712802653206066
-100304101182747007940
-97585602296529242369
-94621142403814100476
-91421140749914612756
-87996482001999703580
-84358488685451245699
-80518893620221114748
-76489812357188243750
-72283715614515677620
-67913401714007627669
-63391969017466526108
-58732788363050080552
-53949475501628328524
-49055863533140691959
-44065975342953031708
-38993996038214702042
-33854245384215605156
-28661150240743245673
-23429216998439785148
-18173004015159096572
-12907094052323818876
-7646066711282411435
-2404470869666208572
2803202882253525938
7962549805208544364
13059278574576560515
18079238844024195236
23008448809149921904
27833122771127011924
32539698700346480225
37114865800060030756
41545592070023001982
45819151870137312380
49923153484094405935
53845566683018197636
57574750289108018972
61099479739281563428
64408974648817831981
67492926375000078596
70341525580758755722
72945489798314459788
75296090992820876699
77385183126007727332
79205229719823713032
80749331420079461108
82011253560090470329
82985453724320056420
83667109312022297558
84052145100884979868
84137260810672542919
83919958666869025220
83398570964321009716
82572287630880569284
81441183791048212229
80006247329615827780
78269406455309631586
76233557264433111212
73902591304509971635
71281423137927080740
68376017905577414816
65193418890503004052
61741775081537878033
58030368736951011236
54069642948089268526
49871229203020350652
45447974950175739743
40813971161993644804
35984579898561947212
30976461871261146212
25807604006407304413
20497347008894993284
15066412925840238650
9536932710223466188
3932473784532446923
-1721932395594757276
-7399762777726848200
-13072975148996345804
-18711980572456642711
-24285615823439058716
-29761115825909895290
-35104086088827490084
-40278475142499271433
-45246546974938812860
-49968853468222887580
-54404206834848523004
-58509652054090055243
-62240439308356183612
-65549996419547025134
-68389901285411169044
-70709854315902731293
