-54799459779157015
-42967938496364180
-32162956094620592
-22334457158397544
-13433773000548047
-5413604315772566
1771996165915244
8167641025722802
13816625502612865
18760944839837792
23041311631473808
26697173168955268
29766728787608921
32286947213188174
34293583908407356
35821198419475982
36903171722633017
37571723570681140
37857929839521008
37791739874685520
37401993837874081
36716440053486866
35761752355159084
34563547432295242
33146402176603409
31533871028629480
29748503324291440
27811860641413628
25744534146261001
23566161940073398
21295446405599804
18950171553632614
16547220369541897
14102592159809660
11631419898564112
9147987574113928
6665747535482513
4197337838942266
1754599594548844
-651405687324574
-3010378749453023
-5312765241225488
-7549738372110640
-9713181565122572
-11795671110286535
-13790458818104674
-15691454673021764
-17493209486890946
-19190897552439463
-20780299296734396
-22257783934648400
-23620292122325440
-24865318610646527
-25990894898695454
-26995571887224532
-27878402532120326
-28638924497869391
-29277142811024008
-29793512513667920
-30188921316882068
-30464672254210327
-30622466335125242
-30664385198493764
-30592873766042986
-30410722895825879
-30121052035687028
-29727291876728368
-29233167006774920
-28642678563840527
-27960086889593590
-27189894182822804
-26336827152902894
-25405819673260351
-24401995434839168
-23330650599566576
-22197236453818780
-21007342061886695
-19766676919441682
-18481053607001284
-17156370443394962
-15798594139229831
-14413742450356396
-13007866831334288
-11587035088898000
-10157314035422623
-8724752142389582
-7295362193852372
-5875103939902294
-4469866750134191
-3085452267112184
-1727557059835408
-401755277203748
886518698516425
2131987598226518
3329548612529980
4474290738266566
5561512125046601
6586737421785244
7545735123236752
8434534916528744
9249445027696465
9987069568217050
10644325881543788
11218461889640386
11707073439515233
12108121649755664
12419950257062224
12641302962782932
12771340779447545
12809659377301822
12756306430841788
12611798965347998
12377140703419801
12053839411509604
11643924246457136
11149963102023712
10575079955426497
9922972213872770
9197928061094188
8404843803881050
7549241218616561
6637284897811096
5675799596636464
4672287579460172
3634945966379689
2572684079756710
1495140790751420
412701865856758
-663482686567319
-1721481269759572
-2748563352023216
-3731182120191656
-4654957133094223
-5504656975021910
-6264181909193108
-6916546531219342
-7443862422571007
-7827320804043104
-8047175189220976
-8082724037946044
-7912293409781543
-7513219617478258
-6861831880440260
-5933434978190642
-4702291903837255
-3141606517538444
-1223506199968784
1080975494215184
3801916182909217
6970522003095634
10619144957377580
14781300260513290
19491683685950353
24786188912359976
30701924870171248
37277233088105404
44551705039710089
