16989515043501
13980821174826
11227201554756
8716055394246
6435137650501
4372554502580
2516758827000
856545673340
-618952260155
-1920269150970
-3057610576716
-4040858039526
-4879573490451
-5583003853856
-6160085551816
-6619449028512
-6969423274627
-7218040351742
-7373039916732
-7441873746162
-7431710260683
-7349439049428
-7201675394408
-6994764794908
-6734787491883
-6427562992354
-6078654593804
-5693373908574
-5276785388259
-4833710848104
-4368733991400
-3886204933880
-3390244728115
-2884749887910
-2373396912700
-1859646811946
-1346749629531
-837748968156
-335486513736
157393440204
638439468133
1105388488118
1556161237428
1988857748138
2401752822733
2793291509712
3162084579192
3506903998512
3826678407837
4120488595762
4387562974916
4627273057566
4839128931221
5022774734236
5177984131416
5304655789620
5402808853365
5472578420430
5514211017460
5528060075570
5514581405949
5474328675464
5407948882264
5316177831384
5199835610349
5059822064778
4897112273988
4712752026598
4507853296133
4283589716628
4041192058232
3781943702812
3507176119557
3218264340582
2916622436532
2603698992186
2280972582061
1949947246016
1612147964856
1269116135936
922405048765
573575360610
224190572100
-124187497170
-470003233035
-811711751156
-1147783421416
-1476708392316
-1797001115371
-2107204869506
-2405896285452
-2691689870142
-2963242531107
-3219258100872
-3458491861352
-3679755068248
-3881919475443
-4063921859398
-4224768543548
-4363539922698
-4479394987419
-4571575848444
-4639412261064
-4682326149524
-4699836131419
-4691562042090
-4657229459020
-4596674226230
-4509846978675
-4396817666640
-4257780080136
-4093056373296
-3903101588771
-3688508182126
-3450010546236
-3188489535682
-2904976991147
-2600660263812
-2276886739752
-1935168364332
-1577186166603
-1204794783698
-820026985228
-425098197678
-22411028803
385440207976
795664969176
1205271956856
1611064594221
2009636501226
2397366970180
2770416441350
3124721978565
3455992744820
3759705477880
4031099965884
4265174522949
4456681464774
4600122584244
4689744627034
4719534767213
4683216082848
4574243031608
4385796926368
4110781410813
3741817935042
3271241231172
2691094788942
1993126331317
1168783290092
209208281496
-894765418204
-2152618397099
-3574149632034
-5169481013004
-6949061867550
-8923673485155
