-228819229181846303
-197772007040092716
-168900296994817542
-142110201824385148
-117310236603386549
-94411299945578432
-73326645246822180
-53971851928022896
-36264796678068427
-20125624696768388
-5476720937793186
7757318648386956
19649715871562975
30271539058847944
39691731811738048
47977141763173560
55192549334599817
61400696493028196
66662315508097090
71036157709132884
74579022242210931
77345784827216528
79389426514905892
80761062443967136
81509970598081245
81683620562983052
81327702283522214
80486154820724188
79201195108851207
77513346712463256
75461468583479048
73082783818237000
70412908414556209
67485880028797428
64334186732924042
60988795771563044
57479182319066011
53833358236570080
50077900829058924
46237981602423728
42337395020524165
38398587262249372
34442684978578926
30489524049643820
26557678341787439
22664488464626536
18826090528112208
15057444899590872
11372364960865241
7783545865255300
4302593294659282
940052216614644
-2294564358640957
-5392746621108688
-8346959203967564
-11150612426513472
-13798033537098195
-16284437956068436
-18605900518704842
-20759326718161028
-22742423948402601
-24553672747146184
-26192298038798440
-27658240377395096
-28952127189539967
-30075244017343980
-31029505761364198
-31817427923542844
-32442097850146325
-32907145974704256
-33216717060948484
-33375441445752112
-33388406282068523
-33261126781870404
-32999517459088770
-32609863372551988
-32098791368924801
-31473241325647352
-30740437393874208
-29907859241413384
-28983213295665367
-27974403986562140
-26889504989506206
-25736730468309612
-24524406318132973
-23260941408424496
-21954798825859004
-20614467117276960
-19248431532623491
-17865145267887412
-16473000708040250
-15080300669975268
-13695229645446489
-12325825044007720
-10979948435951576
-9665256795248504
-8389173742485807
-7158860787806668
-5981188573849174
-4862708118685340
-3809622058760133
-2827755891830496
-1922529219904372
-1098926992179728
-361470747983579
285810140288988
839407224235790
1296361736508524
1654293347873743
1911428924273832
2066631283887984
2119427954193176
2070039929025145
1919410425639364
1669233641772018
1321983512700980
880942468306787
350230190133616
-265167631549740
-959370540688896
-1725574558382899
-2556023425823252
-3441979847232938
-4373696732805444
-5340388441643785
-6330202024699528
-7330188467711816
-8326273934146392
-9303231008134623
-10244649937412524
-11132909876259782
-11949150128438780
-12673241390133621
-13283756992889152
-13757944146549988
-14071695182199536
-14199518795099019
-14114511287626500
-13788327812215906
-13191153614296052
-12291675275229665
-11057051955252408
-9452886636411904
-7443197365506760
-4990388497025591
-2055221936086044
1403211618626178
5427521431918292
10062045489151411
15352879253301520
21347904422020452
28096817684696864
35651159479517213
44064342750526732
53391681704690406
63690420568953948
75019762347304775
