7779897582743
7059325120518
6353800384668
5664491138938
4992486205503
4338796973100
3704358905160
3090033047940
2496607538655
1924799113610
1375254616332
848552505702
345204364087
-134343594528
-589709016408
-1020571899936
-1426673087481
-1807812757266
-2163848915236
-2494695886926
-2800322809329
-3080752122764
-3336058062744
-3566365151844
-3771846691569
-3952723254222
-4109261174772
-4241771042722
-4350606193977
-4436161202712
-4498870373240
-4539206231880
-4557678018825
-4554830180010
-4531240858980
-4487520388758
-4424309783713
-4342279231428
-4242126584568
-4124575852748
-3990375694401
-3840297908646
-3675135927156
-3495703306026
-3302832217641
-3097371942544
-2880187361304
-2652157446384
-2414173754009
-2167138916034
-1911965131812
-1649572660062
-1380888310737
-1106843936892
-828374926552
-546418694580
-261913174545
24204689410
311000450700
597543668430
882909415527
1166179786872
1446445407432
1722806940392
1994376595287
2260279636134
2519655889564
2771661252954
3015469202559
3250272301644
3475283708616
3689738685156
3892896104351
4084039958826
4262480868876
4427557590598
4578638524023
4715123221248
4836443894568
4942066924608
5031494368455
5104265467790
5159958157020
5198190571410
5218622555215
5220957169812
5204942201832
5170371671292
5117087339727
5044980218322
4953992076044
4844116947774
4715402642439
4567952251144
4401925655304
4217541034776
4015076375991
3794870980086
3557326971036
3302910803786
3032154772383
2745658518108
2444090537608
2128189691028
1798766710143
1456705706490
1102965679500
738582024630
364668041495
-17583558000
-406899141528
-801922648208
-1201214080473
-1603247995938
-2006411999268
-2409005234046
-2809236874641
-3205224618076
-3594993175896
-3976472766036
-4347497604689
-4705804398174
-5049030834804
-5374714076754
-5680289251929
-5963087945832
-6220336693432
-6449155471032
-6646556188137
-6809441179322
-6934601696100
-7018716398790
-7058349848385
-7049950998420
-6989851686840
-6874265127868
-6699284403873
-6460880957238
-6154903082228
-5777074416858
-5322992434761
-4788126937056
-4167818544216
-3457277187936
-2651580603001
-1745672819154
-734362652964
387677800306
1625914674831
2985953842356
4473542420328
6094570280028
7855071554703
9761226147698
11819361240588
14035952801310
16417627092295
