-8412804977109169
-2528290720219904
2674994740995160
7236642880083668
11194995225766855
14587160708473810
17449033006875740
19815307894420234
21719500585865527
23193963083814764
24269901525250264
24977393528067784
25345405537610783
25401810173204686
25173403574691148
24685922748962318
23964062916495103
23031494857885432
21910882260382520
20623899064423132
19191246810165847
17632671984025322
15966983365206556
14212069372239154
12384915409511591
10501621213805476
8577418200829816
6626686811755280
4662973859748463
2699009876506150
746726458789580
-1182726385041290
-3078962888493521
-4932344180406928
-6733960938419816
-8475616042434716
-10149807228084121
-11749709740196222
-13269158986260644
-14702633189894182
-16045236044306537
-17292679365766052
-18441265747065448
-19487871210987560
-20429927863771073
-21265406548576258
-21992799498950708
-22611102992295074
-23119800003328801
-23518842857555864
-23808635884730504
-23990018072322964
-24064245718985225
-24032975088016742
-23898245060830180
-23662459790417150
-23328371354813945
-22899062410567276
-22377928846200008
-21768662435676896
-21075233491870321
-20301873520026026
-19453057871228852
-18533488395868474
-17548076097105137
-16501923784335392
-15400308726657832
-14248665306338828
-13052567672278265
-11817712393475278
-10549901112493988
-9255023198929238
-7939038402872329
-6607959508376756
-5267834986923944
-3924731650888984
-2584717307006369
-1253843409835730
61872284772428
1356463066210990
2624030615650495
3858762352573400
5054948781308344
6207000837564412
7309467234965399
8357051811584074
9344630876476444
10267270556216018
11120244141428071
11899049433323908
12599426090235128
13217372974147888
13749165497237167
14191372968401030
14540875939794892
14794883553365782
14950950887386607
15006996302990416
14961318790704664
14812615316985476
14559998170751911
14203012309920226
13741652707938140
13176381700319098
12508146331176535
11738395699758140
10869098306980120
9902759401961464
8842438328558207
7691765871897694
6454961604912844
5136851234876414
3742883949935263
2279149765644616
752396871502328
-829951022516852
-2459777339427017
-4128255288696838
-5825830519715300
-7542203775257438
-9266313544950073
-10986318718737548
-12689581240347464
-14362648760756416
-15991237291655729
-17560213858917194
-19053579156058804
-20454450197710490
-21745042973079857
-22906655099417920
-23919648475484840
-24763431935015660
-25416443900186041
-25856135035077998
-26058950899145636
-26000314600680886
-25654609450279241
-24995161614305492
-23994222768359464
-22622952750741752
-20851402215919457
-18648495287991922
-15982012214156468
-12818572018174130
-9123615153835393
-4861386158425928
5083693807672
5513993738192156
11704791266161879
18618188871793066
26296181798338076
34782065284759666
44120451912265255
54357288950841188
65539875705787000
77716880864249680
90938359841757935
