34942185122
31909101877
29078621614
26440837277
23986133194
21705181243
19588937018
17628635995
15815789698
14142181865
12599864614
11181154609
9878629226
8685122719
7593722386
6597764735
5690831650
4866746557
4119570590
3443598757
2833356106
2283593891
1789285738
1345623811
948014978
592076977
273634582
-11284231
-266452118
-495446201
-701651902
-888266777
-1058304350
-1214597947
-1359804530
-1496408531
-1626725686
-1752906869
-1876941926
-2000663509
-2125750910
-2253733895
-2385996538
-2523781055
-2668191638
-2820198289
-2980640654
-3150231857
-3329562334
-3519103667
-3719212418
-3930133963
-4152006326
-4384864013
-4628641846
-4883178797
-5148221822
-5423429695
-5708376842
-6002557175
-6305387926
-6616213481
-6934309214
-7258885321
-7589090654
-7924016555
-8262700690
-8604130883
-8947248950
-9290954533
-9634108934
-9975538949
-10314040702
-10648383479
-10977313562
-11299558063
-11613828758
-11918825921
-12213242158
-12495766241
-12765086942
-13019896867
-13258896290
-13480796987
-13684326070
-13868229821
-14031277526
-14172265309
-14290019966
-14383402799
-14451313450
-14492693735
-14506531478
-14491864345
-14447783678
-14373438329
-14268038494
-14130859547
-13961245874
-13758614707
-13522459958
-13252356053
-12947961766
-12609024053
-12235381886
-11826970087
-11383823162
-10906079135
-10393983382
-9847892465
-9268277966
-8655730321
-8010962654
-7334814611
-6628256194
-5892391595
-5128463030
-4337854573
-3522095990
-2682866573
-1821998974
-941483039
-43469642
869725481
1795617898
2731550647
3674690402
4622023639
5570352802
6516292469
7456265518
8386499293
9303021770
10201657723
11078024890
11927530139
12745365634
13526505001
14265699494
14957474161
15596124010
16175710175
16690056082
17132743615
17497109282
17776240381
17962971166
18049879013
18029280586
17893228003
17633505002
17241623107
16708817794
16026044657
15183975574
14172994873
12983195498
