-33843705775270391
-30432836414618484
-27337353104519766
-24535206963767812
-22005215119880813
-19727046330571088
-17681206605214596
-15849024826320448
-14212638371000419
-12754978732438460
-11459757141360210
-10311450187502508
-9295285441082905
-8397227074269176
-7603961482648832
-6902882906698632
-6282079053254095
-5730316716979012
-5237027401834958
-4792292942550804
-4386831126092229
-4011981313131232
-3659690059515644
-3322496737738640
-2993519158408251
-2666439191716876
-2335488388910794
-1995433603759676
-1641562614026097
-1269669742935048
-876041480643448
-457442105709656
-11099306562983
465310197026796
973675032479930
1515463552937180
2091738215790307
2703169961212560
3350052590689164
4032317145547808
4749546285489133
5500988667117220
6285573322470078
7101924037550132
7948373730854711
8822978831906536
9723533659784208
10647584801652696
11592445491293825
12555209987636764
13532767953288514
14521818833064396
15518886232518539
16520332296474368
17522372087555092
18521087964714192
19512443961765909
20492300165915732
21456427096290886
22400520082470820
23320213643017695
24211095864006872
25068722777557400
25888632740362504
26666360812220073
27397453134563148
28077481308990410
28702056775796668
29266845192503347
29767580812388976
30200080863019676
30560259924779648
30844144309401661
31047886438497540
31167779222088654
31200270437136404
31141977106072711
30989699875330504
30740437393874208
30391400691730232
29940027558517457
29383996921977724
28721243226506322
27949970811682476
27068668290799835
26076122929396960
24971435023787812
23754032279592240
22423684190266469
20980516415633588
19425025160414038
17758091552756100
15980996022766383
14095432681040312
12103523697192616
10007833678387816
7811384047870713
5517667423496876
3130661996263130
654845908838044
-1904788365907581
-4542719646370224
-7252883663683156
-10028658683185952
-12862851125894003
-15747681189968028
-18674768472183586
-21635117589400588
-24619103800032809
-27616458625517400
-30616255471784400
-33606895250726248
-36576092001667295
-39510858512833316
-42397491942821022
-45221559442067572
-47967883774320085
-50620528938105152
-53162785788198348
-55577157657093744
-57845345976473419
-59948235898676972
-61865881918171034
-63577493493018780
-65061420666349441
-66295139687827816
-67255238635123784
-67917403035381816
-68256401486690487
-68246071279551988
-67859304018351638
-67068031242827396
-65843210049539373
-64154808713339344
-61971792308840260
-59262108331885760
-55992672321019683
-52129353478955580
-47636960294046226
-42479226161753132
-36618795006116057
-30017206901222520
-22634883692677312
-14431114619072008
-5364041933454479
4609353475201596
15533266460527218
27453081997288556
40415389559917435
54467997501041824
69659947430016324
86041528591452656
103664292243750149
122581066037626228
142845968394646902
164514422885757252
187643172609811919
