401623966172467850357
353788896755039857636
309576438926790648466
268815187032879454580
231338359790331991927
196983745160754569680
165593645223048199244
137014821046122703264
111098437561610824633
87700008436582335500
66679340946258146278
47900480846724414652
31231657247646654587
16545227484983845336
3717621993702540448
-7370710819509023224
-16835359703526816515
-24788005690076908940
-31336477221021359686
-36584805275644108604
-40633278497936867201
-43578498323885009632
-45513434108753463692
-46527478254372601808
-46706501336424132031
-46132907231726989028
-44885688245523225074
-43040480238763901044
-40669617755394977405
-37842189149643205208
-34624091713302017080
-31078086803017418216
-27263854967573877371
-23238051075180217852
-19054359440755508510
-14763548953214954732
-10413528202755789433
-6049400608143164048
-1713519543996039524
2554456531926922688
6717508951441469641
10741203708651865900
14593636332665002550
18245376760304506204
21669414208824848011
24841102048625452664
27738102675964807408
30340332385674571048
32629906243873682957
34591082960682472084
36210209762936765962
37475667266901999716
38377814350987325071
38908933028459719360
39063173320158094532
38836498127207406160
38226628103732762449
37232986529573533244
35856644182997459038
34100264213414759980
31968047014092244883
29465675094867420232
26600257954862599192
23380276955199010616
19815530191710908053
15917077367659678756
11697184666447952690
7169269624333711540
2347846003144397719
-2751531337008976624
-8112321565017720596
-13717053006061355552
-19547378268893506087
-25584129373127791028
-31807372876523714426
-38196465002272556548
-44730106766283264869
-51386399104468345064
-58142898000029752000
-64976669610744780728
-71864345396251957475
-78782177245336930636
-85706092603218361766
-92611749598833816572
-99474592172125655905
-106269905201326926752
-112972869630247253228
-119558617595558727568
-126002287554081801119
-132279079410071175332
-138364309642501692754
-144233466432354228020
-149862264789901578845
-155226701681994357016
-160303111159346879384
-165068219483823058856
-169499200255722295387
-173573729541065366972
-177270040998880320638
-180566981008488363436
-183444063796789753433
-185881526565549690704
-187860384618684208324
-189362486489546063360
-190370569068210627863
-190868312728761779860
-190840396456577794346
-190272552975617234276
-189151623875704841557
-187465614739817428040
-185203750271369766512
-182356529421500481688
-178915780516357941203
-174874716384386146604
-170227989483610624342
-164971747028924316764
-159103686119373473105
-152623108865443540480
-145530977516345054876
-137829969587299532144
-129524532986825358991
-120620941144023683972
-111127348135864308482
-101053843814471577748
-90412508934410271821
-79217470279971496568
-67484955792458574664
-55233349697472936584
-42483247632200011595
-29257511772695118748
-15581325961169357870
-1482250833275500556
13009721054606118839
27862110098081712208
43039894517458146700
58505455230457053728
74218520724928937977
90136111931567286412
106212487096622677286
122399086654616889148
138644478101057009851
154894300865149545560
171091211182514529760
187174826967899632264
203081672687894268221
218745124233643707124
234095353793563181818
249059274726051997508
263560486432207640767
277519219228539888544
290852279219684917172
303472993171119411376
315291153381874673281
326212962557250731420
336140978681530449742
344974059890693636620
352607309345131153859
