12983195498
14172994873
15183975574
16026044657
16708817794
17241623107
17633505002
17893228003
18029280586
18049879013
17962971166
17776240381
17497109282
17132743615
16690056082
16175710175
15596124010
14957474161
14265699494
13526505001
12745365634
11927530139
11078024890
10201657723
9303021770
8386499293
7456265518
6516292469
5570352802
4622023639
3674690402
2731550647
1795617898
869725481
-43469642
-941483039
-1821998974
-2682866573
-3522095990
-4337854573
-5128463030
-5892391595
-6628256194
-7334814611
-8010962654
-8655730321
-9268277966
-9847892465
-10393983382
-10906079135
-11383823162
-11826970087
-12235381886
-12609024053
-12947961766
-13252356053
-13522459958
-13758614707
-13961245874
-14130859547
-14268038494
-14373438329
-14447783678
-14491864345
-14506531478
-14492693735
-14451313450
-14383402799
-14290019966
-14172265309
-14031277526
-13868229821
-13684326070
-13480796987
-13258896290
-13019896867
-12765086942
-12495766241
-12213242158
-11918825921
-11613828758
-11299558063
-10977313562
-10648383479
-10314040702
-9975538949
-9634108934
-9290954533
-8947248950
-8604130883
-8262700690
-7924016555
-7589090654
-7258885321
-6934309214
-6616213481
-6305387926
-6002557175
-5708376842
-5423429695
-5148221822
-4883178797
-4628641846
-4384864013
-4152006326
-3930133963
-3719212418
-3519103667
-3329562334
-3150231857
-2980640654
-2820198289
-2668191638
-2523781055
-2385996538
-2253733895
-2125750910
-2000663509
-1876941926
-1752906869
-1626725686
-1496408531
-1359804530
-1214597947
-1058304350
-888266777
-701651902
-495446201
-266452118
-11284231
273634582
592076977
948014978
1345623811
1789285738
2283593891
2833356106
3443598757
4119570590
4866746557
5690831650
6597764735
7593722386
8685122719
9878629226
11181154609
12599864614
14142181865
15815789698
17628635995
19588937018
21705181243
23986133194
26440837277
29078621614
31909101877
34942185122
