-208947613543707915331
-158264659805577498572
-111638168290491538766
-68888138024574527452
-29839192405817440385
5679475923208153456
37834160202635982860
66786694682590965376
92694509750475098305
115710687058253349692
135984014649739549318
153659042087882279692
168876135582050767043
181771533115320772312
192477399571760482144
201121881863716399880
207829164059099236549
212719522508669801860
215909380973324895194
217511365751383196596
217634360805871157767
216383562891808893056
213860536683496070452
210163269901797802576
205386228441430537673
199620411498247950604
192953406696526833838
185469445216252988444
177249456920407115083
168371125482250705000
158908943512611931016
148934267687171538520
138515373873748736461
127717512259587088340
116602962478640403202
105231088738858626628
93658394949473731727
81938579848285610128
70122592128947962972
58258685568254191904
46392474153423290065
34566987209385733084
22822724526069370070
11197711485685314604
-272445809986164269
-11554505412309751048
-22617534398509192784
-33432853744381408088
-43973983197010596139
-54216586147482345692
-64138414503597744086
-73719253562587486252
-82940866883825983721
-91786941161545473632
-100243031097550127740
-108296504273930161424
-115936486025775942695
-123153804313892101204
-129940934597511637250
-136291944707010030788
-142202439716619350437
-147669506817142362488
-152691660188666639912
-157268785873278671368
-161402086647777970211
-165094026896391183500
-168348277483486201006
-171169660626286264220
-173564094767584075361
-175538539448455906384
-177100940180975707988
-178260173320929218624
-179025990940528073503
-179408965701123913604
-179420435725922494682
-179072449472697796276
-178377710606506130717
-177349522872400252136
-176001734968143465472
-174348685416923735480
-172405147440067795739
-170186273829755257660
-167707541821732719494
-164984697968027875340
-162033703009663624153
-158870676749372178752
-155511842924309174828
-151973474078767779952
-148271836436892802583
-144423134775394801076
-140443457296264192690
-136348720499485362596
-132154614055750772885
-127876545679175071576
-123529586000009201624
-119128413437354509928
-114687259071876856339
-110219851518520722668
-105739361799223321694
-101258348215628706172
-96788701221801877841
-92341588296942896432
-87927398818100988676
-83555688932888657312
-79235126432195790095
-74973435622903768804
-70777342200599578250
-66652518122289915284
-62603526479115297805
-58633766369064173768
-54745417769687030192
-50939386410810502168
-47215248647251481867
-43571196331531227548
-40003981686589472566
-36508862178498534380
-33079545389177423561
-29708133889105952800
-26385070110038845916
-23099081217719846864
-19837123984595828743
-16584329662530902804
-13323948855520527458
-10037296392405617284
-6703696199586652037
-3300426173737785656
197336945479044728
3816572702700009784
7586472054145278973
11538492494904911540
15706413186224747506
20126390082792298660
24837011060022639551
29879351041344298480
35297027125485148492
41136253713758298368
47445897637347983617
54277533284595457468
61685497728284881862
69726945852929218444
78461905482056119555
87953332505493819224
98267166006657024160
109472383389832804744
121641055507466486021
134848401787447538692
149172845360395470106
164696068186945715252
181503066185035527751
199682204357189870848
219325271917807308404
240527537420445895888
263387803885109071369
288008463925531546508
314495554876465197550
342958813920964956316
373511733217674701195
