40994249700313
38055228532580
35264283169178
32616543718900
30107213397251
27731568526448
25484958535420
23362805959808
21360606441965
19473928730956
17698414682558
16029779259260
14463810530263
12996369671480
11623390965536
10340881801768
9144922676225
8031667191668
6997342057570
6038247090116
5150755212203
4331312453440
3576437950148
2882723945360
2246835788821
1665511936988
1135563953030
653876506828
217407374975
-176812559224
-531679305752
-850015767880
-1134571742167
-1388023918460
-1612975879894
-1811958102892
-1987427957165
-2141769705712
-2277294504820
-2396240404064
-2500772346307
-2592982167700
-2674888597682
-2748437258980
-2815500667609
-2877878232872
-2937296257360
-2995407936952
-3053793360815
-3113959511404
-3177340264462
-3245296389020
-3319115547397
-3400012295200
-3489128081324
-3587531247952
-3696217030555
-3816107557892
-3948051852010
-4092825828244
-4251132295217
-4423600954840
-4610788402312
-4813178126120
-5031180508039
-5265132823132
-5515299239750
-5781870819532
-6064965517405
-6364628181584
-6680830553572
-7013471268160
-7362375853427
-7727296730740
-8107913214754
-8503831513412
-8914584727945
-9339632852872
-9778362776000
-10230088278424
-10694050034527
-11169415611980
-11655279471742
-12150662968060
-12654514348469
-13165708753792
-13683048218140
-14205261668912
-14731004926795
-15258860705764
-15787338613082
-16314875149300
-16839833708257
-17360504577080
-17875104936184
-18381778859272
-18878597313335
-19363558158652
-19834586148790
-20289532930604
-20726177044237
-21142223923120
-21535305893972
-21902982176800
-22242738884899
-22551989024852
-22828072496530
-23068256093092
-23269733500985
-23429625299944
-23544978962992
-23612768856440
-23629896239887
-23593189266220
-23499402981614
-23345219325532
-23127247130725
-22842022123232
-22486006922380
-22055591040784
-21547090884347
-20956749752260
-20280737837002
-19515152224340
-18656016893329
-17699282716312
-16640827458920
-15476455780072
-14201899231975
-12812816260124
-11304792203302
-9673339293580
-7913896656317
-6021830310160
-3992433167044
-1820925032192
497547395885
2967910525388
5595163871230
8384380055036
11340704805143
14469356956600
17775628451168
21264884337320
24942562770241
28814175011828
32885305430690
37161611502148
41648823808235
46352746037696
51279254985988
56434300555280
61823905754453
67454166699100
73331252611526
79461405820748
85850941762495
