-274780381115316942593
-259881961786371396556
-244274558569518184666
-228054472985331704924
-211314251578797408763
-194142741046597692040
-176625143364397786028
-158843070914131648408
-140874601611287854261
-122794334032195487060
-104673442541310029662
-86579732418499255300
-68577694986329118575
-50728562737349646448
-33090364461380829232
-15717980372798511584
1336802762179716503
18025236498208628708
34301555583529471390
50122922832684072596
65449373999228951069
80243762648449425256
94471705030073722316
108101524950987087128
121104198647945891299
133453299660291742172
145124943702665591834
156097733537721846124
166352703848842473641
175873266112851114752
184645153472727190600
192656365610320012112
199897113619062889007
206359764876687238804
212038787917936695830
216930697307281220228
221033998511631206965
224349132773051594840
226878421981475975492
228626013547420702408
229597825274698999931
229801490233135072268
229246301631278212498
227943157689116911580
225904506510792967361
223144290957315593584
219677893519275528896
215522081189559145856
210694950336062559943
205215871574405738564
199105434640646610062
192385393263995172724
185078610039527603789
177209001300900368456
168801481993064328892
159881910544978853240
150477033742325924627
140614431600224250172
130322462235943369994
119630206741617766220
108567414056960971993
97164445841979680480
85452221349687853880
73462162298820832432
61226137746549443423
48776408961194110196
36145574294938961158
23366514056545938788
10472335384068908645
-2503682882432231624
-15528145328177443276
-28567595090952437464
-41588568988394566229
-54557652645278713492
-67441535620803186046
-80207066535875604548
-92821308200398794511
-105251592740556677296
-117465576726100161104
-129431296297633031968
-141117222293897844745
-152492315379061814108
-163526081170002705538
-174188625363594726316
-184450708863994416515
-194283802909926539992
-203660144201969975380
-212552790029843607080
-220935673399692216253
-228783658161372371812
-236072594135738321414
-242779372241927882452
-248881979624648333047
-254359554781462303040
-259192442690073664984
-263362249935613425136
-266851899837925614449
-269645687578853179564
-271729335329523873802
-273090047377636148156
-273716565254745042283
-273599222863548075496
-272730001605171137756
-271102585506454380664
-268712416347238108453
-265556748787648668980
-261634705495384344718
-256947332273001243748
-251497653185199190751
-245290725686107618000
-238333695746571456352
-230635852981437026240
-222208685776837928665
-213065936417480936188
-203223656213931883922
-192700260629901560524
-181516584409531599187
-169695936704680368632
-157264156202208864100
-144249666251266598344
-130683529990577492621
-116599505475725767684
-102034100806441834774
-87026629253888186612
-71619264387945288391
-55857095204497468768
-39788181252718810856
-23463607762359043216
-6937540771029430849
9732717748511333812
26486674761071239910
43260591041739067172
59987426048598494917
76596782795442211064
93014852724486021140
109164360579082957288
124964509276437387275
140330924780319123500
155175600973777532002
169406844531855641468
182929219794304252241
195643493638296045328
207446580351139691408
218231486502993959840
227887255819581827671
236298914054904588644
243347413863955962206
248909579675436202516
252858052564466207453
255061235125301627624
255383236344046975372
253683816471369733784
249818331895214465699
243637680013516922716
234988244106918154202
223711838211478616300
209645651991392280937
