79888884049005601843
107032343397831348644
130176832304189371358
149569696514431131508
165450337125591428657
178050320839960182392
187593490219654214308
194296073941189029992
198366797050050601007
200006991215267146876
199410704983980917066
196764814036019972972
192249131438469969901
186036517900245939056
178292992026664069520
169177840574013490240
158843728704128052011
147436810238958109460
135096837915142303030
121957273638579340964
108145398738999781289
93782424224537813800
78983601036303042044
63858330302952265304
48510273595261260583
33037463180696564588
17532412277987255714
2082225311696736028
-13231291833205486747
-28331521556772017248
-43146924289505790488
-57610928237788289872
-71661819129307765213
-85242629958487450748
-98301030731913783154
-110789218213764619564
-122663805671237455583
-133885712619977643304
-144420054569506609324
-154236032768650072760
-163306823950966263265
-171609470080174139044
-179124768095581604870
-185837159657513730100
-191734620892740966691
-196808552139907367216
-201053667694958802880
-204467885556571181536
-207052217171578665701
-208810657180401890572
-209750073162476182042
-209880095381679774716
-209213006531762029927
-207763631481771653752
-205549227021484915028
-202589371606833863368
-198905855105334547177
-194522568541515231668
-189465393842344616878
-183762093582660055684
-177442200730595771819
-170536908393011077888
-163078959560918593384
-155102536854912462704
-146643152270596573165
-137737536924012773020
-128423530797069089474
-118739972482967946700
-108726588931634383855
-98423885195144273096
-87873034173152537596
-77115766358321369560
-66194259581748448241
-55151028758395157956
-44028815632514806102
-32870478523080841172
-21718882069215070771
-10616786975615879632
393260242013552368
11269037511537032192
21968757458957135627
32451177662986989268
42675710909622052502
52602535446711899492
62192705238532001161
71408260220355507176
80212336553025027932
88569276877524416536
96444740569550550791
103805813994085115180
110621120759966382850
116860931974460997596
122497276497835755845
127504051197929388640
131857131204724343624
135534480164918567024
138516260496497285635
140784943643304788804
142325420329616210414
143125110814709310868
143174075147436259073
142465123420795414424
140993926026503108788
138759123909565428488
135762438822849996287
132008783581657753372
127506372318294741338
122266830736643884172
116305306366736770237
109640578819325434256
102295170040454139296
94295454566031158752
85671769776400558331
76458526150913978036
66694317522502414150
56422031332248001220
45688958883955794041
34546905598725549640
23052301269523509260
11266310315754180344
-745057962167881481
-12910839128246290420
-25155003356331048526
-37396345175546763716
-49548373215720867787
-61519199952811834432
-73211431454337397256
-84522057124802767792
-95342339451128853517
-105557703748080475868
-115047627903694588258
-123685532124708494092
-131338668681988064783
-137868011655955957768
-143128146682019834524
-146967160696000578584
-149226531679560513553
-149741018405631621124
-148338550183843759094
-144840116605952879380
-139059657291269246035
-130803951632085653264
-119872508539105643440
-106057456186871725120
-89143431759193591061
-68907471194576336236
-45118898931648675850
-17539217654591163356
14078001961435591529
49987231504862704808
90451095082284800188
135740479573031791064
186134644883740662503
241921334202927253228
303396884255558037602
370866335557621907612
444643542670701954853
