9656645054191291
14846180463722846
19363454546578364
23248058776305490
26538334681625459
29271391192967360
31483121989002400
33208222843178168
34480208970252899
35331432372829738
35793099187891004
35895287033332454
35666962354497547
35135997770711708
34329189421816592
33272274314704348
31989947669851883
30505880267855126
28842735795963292
27022188194613146
25064939003963267
22990734710428312
20818384093213280
18565775570847776
16249894547720275
13886840760612386
11491845625233116
9079289582753134
6662719446339035
4254865747687604
1867660083560080
-487747537683580
-2800971349550437
-5062372480880306
-7263041609311492
-9394781614746526
-11450090232817901
-13422142708353808
-15304774448843872
-17092463677904888
-18780314088746557
-20364037497637222
-21839936497369604
-23204887110726538
-24456321443946709
-25592210340190388
-26611046033005168
-27511824799791700
-28294029615269429
-28957612804942330
-29502978698564644
-29930966283606614
-30242831858720221
-30440231687204920
-30525204650473376
-30500154901517200
-30367834518372685
-30131326157586542
-29794025707681636
-29359624942622722
-28832094175282181
-28215664910905756
-27514812500578288
-26734238794689452
-25878854796399493
-24953763315104962
-23964241619904452
-22915724093064334
-21813784883484493
-20664120560164064
-19472532765667168
-18244910869588648
-16987214622019805
-15705456807014134
-14405685896053060
-13093968701511674
-11776373030124469
-10458950336451076
-9147718376342000
-7848643860404356
-6567625107467605
-5310474698049290
-4082902127820772
-2890496461072966
-1738708984182077
-632835859075336
421999223303264
1420862389527232
2359026930221843
3231990646598402
4035493196988508
4765533443378318
5418386797942811
5990622569580052
6479121310445456
6881092162486052
7194090203974747
7416033796044590
7545221929223036
7580351569966210
7520535007193171
7365317198820176
7114693118294944
6769125101130920
6329560191441539
5797447488474490
5174755493145980
4463989454574998
3668208716617579
2791044064401068
1836715070858384
810047443262284
-283509630240373
-1437866134094362
-2646273878801828
-3901309154388022
-5194855383867037
-6518085776707544
-7861445982298528
-9214636743415024
-10566596549683853
-11905484291049358
-13218661911239140
-14492677061229794
-15713245752712645
-16865235011559484
-17932645531288304
-18898594326529036
-19745297386489285
-20454052328420066
-21005221051081540
-21378212388208750
-21551464761977357
-21502428836469376
-21207550171138912
-20642251874277896
-19780917256481821
-18596872484115478
-17062369232778692
-15148567340772058
-12825517462562677
-10062143722249892
-6826226367031024
-3084384420667108
1197941663051371
6056507346838742
11528281356448412
17651463027207130
24465499650549251
32011103820551000
40330270780464736
49466295769253216
59463791368123859
70368704847063010
82228335511370204
95091352048192430
109007809873058395
