-2381167009
-1939528919
-1526173562
-1140221035
-780802937
-447062369
-138153934
146756263
408490615
647860013
865663846
1062690001
1239714863
1397503315
1536808738
1658373011
1762926511
1851188113
1923865190
1981653613
2025237751
2055290471
2072473138
2077435615
2070816263
2053241941
2025328006
1987678313
1940885215
1885529563
1822180706
1751396491
1673723263
1589695865
1499837638
1404660421
1304664551
1200338863
1092160690
980595863
866098711
749112061
630067238
509384065
387470863
264724451
141530146
18261763
-104718385
-227059487
-348422234
-468478819
-586912937
-703419785
-817706062
-929489969
-1038501209
-1144480987
-1247182010
-1346368487
-1441816129
-1533312149
-1620655262
-1703655685
-1782135137
-1855926839
-1924875514
-1988837387
-2047680185
-2101283137
-2149536974
-2192343929
-2229617737
-2261283635
-2287278362
-2307550159
-2322058769
-2330775437
-2333682910
-2330775437
-2322058769
-2307550159
-2287278362
-2261283635
-2229617737
-2192343929
-2149536974
-2101283137
-2047680185
-1988837387
-1924875514
-1855926839
-1782135137
-1703655685
-1620655262
-1533312149
-1441816129
-1346368487
-1247182010
-1144480987
-1038501209
-929489969
-817706062
-703419785
-586912937
-468478819
-348422234
-227059487
-104718385
18261763
141530146
264724451
387470863
509384065
630067238
749112061
866098711
980595863
1092160690
1200338863
1304664551
1404660421
1499837638
1589695865
1673723263
1751396491
1822180706
1885529563
1940885215
1987678313
2025328006
2053241941
2070816263
2077435615
2072473138
2055290471
2025237751
1981653613
1923865190
1851188113
1762926511
1658373011
1536808738
1397503315
1239714863
1062690001
865663846
647860013
408490615
146756263
-138153934
-447062369
-780802937
-1140221035
-1526173562
-1939528919
-2381167009
