31400551
30955484
30486638
29994652
29480165
28943816
28386244
27808088
27209987
26592580
25956506
25302404
24630913
23942672
23238320
22518496
21783839
21034988
20272582
19497260
18709661
17910424
17100188
16279592
15449275
14609876
13762034
12906388
12043577
11174240
10299016
9418544
8533463
7644412
6752030
5856956
4959829
4061288
3161972
2262520
1363571
465764
-430262
-1323868
-2214415
-3101264
-3983776
-4861312
-5733233
-6598900
-7457674
-8308916
-9151987
-9986248
-10811060
-11625784
-12429781
-13222412
-14003038
-14771020
-15525719
-16266496
-16992712
-17703728
-18398905
-19077604
-19739186
-20383012
-21008443
-21614840
-22201564
-22767976
-23313437
-23837308
-24338950
-24817724
-25272991
-25704112
-26110448
-26491360
-26846209
-27174356
-27475162
-27747988
-27992195
-28207144
-28392196
-28546712
-28670053
-28761580
-28820654
-28846636
-28838887
-28796768
-28719640
-28606864
-28457801
-28271812
-28048258
-27786500
-27485899
-27145816
-26765612
-26344648
-25882285
-25377884
-24830806
-24240412
-23606063
-22927120
-22202944
-21432896
-20616337
-19752628
-18841130
-17881204
-16872211
-15813512
-14704468
-13544440
-12332789
-11068876
-9752062
-8381708
-6957175
-5477824
-3943016
-2352112
-704473
1000540
2763566
4585244
6466213
8407112
10408580
12471256
14595779
16782788
19032922
21346820
23725121
26168464
28677488
31252832
33895135
36605036
39383174
42230188
45146717
48133400
51190876
54319784
57520763
60794452
64141490
67562516
71058169
