-75019762347304775
-63690420568953948
-53391681704690406
-44064342750526732
-35651159479517213
-28096817684696864
-21347904422020452
-15352879253301520
-10062045489151411
-5427521431918292
-1403211618626178
2055221936086044
4990388497025591
7443197365506760
9452886636411904
11057051955252408
12291675275229665
13191153614296052
13788327812215906
14114511287626500
14199518795099019
14071695182199536
13757944146549988
13283756992889152
12673241390133621
11949150128438780
11132909876259782
10244649937412524
9303231008134623
8326273934146392
7330188467711816
6330202024699528
5340388441643785
4373696732805444
3441979847232938
2556023425823252
1725574558382899
959370540688896
265167631549740
-350230190133616
-880942468306787
-1321983512700980
-1669233641772018
-1919410425639364
-2070039929025145
-2119427954193176
-2066631283887984
-1911428924273832
-1654293347873743
-1296361736508524
-839407224235790
-285810140288988
361470747983579
1098926992179728
1922529219904372
2827755891830496
3809622058760133
4862708118685340
5981188573849174
7158860787806668
8389173742485807
9665256795248504
10979948435951576
12325825044007720
13695229645446489
15080300669975268
16473000708040250
17865145267887412
19248431532623491
20614467117276960
21954798825859004
23260941408424496
24524406318132973
25736730468309612
26889504989506206
27974403986562140
28983213295665367
29907859241413384
30740437393874208
31473241325647352
32098791368924801
32609863372551988
32999517459088770
33261126781870404
33388406282068523
33375441445752112
33216717060948484
32907145974704256
32442097850146325
31817427923542844
31029505761364198
30075244017343980
28952127189539967
27658240377395096
26192298038798440
24553672747146184
22742423948402601
20759326718161028
18605900518704842
16284437956068436
13798033537098195
11150612426513472
8346959203967564
5392746621108688
2294564358640957
-940052216614644
-4302593294659282
-7783545865255300
-11372364960865241
-15057444899590872
-18826090528112208
-22664488464626536
-26557678341787439
-30489524049643820
-34442684978578926
-38398587262249372
-42337395020524165
-46237981602423728
-50077900829058924
-53833358236570080
-57479182319066011
-60988795771563044
-64334186732924042
-67485880028797428
-70412908414556209
-73082783818237000
-75461468583479048
-77513346712463256
-79201195108851207
-80486154820724188
-81327702283522214
-81683620562983052
-81509970598081245
-80761062443967136
-79389426514905892
-77345784827216528
-74579022242210931
-71036157709132884
-66662315508097090
-61400696493028196
-55192549334599817
-47977141763173560
-39691731811738048
-30271539058847944
-19649715871562975
-7757318648386956
5476720937793186
20125624696768388
36264796678068427
53971851928022896
73326645246822180
94411299945578432
117310236603386549
142110201824385148
168900296994817542
197772007040092716
228819229181846303
