-57075692975630679077
-22492480219619500636
8639112646069885406
36490491276278247316
61228436953979869145
83015161717568441720
102008363488142953636
118361281196793582248
132222749911887584663
143737255966355188732
153044992084975484042
160281912511662312908
165579788136750161365
169066261624280050160
170864902539285425744
171095262475078051264
169872930180533897555
167309586687379034132
163513060437475520182
158587382410107295556
152632841249266071761
145746038390937222952
138019943190385676924
129543948049441806104
120403923543787318543
110682273550241148908
100457990374045349474
89806709876150981116
78800766600504004301
67509248901331170080
55998054070425911080
44329943464434232496
32564597632140603083
20758671441753846148
8965849208193030542
-2763100179626638348
-14380268131507927607
-25840551228685685800
-37101596096540951980
-48123744277315064696
-58869977102823771001
-69305860567171335460
-79399490199464649158
-89121435936527338708
-98444686995613875259
-107344596747123683504
-115798827587315250688
-123787295811020235616
-131292116484357577661
-138297548317447605772
-144789938537126147482
-150757667759658637916
-156191094863454228799
-161082501861779897464
-165426038775474555860
-169217668505663159560
-172455111706470816769
-175137791657736897332
-177266779137729141742
-178844737295857770148
-179875866525389591363
-180365849336162111872
-180321795227297644840
-179752185559917419120
-178666818429855688261
-177076753540373839516
-174994257074874502850
-172432746569615659948
-169406735786424753223
-165931779585412794824
-162024418797688475644
-157702125098072274328
-152983245877810566281
-147886949117289732676
-142433168258750269462
-136642547079000896372
-130536384562132665931
-124136579772233072464
-117465576726100161104
-110546309265956636800
-103402145932163973325
-96056834835936522284
-88534448532055622122
-80859328891583707132
-73056031974578416463
-65149272902806703128
-57163870732458943012
-49124693326863043880
-41056602229198554385
-32984397535210773076
-24932762765924857406
-16926209740359932740
-8989023448243201363
-1145206922724051488
6581573886911833736
14168045242528367216
21591380744424948907
28829256458622356804
35859906044148637934
42662175880324999348
49215580194051699113
55500356187093937304
61497519163367746996
67188917656225885256
72557288555743724135
77586312236005141660
82260667682388412826
86566087618852100588
90489413635220946853
94018651314471763472
97143025360019323232
99853034723002250848
102140507729568913955
103998657208163314100
105422135616810977734
106407090170404847204
106951217967991171745
107053821120055398472
106715861875808063372
105940017750470682296
104730736652561641951
103094292011182090892
101038837903301830514
98574464181045206044
95713251598976997533
92469326941388310848
88858918149582468664
84900409449160901456
80614396477309038491
76023741410082198820
71153628089691482270
66031617151789660436
60687701152757067673
55154359696987492088
49466614564174066532
43662084836595159592
37781042026400266583
31866465202895900540
25964096119831483210
20122494342685236044
14393092375950071189
8830250790419482480
3491313350473436432
-1563337858635736768
-6270227303497452269
-10562730875256979564
-14371020762329551498
-17622010323114473276
-20239298958709231471
-22143116985623603032
-23250270508493764292
-23474086292796399976
-22724356637562812209
-20907284248093029524
-17925427108669915870
-13677643355273279620
-8059036148293982579
