44551705039710089
37277233088105404
30701924870171248
24786188912359976
19491683685950353
14781300260513290
10619144957377580
6970522003095634
3801916182909217
1080975494215184
-1223506199968784
-3141606517538444
-4702291903837255
-5933434978190642
-6861831880440260
-7513219617478258
-7912293409781543
-8082724037946044
-8047175189220976
-7827320804043104
-7443862422571007
-6916546531219342
-6264181909193108
-5504656975021910
-4654957133094223
-3731182120191656
-2748563352023216
-1721481269759572
-663482686567319
412701865856758
1495140790751420
2572684079756710
3634945966379689
4672287579460172
5675799596636464
6637284897811096
7549241218616561
8404843803881050
9197928061094188
9922972213872770
10575079955426497
11149963102023712
11643924246457136
12053839411509604
12377140703419801
12611798965347998
12756306430841788
12809659377301822
12771340779447545
12641302962782932
12419950257062224
12108121649755664
11707073439515233
11218461889640386
10644325881543788
9987069568217050
9249445027696465
8434534916528744
7545735123236752
6586737421785244
5561512125046601
4474290738266566
3329548612529980
2131987598226518
886518698516425
-401755277203748
-1727557059835408
-3085452267112184
-4469866750134191
-5875103939902294
-7295362193852372
-8724752142389582
-10157314035422623
-11587035088898000
-13007866831334288
-14413742450356396
-15798594139229831
-17156370443394962
-18481053607001284
-19766676919441682
-21007342061886695
-22197236453818780
-23330650599566576
-24401995434839168
-25405819673260351
-26336827152902894
-27189894182822804
-27960086889593590
-28642678563840527
-29233167006774920
-29727291876728368
-30121052035687028
-30410722895825879
-30592873766042986
-30664385198493764
-30622466335125242
-30464672254210327
-30188921316882068
-29793512513667920
-29277142811024008
-28638924497869391
-27878402532120326
-26995571887224532
-25990894898695454
-24865318610646527
-23620292122325440
-22257783934648400
-20780299296734396
-19190897552439463
-17493209486890946
-15691454673021764
-13790458818104674
-11795671110286535
-9713181565122572
-7549738372110640
-5312765241225488
-3010378749453023
-651405687324574
1754599594548844
4197337838942266
6665747535482513
9147987574113928
11631419898564112
14102592159809660
16547220369541897
18950171553632614
21295446405599804
23566161940073398
25744534146261001
27811860641413628
29748503324291440
31533871028629480
33146402176603409
34563547432295242
35761752355159084
36716440053486866
37401993837874081
37791739874685520
37857929839521008
37571723570681140
36903171722633017
35821198419475982
34293583908407356
32286947213188174
29766728787608921
26697173168955268
23041311631473808
18760944839837792
13816625502612865
8167641025722802
1771996165915244
-5413604315772566
-13433773000548047
-22334457158397544
-32162956094620592
-42967938496364180
-54799459779157015
