28843881829965995
27563648623956190
26249325102792100
24906885156617738
23542041483203755
22160249924581006
20766713803674116
19366388260935046
17963984590976659
16563974579206286
15170594838459292
13787851145632642
12419522778318467
11069166851437630
9740122653873292
8435515985104478
7158263491839643
5911077004650238
4696467874604276
3516751309899898
2374050712498939
1270302014760494
207258016074484
-813507280504778
-1790594331625021
-2722773717002450
-3608981802788180
-4448316404934670
-5240032452562157
-5983537651325090
-6678388146778564
-7324284187744754
-7921065789679349
-8468708398037986
-8967318551642684
-9417129546048278
-9818497096908853
-10171895003344178
-10477910811306140
-10737241476945178
-10950689029976717
-11119156237047602
-11243642265102532
-11325238344750494
-11365123433631197
-11364559879781506
-11324889085001876
-11247527168222786
-11133960628871173
-10985742010236866
-10804485562839020
-10591862907792550
-10349598700174565
-10079466292390802
-9783283397542060
-9462907752790634
-9120232782726749
-8757183262734994
-8375710982360756
-7977790408676654
-7565414349648973
-7140589617504098
-6705332692094948
-6261665384267410
-5811610499226773
-5357187499904162
-4900408170322972
-4443272278965302
-3987763242138389
-3535843787341042
-3089451616630076
-2650495069986746
-2220848788683181
-1802349378648818
-1396791073836836
-1005921399590590
-631436836010045
-274978481318210
61872284772428
377598137693470
670750144654171
939952101275006
1183904868221236
1401390707836474
1591277620776251
1752523682641582
1884181380612532
1985401950081782
2055439711288195
2093656405950382
2099525533900268
2072636689716658
2012699899358803
1919549956799966
1793150760660988
1633599650843854
1441131745165259
1216124275990174
959100926865412
670736169153194
351859598664715
3460272293710
-373308955349980
-777127095306842
-1206500687634125
-1659759464772274
-2135052014911364
-2630341445357534
-3143401045899421
-3671809952174594
-4212948809035988
-4763995433918338
-5321920480204613
-5883483100592450
-6445226610460588
-7003474151235302
-7554324353756837
-8093647001645842
-8617078694669804
-9120018512109482
-9597623676125341
-10044805215123986
-10456223627124596
-10826284543125358
-11149134390469901
-11418656056213730
-11628464550490660
-11771902669879250
-11842036660769237
-11831651882727970
-11733248471866844
-11539037004207734
-11240934159049429
-10830558382334066
-10299225550013564
-9637944631416058
-8837413352612333
-7888013859782258
-6779808382581220
-5502534897506558
-4045602791263997
-2398088524134082
-548731293338612
1514071303592926
3802267605456923
6328156224009214
9104390380598644
12143982242800634
15460307261050747
19067108505278254
22978501001539700
27208976068652470
31773405654828355
36687046674307118
41965545343990060
47624941520073586
53681673034682771
