-302892614070110091755
-270712044620446297876
-239355442619843635582
-208861196092679612996
-179264807484020329321
-150598948786906365832
-122893516669638676868
-96175687603064480824
-70469972987863151143
-45798274281832107308
-22179938127172705834
368188522223868740
21831703273490712859
42198593167499312960
61459179551573654480
79606062952204330864
96634067947762652573
112540188041214756092
127323530532835712938
140985261392923638668
153528550134513801887
164958514686092733256
175282166264312334500
184508354246703987416
192647711044392662881
199712596974811029860
205717045134413564414
210676706271390658708
214608793658382730019
217532027965194329744
219466582131508252408
220434026239599644672
220457272387050114341
219560519559461839372
217769198503171676882
215109916597965272156
211610402729791167655
207299452163474912024
202206871415433169100
196363423126387826920
189800770934080106729
182551424345984671988
174648683612023737382
166126584597281177828
157019843654716637483
147363802497879638752
137194373073623691296
126547982434820401040
115461517613073579181
103972270491433351196
92117882677110265850
79936290374189404204
67465669256344488623
54744379339551991784
41810909854805245684
28703824120828550648
15461704416791284337
2123096855022010756
-11273543746277410738
-24689908990317716428
-38087892029008129229
-51429642690242249680
-64677622605183946936
-77794660335553249760
-90744006500912237515
-103489388905950931156
-115995067667773184222
-128225890343182573828
-140147347055968291657
-151725625624191034952
-162927666687468897508
-173721218834263260664
-184074893729164684295
-193958221240178797804
-203341704566012191114
-212196875363358305660
-220496348874183325381
-228213879053012067712
-235324413694213874576
-241804149559288503376
-247630587504152017987
-252782587606422679748
-257240424292706838454
-260985841465884823348
-264002107632396834113
-266274071029528831864
-267788214752698430140
-268532711882740785896
-268497480613194490495
-267674239377587460700
-266056561976722829666
-263639932705964837932
-260421801482524724413
-256401638972746617392
-251580991719393425512
-245963537268932728768
-239555139298822669499
-232363902744797843380
-224400228928155190414
-215676870683039885924
-206208987483731231545
-196014200571928546216
-185112648084037057172
-173527040178453790936
-161282714162853464311
-148407689621474375372
-134932723542404294458
-120891365444866355164
-106320012506504945333
-91257964690671598048
-75747479873710882624
-59833828972246295600
-43565351070466151731
-26993508547409474980
-10172942204251889510
6838473608408489324
23979575863265163983
41185857729017363752
58389413443084153748
75518883184318543928
92499397945721598097
109252524407156542916
125696209808062876910
141744726820170479476
157308618420213719891
172294642762645566320
186605718052351694824
200140867417364598368
212795163781577695829
224459674737459441004
235021407418767431618
244363253373262518332
252363933435422913751
258897942599158301432
263835494890523944892
267042468240434796616
268380349357379607065
267706178600135033684
264872494850479749910
259727280385908554180
252113905752346478939
241871074636862899648
228832768740385643792
212828192650415099888
193681718713738326493
171212831909143161212
145236074720132329706
115560992007637554700
81992075882733664991
44328710579352704456
2365117326998041060
-44109700776541524136
-95312013892477647967
-151463420568308336156
-212790902865103834306
-279526881484792518892
-351909270897446788253
