29347366743149
28468467149752
27562527760222
26631622134032
25677787277299
24703023642784
23709295129892
22698529084672
21672616299817
20633411014664
19582730915194
18522357134032
17454034250447
16379470290352
15300336726304
14218268477504
13134863909797
12051684835672
10970256514262
9892067651344
8818570399339
7751180357312
6691276570972
5640201532672
4599261181409
3569724902824
2552825529202
1549759339472
561686059207
-410271139376
-1365025637416
-2301527369408
-3218762823203
-4115755040008
-4991563614386
-5845284694256
-6676050980893
-7483031728928
-8265432746348
-9022496394496
-9753501588071
-10457763795128
-11134635037078
-11783503888688
-12403795478081
-12994971486736
-13556530149488
-14088006254528
-14588971143403
-15059032711016
-15497835405626
-15905060228848
-16280424735653
-16623683034368
-16934625786676
-17213080207616
-17458910065583
-17672015682328
-17852333932958
-17999838245936
-18114538603081
-18196481539568
-18245750143928
-18262464058048
-18246779477171
-18198889149896
-18119022378178
-18007445017328
-17864459476013
-17690404716256
-17485656253436
-17250626156288
-16985763046903
-16691552100728
-16368515046566
-16017210166576
-15638232296273
-15232212824528
-14799819693568
-14341757398976
-13858766989691
-13351626068008
-12821148789578
-12268185863408
-11693624551861
-11098388670656
-10483438588868
-9849771228928
-9198420066623
-8530455131096
-7846983004846
-7149146823728
-6438126276953
-5715137607088
-4981433610056
-4238303635136
-3487073584963
-2729105915528
-1965799636178
-1198590309616
-428950051901
341612467552
1111552025972
1879286847232
2643198601849
3401632406984
4152896826442
4895263870672
5626968996767
6346211108464
7051152556144
7739919136832
8410600094197
9061248118552
9689879346854
10294473362704
10872973196347
11423285324672
11943279671212
12430789606144
12883611946289
13299506955112
13676198342722
14011373265872
14302682327959
14547739579024
14744122515752
14889372081472
14980992666157
15016452106424
14993181685534
14908576133392
14759993626547
14544755788192
14260147688164
13903417842944
13471778215657
12962404216072
12372434700602
11698971972304
10939081780879
10089793322672
9148099240672
8110955624512
6975282010469
5737961381464
4395840167062
2945728243472
1384398933547
-291410993216
-2085001320676
-3999708386048
-6038905079903
-8206000846168
-10504441682126
-12937710138416
-15509325319033
