21858807472959235051
41262308604241583852
58585260572597002286
73927844579495096956
87387712291402847945
99060013403427554312
109037423202959779588
117410170133316297272
124266063357383036327
129690520321258026676
133766594317894344698
136575002050743058724
138194151197396174533
138700167973229580848
138166924695045994832
136666067344717907584
134267043132830529635
131037128062324736444
127041454492140013894
122343038700857403788
117002808450342449345
111079630549388140696
104630338417357860380
97709759647828328840
90370743572232549919
82664188823502756356
74639070899713355282
66342469727723873716
57819597226821904061
49113824872366049600
40266711259428869992
31318029666439826768
22305795618828228827
13266294452666177932
4234108878311514206
-4757853455949238372
-13678332400257926471
-22497687739541821912
-31187871629870676172
-39722401034813774888
-48076330161796992361
-56226222898459846060
-64150125249012551126
-71827537770593074876
-79239388009624191307
-86368002938170535600
-93197081390295658624
-99711666498419081440
-105898118129673349805
-111744085322261088676
-117238478721812056714
-122371443017740200788
-127134329379600710479
-131519667893447072584
-135521139998188125620
-139133550921945114328
-142352802118408744177
-145175863703196235868
-147600746890208379838
-149626476427986590764
-151253063036069962067
-152481475841352320416
-153313614814439280232
-153752283206005298192
-153801159983150727733
-153464772265758873556
-152748467762853046130
-151658387208953616196
-150201436800435069271
-148385260631883060152
-146218213132451467420
-143709331502219447944
-140868308148548491385
-137705463122439474700
-134231716554889716646
-130458561093250032284
-126398034337581787483
-122062691277013953424
-117465576726100161104
-112620197761175755840
-107540496156714851773
-102240820821687386372
-96735900235916174938
-91040814886433965108
-85170969703840491359
-79142066498659529512
-72970076397695951236
-66671212280392778552
-60261901215188238337
-53758756895872816828
-47178552077946314126
-40538191014974898700
-33854681894948161891
-27145109276636172416
-20426606525946530872
-13716328252281424240
-7031422744894680389
-389004409248822580
6193873796627876030
12700247925784337884
19113270605989626521
25416238603375892072
31592620386081316756
37626083687893060376
43500523071890205815
49200087494086704532
54709207867074322058
60012624623665583492
65095415280536718997
69943022001870609296
74541279162999731168
78876440914049102944
82935208743579230003
86704759042229050268
90172770666358879702
93327452501693357804
96157571026964393105
98652477877554108664
100802137409137787564
102597154261326818408
104028800921311640815
105089045287504690916
105770578233183346850
106066841170132874260
105972053612289371789
105481240739382716576
104590260960579509752
103295833478126021936
101595565850991138731
99487981558509306220
96972547564023476462
94049701878528052988
90720881124311836297
86988548098600969352
82856219337201883076
78328492678144241848
73411074825323888999
68110808912145792308
62435702065166989498
56394952967739533732
49998979423653439109
43259445920779626160
36189291194712867344
28802755792414732544
21115409635856534563
13144179585662274620
4907377004751587846
-3575274678017311220
-12282612404204683135
-21192005922146318056
-30279330223310590244
-39518937978655512568
-48883631974985791009
-58344637551309879164
-67871575035197032750
-77432432179134364108
-86993536596883896707
