-481666038839833467347
-396206376298439786548
-317602314667832617150
-245531404067394127364
-179680008662100685009
-119743196407951075528
-65424628797394720004
-16436450604759893176
27500820368318058545
66658403547468499060
101299365840157284566
131678731890258545540
158043594332626468723
180633224047667079104
199679180415910021904
215405421572580344560
228028414662170278709
237757246093011022172
244793731791844520938
249332527458395251148
251561238819942001079
251660531885889653128
249804243202340965796
246159490106668355672
240886780982085679417
234140125512220015748
226067144935683447422
216809182300644843220
206501412719401639931
195272953622951624336
183246975015564715192
170540809729354745216
157266063678851243069
143528726115571215340
129429279882590928530
115062811669117691036
100519122265061635135
85882836815607498968
71233515075786408524
56645761665047659624
42189336321830499905
27929264158135910804
13925945914098389542
235268212557731108
-13091286186369189757
-26006528130716636576
-38467451822098229152
-50435124561135161584
-61874576492884420283
-72754690352267001988
-83048091209496131782
-92731036215505481108
-101783304347377385785
-110188086153771064024
-117931873500350834444
-125004349315214334088
-131398277334320736439
-137109391846918969436
-142136287440975933490
-146480308748604719500
-150145440191492826869
-153138195726330381520
-155467508590238353912
-157144621046196777056
-158182974128472964531
-158598097388049728500
-158407498638053597726
-157630553699183035588
-156288396145136658097
-154403807048041451912
-152001104723880992356
-149106034477923661432
-145745658350150865839
-141948244860685254988
-137743158755218939018
-133160750750441706812
-128232247279469244013
-122989640237271351040
-117465576726100161104
-111693248800918358224
-105706283214827395243
-99538631164495711844
-93224458035586952566
-86798033148188184820
-80293619502238116905
-73745363522955316024
-67187184806266426300
-60652665864234386792
-54174941870486649511
-47786590405643397436
-41519521202745762530
-35404865892684043756
-29472867749625925093
-23752771436444693552
-18272712750147457192
-13059608367303363136
-8139045589471815587
-3535172088630693844
729414347395429682
4633776069507071452
8158745821901618783
11287036996645111832
14003353888244025580
16294501948217051816
18149498039666881121
19559680691851984852
20518820354758397126
21023229653671496804
21071873643747789475
20666480064586689440
19811649594802301696
18514966106595203920
16787106920324228453
14641953059078244284
12096699503247939034
9171965445097600940
5891904543336900839
2284315177692674152
-1619249296519297132
-5783370293822502472
-10168653744007920791
-14731619837562238492
-19424592771096067474
-24195590492772163148
-28988214447733642453
-33741539323532201872
-38390002795556335448
-42863295272459552800
-47086249641588597139
-50978731014411663284
-54455526471946615678
-57426234810189206404
-59795156285541293201
-61461182360239057480
-62317685447781222340
-62252408658357270584
-61147355544275662735
-58878679845392055052
-55316575234537517546
-50325165062946751996
-43762392105686309965
-35479908307082810816
-25322964526151159728
-13130300282022765712
1265966500626240373
18040449746146787804
37374605482488647978
59456842095772216396
84482630584860294647
112654614815929872392
144182721777043909348
179284271832723117272
218184088978517741945
261114611095579345156
308316000205232586686
360036252723547006292
416531309715908805691
