89839659182
76249369387
63815236714
52477818827
42179421694
32864076583
24477517058
16967155975
10282062478
4372938995
-807901766
-5306559821
-9167570914
-12433929521
-15147111854
-17347098865
-19072399250
-20360072453
-21245751670
-21763666853
-21946667714
-21826246729
-21432562142
-20794460969
-19939502002
-18893978813
-17682942758
-16330225981
-14858464418
-13289120801
-11642507662
-9937810337
-8193109970
-6425406517
-4650641750
-2883722261
-1138542466
571992391
2235943234
3842314151
5381029390
6842910355
8219652602
9503802835
10688735902
11768631791
12738452626
13593919663
14331490286
14948335003
15442314442
15811956347
16056432574
16175536087
16169657954
16039764343
15787373518
15414532835
14923795738
14318198755
13601238494
12776848639
11849376946
10823562239
9704511406
8497676395
7208831210
5844048907
4409678590
2912322407
1358812546
-243811769
-1888327282
-3567349709
-5273356742
-6998711053
-8735683298
-10476475121
-12213242158
-13938117041
-15643232402
-17320743877
-18962853110
-20561830757
-22110039490
-23599957001
-25024199006
-26375542249
-27646947506
-28831582589
-29922845350
-30914386685
-31800133538
-32574311905
-33231469838
-33766500449
-34174664914
-34451615477
-34593418454
-34596577237
-34458055298
-34175299193
-33746261566
-33169424153
-32443820786
-31569060397
-30545350022
-29373517805
-28055036002
-26592043985
-24987371246
-23244560401
-21367890194
-19362398501
-17233905334
-14989035845
-12635243330
-10180832233
-7634981150
-5007765833
-2310182194
445830691
3247367578
6080534051
8930423518
11781094207
14615546162
17415698239
20162365102
22835234219
25412842858
27872555083
30190538750
32341742503
34299872770
36037370759
37525389454
38733770611
39631021754
40184293171
40359354910
40120573775
39430890322
38251795855
36543309422
34263954811
31370737546
27819121883
23563007806
18554708023
12744924962
6082727767
-1484470706
-10010936893
-19552639526
-30167272637
-41914278562
