10679188819343083
8528704600016633
6641474726181686
5000319446559685
3588649786396451
2390458874195051
1390313268448666
573344284373459
-74760679358557
-567766813886651
-918900573428506
-1140858348547351
-1245815139419093
-1245433229099449
-1150870856791078
-972790891110713
-721369503356293
-406304840774095
-36825699825866
378299800544045
830755545641555
1312668751755715
1816601292891578
2335541027503067
2862893125225843
3392471393610173
3918489604853798
4435552822534801
4938648728344475
5423138948820191
5884750382078266
6319566524546831
6724018797698699
7094877874784233
7429245007564214
7724543353042709
7978509300199939
8189183796725147
8354903675749466
8474292982578787
8546254301426627
8569960082146997
8544843966967270
8470592117221049
8347134540081035
8174636415291895
7953489421903130
7684303065001943
7367896002446107
7005287371596833
6597688116051638
6146492312377213
5653268496842291
5119750992150515
4547831234173306
3939549098682731
3297084228084371
2622747358150189
1918971644751398
1188303990591329
433396371938299
-343002834641521
-1138057525551238
-1948852543430369
-2772402350421973
-3605659701439783
-4445524317435338
-5288851558665115
-6132461097957661
-6973145593980725
-7807679364508390
-8632827059688205
-9445352335308317
-10242026526064603
-11019637318827802
-11774997425910647
-12504953258334997
-13206393599098969
-13876258276444070
-14511546837122329
-15109327219663429
-15666744427641839
-16181029202943946
-16649506699035187
-17069605154227181
-17438864564944861
-17754945358993606
-18015637068826373
-18218867004810829
-18362708928496483
-18445391725881818
-18465308080681423
-18421023147593125
-18311283225565121
-18135024431063110
-17891381371337425
-17579695817690165
-17199525378742327
-16750652173700938
-16233091505626187
-15647100534698557
-14993186951485957
-14272117650210854
-13484927402017405
-12632927528238589
-11717714573663339
-10741178979803674
-9705513758161831
-8613223163497397
-7467131367094441
-6270391130028646
-5026492476434441
-3739271366772133
-2412918371095039
-1051987342316618
338595910522397
1753524948986867
3187104031980115
4633239442476794
6085430814255755
7536762458632915
8979894691194125
10407055158528038
11810030164958977
13180155999279803
14508310261484783
15784903189502458
16999868985928511
18142657144758635
19202223778121401
20167022943011126
21024997968020741
21763572780074659
22369643231161643
22829568425067674
23129162044108819
23253683675864099
23187830139908357
22915726814545126
22420918963539497
21686363062850987
20694418127366407
19426837037632730
17864757866589959
15988695206303995
13778531494699505
11213508342292790
8272217858924653
4932593980493267
1171903795687043
-3033261127282502
-7706993413947877
-12874078556852749
-18560003588819075
-24790965756214234
-31593881192218159
-38996393590090469
