711364887637724914867
617070653988720024548
529746015716406306398
449068522940165928628
374724539824975259057
306409134326833083128
243825967938188821924
186687185433370750184
134713304614014214319
87633106054489850428
45183522847331802314
7109530348665939500
-26835964076361924755
-56892231308157815440
-83290830727251377776
-106255720468867659200
-126003367677498891349
-142742858761476272044
-156676009647541747274
-167997476035419793180
-176894863652389198039
-183548838507854844248
-188133237147919490308
-190815176909955552808
-191755166177176888409
-191107214633210575828
-189018943516668697822
-185631695875720123172
-181080646822662288667
-175494913788492981088
-168997666777482119192
-161706238621743535696
-153732235235806759261
-145181645871188796476
-136154953370965913842
-126747244424345419756
-117048319821237446495
-107142804706826732200
-97110258836144402860
-87025286828639754296
-76957648422752034145
-66972368730482223844
-57129848491964820614
-47485974330039619444
-38092229004823495075
-28995801668282183984
-20239698118802066368
-11862851055761948128
-3900230334104842853
3617046781090246196
10661605360036544102
17209702553667722308
23241117339066116633
28739040264890945288
33689963196806526892
38083569062910498488
41912621599162033559
45172855094810060044
47862864137821478354
49983993360309379388
51540227183961262549
52538079565467253760
52986483741948323480
52896681976384504720
52282115303043111059
51158313272906954660
49542783699102564286
47454902402328403316
44915802956283087761
41948266433093604280
38576611148743528196
34826582408501241512
30725242252348150927
26300859200406905852
21582797998369616426
16601409362926071532
11387919727191956813
5974320986137072688
393260242013552368
-5322070450215920128
-11138044337449891957
-17020710223019923436
-22935902721262370026
-28849352512090164316
-34726796595564598007
-40534088546467103896
-46237308768871037860
-51802874750713460840
-57197651318366920825
-62389060891211234836
-67345193736205270910
-72034918222458730084
-76427991075803928379
-80495167633367578784
-84208312098142573240
-87540507793559764624
-90466167418059748733
-92961143299664646268
-95002837650549884818
-96570312821615980844
-97644401557060321663
-98207817248948947432
-98245264191788333132
-97743547837097170552
-96691685047978150273
-95081014353689743652
-92905306204217984806
-90160873224848252596
-86846680470737052611
-82964455681483799152
-78518799535702597216
-73517295905594024480
-67970622111516913285
-61892659176560132620
-55300602081114370106
-48215070017443913980
-40660216644258435079
-32663840341284768824
-24257494463838697204
-15476597597396730760
-6360543812167890569
3047187082334509772
12698919282721082162
22542670737154582012
32522042890778126261
42576110431143411392
52639311033638931448
62641335106918196048
72507015538327948403
82156217439336383332
91503727890961365278
100459145689198646324
108926771090450084209
116805495556951860344
123988691502202697828
130364102036392079464
135813730711828465775
140213731268367513020
143434297378840291210
145339552394481502124
145787439090357697325
144629609410795496176
141711314214809803856
136871293021532029376
129941663755638303595
120747812492777697236
109108283205000438902
94834667506186133092
77731494397471978217
57596120012680984616
34218617363750192572
7381666086158890328
-23139557815643167897
-57577492222807543892
-96172299156658897438
-139171975033266768292
-186832460918017358171
