848329464662361195787
746595477606170873828
651283735374525792350
562147728178318812820
478946439996586818569
401444293449224823800
329411094669700082596
262621978177766197928
200857351752177230663
143902841303401808572
91549235746337235338
43592431873023599564
-166620774642116219
-39921975032191926544
-75862741239872734000
-108173142369932220224
-137032569153904736893
-162615635209897196716
-185092232169874964426
-204627584806947747772
-221382306162655488511
-235512452674254253400
-247169579302002125188
-256500794656445093608
-263648816125702946369
-268752025002755160148
-271944521612726791582
-273356180440174368260
-273112705256371779715
-271335684246596168416
-268142645137413820760
-263647110323966058064
-257958651997255127557
-251182947271430093372
-243421833311072727538
-234773362458483400972
-225331857360966974471
-215187966098118689704
-204428717309110060204
-193137575319974762360
-181394495270894526409
-169275978243485027428
-156855126388081776326
-144201698051026010836
-131382162901950586507
-118459757061065867696
-105494538226445618560
-92543440801312894048
-79660331021325930893
-66896062081864038604
-54298529265313490458
-41912725068353414492
-29780794329241684495
-17942089355100811000
-6433225049203832276
4711865961739794680
15461878200298303151
25788078211031725708
35664249433206003218
45066637073507093852
53973892978755082093
62367020508618287744
70229319408327374936
77546330681389461136
84305781462302226155
90497529889268021156
96113509976907977662
101147676488976116564
105595949811073457129
109456160823362126008
112727995773279466244
115412941148252146280
117514228548410268967
119036779559301480572
119987150624605079786
120373477918846126732
120205422220109551973
119494113782754265520
118252097210127265840
116493276327277748864
114232859053671216995
111487302275903588116
108274256720415304598
104612511826205442308
100521940617545819617
96023444576695106408
91138898516612933084
85891095453673999576
80303691480382184351
74401150638084653420
68208689789685969346
61752223492362200252
55058308870275028829
48154090487285861344
41067245219669936648
33825927128830435184
26458712334012587995
18994543885017785732
11462676634917687662
3892622112768330676
-3685906603675761703
-11243050015247470312
-18748857328652971340
-26173341583757627320
-33486534780871878121
-40658543008037131940
-47659601568311656294
-54460130107056469012
-61030787739221229227
-67342528176630128368
-73366654855267781152
-79074876062565116576
-84439360064685268909
-89432790233809468684
-94028420175422933690
-98200128855600759964
-101922475728293812783
-105170755862614617656
-107921055070123251316
-110150305032113232712
-111836338426897414001
-112957944057093871540
-113494921976911796878
-113428138619437387748
-112739581923919739059
-111412416463056733888
-109431038570280934472
-106781131467045473200
-103449720390109943605
-99425227718826291356
-94697528102424705250
-89258003587299508204
-83099598744295048247
-76216875795991589512
-68606069743991203228
-60265143496203658712
-51193842994132314361
-41393752340160008644
-30868348924834951094
-19623058554156613300
-7665310576861619899
4995406988290360432
18347492325230723984
32377174693296041024
47068459299942164803
62403072173458340564
78360405035681314550
94917460174709443012
112048795317616801217
129726468503167292456
147919982954528757052
166596231951987081368
185719443705660306815
205251126228212738860
225150012207569056034
245372003879628418940
265870117900978579261
