-31366063048254063857
-15944173653479126524
-1855439255401564714
10960140470603791060
22561024391873282213
33004148294216385752
42344943257677677940
50637354032298797960
57933857413880411579
64285480619744174812
69741819664494697586
74351057735781507404
78159983570061013009
81214009828358468048
83557191472029934736
85232244138524247520
86280562517144976743
86742238724812392308
86656080681825427342
86059630487623641860
84989182796549186429
83479803193608765832
81565346570235602732
79278475500051401336
76650678614628311059
73712288979250890188
70492502468678069546
67019396142905116156
63319946622925596905
59420048466493342208
55344532543884409672
51117184413659047760
46760762698423659455
42297017460592765924
37746708578150970182
33129624120414920756
28464598723795275349
23769531967558664504
19061406749589655268
14356307662152714856
9669439367654174315
5015144974404192188
406924412378718178
-4142547191018543188
-8621401135194168895
-13018556770603053776
-17323703122986446848
-21527280517609987648
-25620462203501742569
-29595135977690241196
-33443885809442512642
-37159973464502121884
-40737320129327206099
-44170488035328511000
-47454662083107427172
-50585631466694026408
-53559771297785098045
-56374024229982185300
-59025882083029621606
-61513367467052566948
-63835015406795044199
-65989854965857975456
-67977390870937218376
-69797585136061602512
-71450838686830965649
-72937972984654190140
-74260211650987239242
-75419162091571193452
-76416797120670286843
-77255436585309943400
-77937728989514813356
-78466633118546809528
-78845399663143143653
-79077552843754362724
-79166872034782385326
-79117373388818537972
-78933291460881591439
-78619060832655797104
-78179297736728923280
-77618781680830291552
-76942437072068813113
-76155314841171025100
-75262574066719126930
-74269463599389016636
-73181303686188327203
-72003467594694462904
-70741363237292635636
-69400414795413901256
-67986044343773195917
-66503653474607372404
-64958604921913236470
-63356204185685583172
-61701681156155233207
-60000171738027069248
-58256699474718072280
-56476157172595357936
-54663288525214212833
-52822669737556130908
-50958691150266849754
-49075538863894386956
-47177176363127076427
-45267326141031604744
-43349451323291047484
-41426737292442905560
-39502073312117141557
-37578034151274216068
-35656861708443124030
-33740446635959431060
-31830309964203309791
-29927584725837576208
-28032997580045725984
-26146850436769970816
-24269002080949274761
-22398849796757390572
-20535310991840896034
-18676804821557230300
-16821233813212730227
-14965965490300666712
-13107813996739281028
-11243021721109821160
-9367240920894578141
-7475515346714922388
-5562261866569340038
-3621252090071469284
-1645593992688136711
372286460022606368
2440663688173447576
4568530873309777136
6765618334171651535
9042411902455757188
11410171298577374102
13880948507432339540
16467606154159011685
19183835879900233304
22044176717565295412
25064033467591900936
28259695073708128379
31648352998694395484
35248119600145422898
39078046506232197836
43158142991463937745
47509394352450053968
52153780283662115408
57114293253195812192
62414956878532919335
68080844302303260404
74138096568046671182
80613940995974963332
87536709558733888061
94935857257165099784
102841980496068119788
111286835459962299896
120303356488848786131
129925674453972482380
140189135133584014058
151130317588701691772
162787052538873474985
