-70709854315902731293
-68389901285411169044
-65549996419547025134
-62240439308356183612
-58509652054090055243
-54404206834848523004
-49968853468222887580
-45246546974938812860
-40278475142499271433
-35104086088827490084
-29761115825909895290
-24285615823439058716
-18711980572456642711
-13072975148996345804
-7399762777726848200
-1721932395594757276
3932473784532446923
9536932710223466188
15066412925840238650
20497347008894993284
25807604006407304413
30976461871261146212
35984579898561947212
40813971161993644804
45447974950175739743
49871229203020350652
54069642948089268526
58030368736951011236
61741775081537878033
65193418890503004052
68376017905577414816
71281423137927080740
73902591304509971635
76233557264433111212
78269406455309631586
80006247329615827780
81441183791048212229
82572287630880569284
83398570964321009716
83919958666869025220
84137260810672542919
84052145100884979868
83667109312022297558
82985453724320056420
82011253560090470329
80749331420079461108
79205229719823713032
77385183126007727332
75296090992820876699
72945489798314459788
70341525580758755722
67492926375000078596
64408974648817831981
61099479739281563428
57574750289108018972
53845566683018197636
49923153484094405935
45819151870137312380
41545592070023001982
37114865800060030756
32539698700346480225
27833122771127011924
23008448809149921904
18079238844024195236
13059278574576560515
7962549805208544364
2803202882253525938
-2404470869666208572
-7646066711282411435
-12907094052323818876
-18173004015159096572
-23429216998439785148
-28661150240743245673
-33854245384215605156
-38993996038214702042
-44065975342953031708
-49055863533140691959
-53949475501628328524
-58732788363050080552
-63391969017466526108
-67913401714007627669
-72283715614515677620
-76489812357188243750
-80518893620221114748
-84358488685451245699
-87996482001999703580
-91421140749914612756
-94621142403814100476
-97585602296529242369
-100304101182747007940
-102766712802653206066
-104964031445575430492
-106887199513626005327
-108527935085344930540
-109878559479342827456
-110932024817943884252
-111681941590828801453
-112122606218677737428
-112249028616813253886
-112056959758843261372
-111542919240303964763
-110704222842302808764
-109539010095161423404
-108046271842058569532
-106225877802673084313
-104078604136826826724
-101606161008127623050
-98811220147612212380
-95697442417389192103
-92269505374281963404
-88533130833471676760
-84495112432140177436
-80163343193112950981
-75546843088502068724
-70655786603349133270
-65501530299268223996
-60096640378088842547
-54454920245498858332
-48591438074687454020
-42522554369988071036
-36265949530521355057
-29840651413838101508
-23267062899562201058
-16566989453033585116
-9763666688951171327
-2881787935015809068
4052468204426775056
11011410284743031716
17965806457368643363
24884856906165578732
31736166283779147346
38485716147995054020
45097837398096453365
51535182711221004292
57758698978717924516
63727599742505045060
69399337631425864759
74729576797606604764
79672165352813263046
84179107804808668900
88200537493709537449
91684689028343524148
94577870722606279288
96824437031818502500
98366760989082997259
99145206641641725388
99098101487232861562
98161708910447847812
96270200619088448029
93355629080523802468
89347899958047482252
84174744547234543876
77761692212298583711
70032042822448792508
60906839188247009902
50304839497964778916
38142489753940400465
