-52697741049499
-45358380262412
-38434203041318
-31913301287020
-25783913113745
-20034422849144
-14653361034292
-9629404423688
-4951375985255
-608244900340
3410873436286
7116717416428
10519879218467
13630804807360
16459793934640
19017000138416
21312430743373
23355946860772
25157263388450
26725949010820
28071426198871
29202971210168
30129714088852
30860638665640
31404582557825
31770237169276
31966147690438
32000713098332
31882186156555
31618673415280
31218135211256
30688385667808
30037092694837
29271777988820
28399817032810
27428439096436
26364727235903
25215618293992
23987902900060
22688225470040
21323084206441
19898831098348
18421671921422
16897666237900
15332727396595
13732622532896
12102972568768
10449252212752
8776789959965
7090768092100
5396222677426
3698043570788
2000974413607
309612633880
-1371590553820
-3038330148344
-4686447361967
-6311929620388
-7910910562730
-9479670041540
-11014634122789
-12512375085872
-13969611423608
-15383207842240
-16750175261435
-18067670814284
-19332997847302
-20543605920428
-21697090807025
-22791194493880
-23823805181204
-24792957282632
-25696831425223
-26533754449460
-27302199409250
-28000785571924
-28628278418237
-29183589642368
-29665777151920
-30074045067920
-30407743724819
-30666369670492
-30849565666238
-30957120686780
-30988969920265
-30945194768264
-30826022845772
-30631827981208
-30363130216415
-30020595806660
-29605037220634
-29117413140452
-28558828461653
-27930534293200
-27233927957480
-26470552990304
-25642099140907
-24750402371948
-23797444859510
-22785354993100
-21716407375649
-20593022823512
-19417768366468
-18193357247720
-16922648923895
-15608649065044
-14254509554642
-12863528489588
-11439150180205
-9984965150240
-8504710136864
-7002268090672
-5481668175683
-3947085769340
-2402842462510
-853406059484
696609422023
2242443750872
3779190482500
5301796958920
6805064308721
8283647447068
9732055075702
11144649682940
12515647543675
13839118719376
15108987058088
16319030194432
17462879549605
18534020331380
19525791534106
20431385938708
21243850112687
21956084410120
22560842971660
23050733724536
23418218382553
23655612446092
23755085202110
23708659724140
23508212872291
23145475293248
22612031420272
21899319473200
20998631458445
19901113168996
18597764184418
17079437870852
15336841381015
13360535654200
11140935416276
8668309179688
5932779243457
2924321693180
-367233598970
-3952202974244
-7841048987317
