21679090411433
19482959985580
17425319677066
15501299594684
13706102953939
12035006077048
10483358392940
9046582437256
7720173852349
6499701387284
5380806897838
4359205346500
3430684802471
2591106441664
1836404546704
1162586506928
565732818385
41997083836
-412393987246
-801140578676
-1127869767557
-1396135524280
-1609418712524
-1771127089256
-1884595304731
-1953084902492
-1979784319370
-1967808885484
-1920200824241
-1839929252336
-1729890179752
-1592906509760
-1431728038919
-1249031457076
-1047420347366
-829425186212
-597503343325
-354039081704
-101343557636
158345179304
422862186253
690115627060
958086772286
1224829999204
1488472791799
1747215740768
1999332543520
2243170004176
2477148033569
2699759649244
2909570975458
3105221243180
3285422790091
3448961060584
3594694605764
3721555083448
3828547258165
3914749001156
3979311290374
4021458210484
4040486952863
4035767815600
4006744203496
3952932628064
3873922707529
3769377166828
3639031837610
3482695658236
3300250673779
3091652036024
2856928003468
2596179941320
2309582321501
1997382722644
1659901830094
1297533435908
910744438855
500074844416
66137764784
-390380581136
-868720867727
-1368050662660
-1887464426894
-2425983514676
-2982556173541
-3556057544312
-4145289661100
-4748981451304
-5365788735611
-5994294227996
-6633007535722
-7280365159340
-7934730492689
-8594393822896
-9257572330376
-9922410088832
-10586978065255
-11249274119924
-11907223006406
-12558676371556
-13201412755517
-13833137591720
-14451483206884
-15054008821016
-15638200547411
-16201471392652
-16741161256610
-17254536932444
-17738792106601
-18191047358816
-18608350162112
-18987674882800
-19325922780479
-19619922008036
-19866427611646
-20062121530772
-20203612598165
-20287436539864
-20310055975196
-20267860416776
-20157166270507
-19974216835580
-19715182304474
-19376159762956
-18953173190081
-18442173458192
-17839038332920
-17139572473184
-16339507431191
-15434501652436
-14420140475702
-13291936133060
-12045327749869
-10675681344776
-9178289829716
-7548373009912
-5781077583875
-3871477143404
-1814572173586
394709947204
2761514947303
5291061661760
7988642032336
10859621107504
13909437042449
17143601099068
20567697645970
24187384158476
28008391218619
32036522515144
36277654843508
40737738105880
45422795311141
50338922574884
55492289119414
60889137273748
66535782473615
