-187643172609811919
-164514422885757252
-142845968394646902
-122581066037626228
-103664292243750149
-86041528591452656
-69659947430016324
-54467997501041824
-40415389559917435
-27453081997288556
-15533266460527218
-4609353475201596
5364041933454479
14431114619072008
22634883692677312
30017206901222520
36618795006116057
42479226161753132
47636960294046226
52129353478955580
55992672321019683
59262108331885760
61971792308840260
64154808713339344
65843210049539373
67068031242827396
67859304018351638
68246071279551988
68256401486690487
67917403035381816
67255238635123784
66295139687827816
65061420666349441
63577493493018780
61865881918171034
59948235898676972
57845345976473419
55577157657093744
53162785788198348
50620528938105152
47967883774320085
45221559442067572
42397491942821022
39510858512833316
36576092001667295
33606895250726248
30616255471784400
27616458625517400
24619103800032809
21635117589400588
18674768472183586
15747681189968028
12862851125894003
10028658683185952
7252883663683156
4542719646370224
1904788365907581
-654845908838044
-3130661996263130
-5517667423496876
-7811384047870713
-10007833678387816
-12103523697192616
-14095432681040312
-15980996022766383
-17758091552756100
-19425025160414038
-20980516415633588
-22423684190266469
-23754032279592240
-24971435023787812
-26076122929396960
-27068668290799835
-27949970811682476
-28721243226506322
-29383996921977724
-29940027558517457
-30391400691730232
-30740437393874208
-30989699875330504
-31141977106072711
-31200270437136404
-31167779222088654
-31047886438497540
-30844144309401661
-30560259924779648
-30200080863019676
-29767580812388976
-29266845192503347
-28702056775796668
-28077481308990410
-27397453134563148
-26666360812220073
-25888632740362504
-25068722777557400
-24211095864006872
-23320213643017695
-22400520082470820
-21456427096290886
-20492300165915732
-19512443961765909
-18521087964714192
-17522372087555092
-16520332296474368
-15518886232518539
-14521818833064396
-13532767953288514
-12555209987636764
-11592445491293825
-10647584801652696
-9723533659784208
-8822978831906536
-7948373730854711
-7101924037550132
-6285573322470078
-5500988667117220
-4749546285489133
-4032317145547808
-3350052590689164
-2703169961212560
-2091738215790307
-1515463552937180
-973675032479930
-465310197026796
11099306562983
457442105709656
876041480643448
1269669742935048
1641562614026097
1995433603759676
2335488388910794
2666439191716876
2993519158408251
3322496737738640
3659690059515644
4011981313131232
4386831126092229
4792292942550804
5237027401834958
5730316716979012
6282079053254095
6902882906698632
7603961482648832
8397227074269176
9295285441082905
10311450187502508
11459757141360210
12754978732438460
14212638371000419
15849024826320448
17681206605214596
19727046330571088
22005215119880813
24535206963767812
27337353104519766
30432836414618484
33843705775270391
