2177161961
2443479706
2683776916
2898933494
3089817841
3257286856
3402185936
3525348976
3627598369
3709745006
3772588276
3816916066
3843504761
3853119244
3846512896
3824427596
3787593721
3736730146
3672544244
3595731886
3506977441
3406953776
3296322256
3175732744
3045823601
2907221686
2760542356
2606389466
2445355369
2278020916
2104955456
1926716836
1743851401
1556893994
1366367956
1172785126
976645841
778438936
578641744
377720096
176128321
-25690754
-227305804
-428297006
-628256039
-826786084
-1023501824
-1218029444
-1410006631
-1599082574
-1784917964
-1967184994
-2145567359
-2319760256
-2489470384
-2654415944
-2814326639
-2968943674
-3118019756
-3261319094
-3398617399
-3529701884
-3654371264
-3772435756
-3883717079
-3988048454
-4085274604
-4175251754
-4257847631
-4332941464
-4400423984
-4460197424
-4512175519
-4556283506
-4592458124
-4620647614
-4640811719
-4652921684
-4656960256
-4652921684
-4640811719
-4620647614
-4592458124
-4556283506
-4512175519
-4460197424
-4400423984
-4332941464
-4257847631
-4175251754
-4085274604
-3988048454
-3883717079
-3772435756
-3654371264
-3529701884
-3398617399
-3261319094
-3118019756
-2968943674
-2814326639
-2654415944
-2489470384
-2319760256
-2145567359
-1967184994
-1784917964
-1599082574
-1410006631
-1218029444
-1023501824
-826786084
-628256039
-428297006
-227305804
-25690754
176128321
377720096
578641744
778438936
976645841
1172785126
1366367956
1556893994
1743851401
1926716836
2104955456
2278020916
2445355369
2606389466
2760542356
2907221686
3045823601
3175732744
3296322256
3406953776
3506977441
3595731886
3672544244
3736730146
3787593721
3824427596
3846512896
3853119244
3843504761
3816916066
3772588276
3709745006
3627598369
3525348976
3402185936
3257286856
3089817841
2898933494
2683776916
2443479706
2177161961
