-50498266819
-44624115228
-39067818174
-33820246412
-28872385105
-24215333824
-19840306548
-15738631664
-11901751967
-8321224660
-4988721354
-1896028068
964954771
3602212328
6023615360
8236920216
10249768837
12069688756
13704093098
15160280580
16445435511
17566627792
18530812916
19344831968
20015411625
20549164156
20952587422
21232064876
21393865563
21444144120
21388940776
21234181352
20985677261
20649125508
20230108690
19734094996
19166438207
18532377696
17837038428
17085430960
16282451441
15432881612
14541388806
13612525948
12650731555
11660329736
10645530192
9610428216
8559004693
7495126100
6422544506
5344897572
4265708551
3188386288
2116225220
1052405376
-7623
-1038062564
-2058922642
-3059865460
-4038283029
-4991681768
-5917682504
-6814020472
-7678545315
-8509221084
-9304126238
-10061453644
-10779510577
-11456718720
-12091614164
-12682847408
-13229183359
-13729501332
-14182795050
-14588172644
-14944856653
-15252184024
-15509606112
-15716688680
-15873111899
-15978670348
-16033273014
-16036943292
-15989818985
-15892152304
-15744309868
-15546772704
-15300136247
-15005110340
-14662519234
-14273301588
-13838510469
-13359313352
-12836992120
-12272943064
-11668676883
-11025818684
-10346107982
-9631398700
-8883659169
-8104972128
-7297534724
-6463658512
-5605769455
-4726407924
-3828228698
-2914000964
-1986608317
-1049048760
-104434704
844007032
1792935221
2738894228
3678314010
4607510116
5522683687
6419921456
7295195748
8144364480
8963171161
9747244892
10492100366
11193137868
11845643275
12444788056
12985629272
13463109576
13872057213
14207186020
14463095426
14634270452
14715081711
14699785408
14582523340
14357322896
14018097057
13558644396
12972649078
12253680860
11395195091
10390532712
9232920256
7915469848
6431179205
4772931636
2933496042
905526916
-1318435657
-3745966000
-6384752844
-9242599328
-12327422999
-15647255812
-19210244130
-23024648724
-27098844773
