209645651991392280937
223711838211478616300
234988244106918154202
243637680013516922716
249818331895214465699
253683816471369733784
255383236344046975372
255061235125301627624
252858052564466207453
248909579675436202516
243347413863955962206
236298914054904588644
227887255819581827671
218231486502993959840
207446580351139691408
195643493638296045328
182929219794304252241
169406844531855641468
155175600973777532002
140330924780319123500
124964509276437387275
109164360579082957288
93014852724486021140
76596782795442211064
59987426048598494917
43260591041739067172
26486674761071239910
9732717748511333812
-6937540771029430849
-23463607762359043216
-39788181252718810856
-55857095204497468768
-71619264387945288391
-87026629253888186612
-102034100806441834774
-116599505475725767684
-130683529990577492621
-144249666251266598344
-157264156202208864100
-169695936704680368632
-181516584409531599187
-192700260629901560524
-203223656213931883922
-213065936417480936188
-222208685776837928665
-230635852981437026240
-238333695746571456352
-245290725686107618000
-251497653185199190751
-256947332273001243748
-261634705495384344718
-265556748787648668980
-268712416347238108453
-271102585506454380664
-272730001605171137756
-273599222863548075496
-273716565254745042283
-273090047377636148156
-271729335329523873802
-269645687578853179564
-266851899837925614449
-263362249935613425136
-259192442690073664984
-254359554781462303040
-248881979624648333047
-242779372241927882452
-236072594135738321414
-228783658161372371812
-220935673399692216253
-212552790029843607080
-203660144201969975380
-194283802909926539992
-184450708863994416515
-174188625363594726316
-163526081170002705538
-152492315379061814108
-141117222293897844745
-129431296297633031968
-117465576726100161104
-105251592740556677296
-92821308200398794511
-80207066535875604548
-67441535620803186046
-54557652645278713492
-41588568988394566229
-28567595090952437464
-15528145328177443276
-2503682882432231624
10472335384068908645
23366514056545938788
36145574294938961158
48776408961194110196
61226137746549443423
73462162298820832432
85452221349687853880
97164445841979680480
108567414056960971993
119630206741617766220
130322462235943369994
140614431600224250172
150477033742325924627
159881910544978853240
168801481993064328892
177209001300900368456
185078610039527603789
192385393263995172724
199105434640646610062
205215871574405738564
210694950336062559943
215522081189559145856
219677893519275528896
223144290957315593584
225904506510792967361
227943157689116911580
229246301631278212498
229801490233135072268
229597825274698999931
228626013547420702408
226878421981475975492
224349132773051594840
221033998511631206965
216930697307281220228
212038787917936695830
206359764876687238804
199897113619062889007
192656365610320012112
184645153472727190600
175873266112851114752
166352703848842473641
156097733537721846124
145124943702665591834
133453299660291742172
121104198647945891299
108101524950987087128
94471705030073722316
80243762648449425256
65449373999228951069
50122922832684072596
34301555583529471390
18025236498208628708
1336802762179716503
-15717980372798511584
-33090364461380829232
-50728562737349646448
-68577694986329118575
-86579732418499255300
-104673442541310029662
-122794334032195487060
-140874601611287854261
-158843070914131648408
-176625143364397786028
-194142741046597692040
-211314251578797408763
-228054472985331704924
-244274558569518184666
-259881961786371396556
-274780381115316942593
