-372813694769990335589
-277511635515063838588
-191145479060038582114
-113258921936589151244
-43408664395712046055
18835754974131991352
73892124628875649828
122165725450702722152
164049496129905778007
199924198546743836956
230158583153300041418
255109554355339329644
275122335894166108693
290530636228481927408
301656813916243149392
308812042996518625984
312296478371347369235
312399421187596224884
309399484218817545334
303564757247106862628
295152972444960561425
284411669757133551976
271578362282496943100
256880701655895715160
240536643430006393039
222754612457194719116
203733668271373326242
183663670469859410716
162725444095232405261
141090945017191652000
118923425314414075432
96377598656411855408
73599805685390100107
50728179398104519012
27892810527719095886
5215912925663761748
-17188011056507932151
-39212005185261141352
-60756493963222055212
-81729117247320223928
-102044564866930885561
-121624411242017293060
-140396950001273041286
-158297028600264394036
-175265882939572611067
-191250971982936275120
-206205812375393618944
-220089813061424852320
-232868109903094489085
-244511400298193674156
-254995777798382510554
-264302566727332386428
-272418156798868302079
-279333837735111196984
-285045633884620276820
-289554138840535340488
-292864350058719107137
-294985503475899543188
-295930908127812189358
-295717780767342487684
-294367080482668108547
-291903343315401277696
-288354516878731103272
-283751794975565902832
-278129452216675530373
-271524678638833703356
-263977414322960329730
-255530184012263834956
-246227931730383489031
-236117855399531733512
-225249241458636508540
-213673299481483579864
-201442996794858865865
-188612893096690764580
-175238975074192480726
-161378491022004352724
-147089785460336179723
-132432133753109548624
-117465576726100161104
-102250755285080160640
-86848745033960459533
-71320890892933065932
-55728641716613410858
-40133384912182675228
-24596281057530116879
-9178098519395397592
6060951928489089884
21061382487255894808
35764593714760181423
50113039907437401932
64050394482160969474
77521715358099931100
90473610338576640749
102854402492924432224
114614295538345292168
125705539221767533040
136082594701703466091
145702299930107074340
154524035034231685550
162509887698487645204
169624818546299989481
175836826521966118232
181117114272513467956
185440253529557184776
188784350491157797415
191131211203678890172
192466506943644775898
192779939599598168972
192065407053957858277
190321168564876380176
187550010148097691488
183759409958814842464
178961703673527649763
173174249871900369428
166419595418619369862
158725640845250804804
150125805732098286305
140659194090060557704
130370759742489166604
119311471707046137848
107538479577561646495
95115278905891690796
82111876583775765170
68604956224694533180
54678043545727500509
40421671749410687936
25933546905594304312
11318713333300419536
-3310281017419362469
-17833219183626230780
-32122049807636494498
-46040721755163909772
-59445018733462006823
-72182393909466416968
-84091804527937199644
-95003546529601169432
-104739089169294223081
-113110909634103666532
-119922327661510541942
-124967340157531954708
-128030455814863400491
-128886529731021092240
-127300598026484287216
-123027712462837614016
-115812775060913399597
-105390372718933996300
-91484611830654108874
-73808952903503121500
-52066045176727424815
-25947561239532742936
4865968350773539516
40705320450640050392
81912744712129102991
128842128964774369036
181859164597438551650
241341511940171058332
307678965646065673933
