-8662944017
-7279589632
-5981837512
-4767047948
-3632615737
-2575970182
-1594575092
-685928782
152435927
922951708
1628016728
2269994648
2851214623
3373971302
3840524828
4253100838
4613890463
4925050328
5188702552
5406934748
5581800023
5715316978
5809469708
5866207802
5887446343
5875065908
5830912568
5756797888
5654498927
5525758238
5372283868
5195749358
4997793743
4780021552
4544002808
4291273028
4023333223
3741649898
3447655052
3142746178
2828286263
2505603788
2175992728
1840712552
1500988223
1158010198
812934428
466882358
120940927
-223837432
-566434792
-905867732
-1241187337
-1571479198
-1895863412
-2213494582
-2523561817
-2825288732
-3117933448
-3400788592
-3673181297
-3934473202
-4184060452
-4421373698
-4645878097
-4857073312
-5054493512
-5237707372
-5406318073
-5559963302
-5698315252
-5821080622
-5928000617
-6018850948
-6093441832
-6151617992
-6193258657
-6218277562
-6226622948
-6218277562
-6193258657
-6151617992
-6093441832
-6018850948
-5928000617
-5821080622
-5698315252
-5559963302
-5406318073
-5237707372
-5054493512
-4857073312
-4645878097
-4421373698
-4184060452
-3934473202
-3673181297
-3400788592
-3117933448
-2825288732
-2523561817
-2213494582
-1895863412
-1571479198
-1241187337
-905867732
-566434792
-223837432
120940927
466882358
812934428
1158010198
1500988223
1840712552
2175992728
2505603788
2828286263
3142746178
3447655052
3741649898
4023333223
4291273028
4544002808
4780021552
4997793743
5195749358
5372283868
5525758238
5654498927
5756797888
5830912568
5875065908
5887446343
5866207802
5809469708
5715316978
5581800023
5406934748
5188702552
4925050328
4613890463
4253100838
3840524828
3373971302
2851214623
2269994648
1628016728
922951708
152435927
-685928782
-1594575092
-2575970182
-3632615737
-4767047948
-5981837512
-7279589632
-8662944017
