110643218916139
101075185903412
91951093517654
83259033659668
74987244443681
67124110197344
59658161461732
52578074991344
45872673754103
39530926931356
33541949917874
27895004321852
22579497964909
17584984882088
12901165321856
8517885746104
4425138830147
613063462724
-2928055254002
-6207786004444
-9235551259591
-12020627277008
-14572144100836
-16899085561792
-19010289277169
-20914446650836
-22620102873238
-24135656921396
-25469361558907
-26629323335944
-27623502589256
-28459713442168
-29145623804581
-29688755372972
-30096483630394
-30376037846476
-30534501077423
-30578810166016
-30515755741612
-30351982220144
-30093987804121
-29748124482628
-29320598031326
-28817468012452
-28244647774819
-27607904453816
-26912858971408
-26164986036136
-25369614143117
-24531925574044
-23656956397186
-22749596467388
-21814589426071
-20856532701232
-19879877507444
-18888928845856
-17887845504193
-16880640056756
-15871178864422
-14863182074644
-13860223621451
-12865731225448
-11882986393816
-10915124420312
-9965134385269
-9035859155596
-8129995384778
-7250093512876
-6398557766527
-5577646158944
-4789470489916
-4035996345808
-3319043099561
-2640283910692
-2001245725294
-1403309276036
-847709082163
-335533449496
132275529568
554921976056
931756224419
1262274822532
1546120531694
1783082326628
1973095395481
2116241139824
2212747174652
2262987328384
2267481642863
2226896373356
2142043988554
2013883170572
1843518814949
1632202030648
1381330140056
1092446678984
767241396667
407550255764
15355432358
-407214684044
-857885490511
-1334236170688
-1833699694796
-2353562819632
-2890966088569
-3442903831556
-4006224165118
-4577628992356
-5153674002947
-5730768673144
-6305176265776
-6873013830248
-7430252202541
-7972716005212
-8496083647394
-8995887324796
-9467513019703
-9906200500976
-10307043324052
-10664988830944
-10974838150241
-11231246197108
-11428721673286
-11561627067092
-11624178653419
-11610446493736
-11514354436088
-11329680115096
-11050054951957
-10668964154444
-10179746716906
-9575595420268
-8849556832031
-7994531306272
-7003272983644
-5868389791376
-4582343443273
-3137449439716
-1525877067662
260350599356
2229356701229
4389410591272
6748927836224
9316470216248
12100745724931
15110608569284
18355059169742
21843244160164
25584456387833
29588134913456
33863865011164
38421378168512
43270552086479
48421410679468
53884124075306
59669008615244
65786526853957
