-410761022861735
-349149487224832
-291976533605302
-239041855629728
-190150703034805
-145113808560628
-103747314843980
-65872701311620
-31316711073571
88722183592
28506547303454
54094668766472
77006019796687
97388635468436
115385725813064
131135748925636
144772484071649
156425104793744
166218252018418
174272107162736
180702465241043
185620807971676
189134376883676
191346246423500
192355397061733
192256788399800
191141432276678
189096465875608
186205224830807
182547316334180
178198692242032
173231722181780
167715266658665
161714750162464
155292234274202
148506490772864
141413074742107
134064397676972
126509800590596
118795627120924
110965296637421
103059377347784
95115659404654
87169228012328
79252536533471
71395479595828
63625466198936
55967492820836
48444216524785
41076028065968
33881124998210
26875584780688
20073437884643
13486740900092
7125649642540
998492259692
-4888157661835
-10529407989800
-15921974939626
-21064109967688
-25955526664601
-30597327648508
-34991931458368
-39142999447244
-43055362675591
-46734948804544
-50188708989206
-53424544771936
-56451234975637
-59278362597044
-61916241700012
-64375844308804
-66668727301379
-68806959302680
-70803047577922
-72669864925880
-74420576572177
-76068567062572
-77627367156248
-79110580719100
-80531811617023
-81904590609200
-83242302241390
-84558111739216
-85864891901453
-87175149993316
-88500954639748
-89853862718708
-91244846254459
-92684219310856
-94181564884634
-95745661798696
-97384411595401
-99104765429852
-100912650963184
-102812899255852
-104809171660919
-106903886717344
-109098147043270
-111391666229312
-113782695731845
-116267951766292
-118842542200412
-121499893447588
-124231677360115
-127027738122488
-129876019144690
-132762489955480
-135671073095681
-138583571011468
-141479592947656
-144336481840988
-147129241213423
-149830462065424
-152410249769246
-154836150962224
-157073080440061
-159083248050116
-160826085584692
-162258173674324
-163333168681067
-164001729591784
-164211444911434
-163906759556360
-163028901747577
-161515809904060
-159302059536032
-156318790138252
-152493632083303
-147750633514880
-142010187241078
-135188957627680
-127199807491445
-117951724993396
-107349750532108
-95294903636996
-81684109861603
-66410127676888
-49361475364514
-30422357910136
-9472593896689
13612457602324
38961970129544
66709722950468
96994174160161
129958533789968
165750836914226
204524016756976
246435977798675
291649668882908
340333156323100
392659697009228
448807811514533
508961357202232
573309601332230
642047294167832
715374742082455
