1495752622918463
1295784330167740
1111390801231774
941805006505724
786282140825197
644099331039400
514555343584292
396970292055736
290685344782651
195062432400164
109483955422762
33352491817444
-33909495423127
-92859950707472
-144037518272144
-187961834608576
-225133820889929
-256035975397940
-281132665949770
-300870422324852
-315678228691739
-325967816034952
-332133954581828
-334554746229368
-333591916971085
-329591109323852
-322882174754750
-313779466107916
-302582130031391
-289574399403968
-275025885762040
-259191871726448
-242313603429329
-224618582940964
-206320860696626
-187621327923428
-168708009067171
-149756354219192
-130929531543212
-112378719702184
-94243400285141
-76651650234044
-59720434270630
-43555897323260
-28253656953767
-13899095784304
-567653924192
11674878603232
22772069433767
32676551435500
41349730281958
48761492025260
54889910669269
59720955742744
63248199872492
65472526356520
66401836737187
66050758374356
64440352018546
61597819384084
57556210722257
52354132394464
46035454445368
38649018176048
30248343717151
20891337602044
10640000339966
-439866010820
-12278950269875
-24804724561432
-37941736741244
-51611902823432
-65734799407333
-80227956104348
-95007147964790
-109986687904732
-125079719132855
-140198507577296
-155254734312496
-170159787986048
-184825057245545
-199162223165428
-213083551673834
-226502185979444
-239332438998331
-251490085780808
-262892655938276
-273459726070072
-283113212190317
-291777662154764
-299380548087646
-305852558808524
-311127892259135
-315144547930240
-317844619288472
-319174586203184
-319085607373297
-317533812754148
-314480595984338
-309892906812580
-303743543524547
-296011445369720
-286681984988236
-275747260837736
-263206389620213
-249065798708860
-233339518574918
-216049475214524
-197225782575559
-176907034984496
-155140599573248
-131982908706016
-107499752406137
-81766570782932
-54868746458554
-26901896994836
2027832679861
31803477843800
62296961555020
93368802224488
124867821189251
156630850285588
188482439422162
220234564153172
251686333251505
282623696281888
312819151174040
342031451795824
370005315526399
396471130829372
421144664825950
443726770868092
463903096111661
481343789089576
495703207284964
506619624704312
513714939450619
516594381296548
514846219257578
508041469165156
495733601239849
477458247664496
452732910157360
421056667545280
381909883336823
334753913295436
279030813012598
214163045480972
139553188667557
54583643086840
-41383660626052
-149007554142200
-268967923865741
-401966003360716
-548724665777918
-709988716281740
-886525184477023
