229688641
213990644
198760898
183993652
169683155
155823656
142409404
129434648
116893637
104780620
93089846
81815564
70952023
60493472
50434160
40768336
31490249
22594148
14074282
5924900
-1859749
-9285416
-16357852
-23082808
-29466035
-35513284
-41230306
-46622852
-51696673
-56457520
-60911144
-65063296
-68919727
-72486188
-75768430
-78772204
-81503261
-83967352
-86170228
-88117640
-89815339
-91269076
-92484602
-93467668
-94224025
-94759424
-95079616
-95190352
-95097383
-94806460
-94323334
-93653756
-92803477
-91778248
-90583820
-89225944
-87710371
-86042852
-84229138
-82274980
-80186129
-77968336
-75627352
-73168928
-70598815
-67922764
-65146526
-62275852
-59316493
-56274200
-53154724
-49963816
-46707227
-43390708
-40020010
-36600884
-33139081
-29640352
-26110448
-22555120
-18980119
-15391196
-11794102
-8194588
-4598405
-1011304
2560964
6112648
9637997
13131260
16586686
19998524
23361023
26668432
29915000
33094976
36202609
39232148
42177842
45033940
47794691
50454344
53007148
55447352
57769205
59966956
62034854
63967148
65758087
67401920
68892896
70225264
71393273
72391172
73213210
73853636
74306699
74566648
74627732
74484200
74130301
73560284
72768398
71748892
70496015
69004016
67267144
65279648
63035777
60529780
57755906
54708404
51381523
47769512
43866620
39667096
35165189
30355148
25231222
19787660
14018711
7918624
1481648
-5297968
-12425975
-19908124
-27750166
-35957852
-44536933
-53493160
-62832284
-72560056
-82682227
-93204548
-104132770
-115472644
-127229921
