-102671854501291557209
-75920997701837853880
-51637507181398093606
-29691263577520490480
-9956119852411589575
7690153834349624048
23365925253097616332
37185755231366195216
49260452781174401627
59697130226312400472
68599258329627371630
76066721420309400944
82195872521177371213
87079588475964853184
90807325076605996544
93465172190521420912
95135908887904106831
95899058569005286760
95830944091420336066
95004742897374664016
93490542141009604769
91355393815668308368
88663369881181631732
85475617391154029648
81850413620249445763
77843221191477203576
73506743203477897430
68890978357809283504
64043276086232170805
59008391677996312160
53828541407126295208
48543457659707433392
43190444061171656951
37804430603583403912
32418028772925511082
27061586676385105040
21763244169639493129
16548987984142054448
11442706854408130844
6466246645300917904
1639465479317355947
-3019711136125978984
-7495235181406984130
-11772880997412139024
-15840190158250614499
-19686416343968381696
-23302470213262321072
-26680864276194331408
-29815657766905438817
-32702401516329905752
-35338082824909340014
-37721070335306803760
-39851058905120922511
-41729014479599994160
-43357118964356097980
-44738715098079203632
-45878251325251280173
-46781226668860405064
-47454135603114873178
-47904412926157305808
-48140378632778759675
-48171182787132835936
-48006750395449789192
-47657726278750636496
-47135419945561266361
-46451750464626547768
-45619191337624439174
-44650715371880097520
-43559739553079987239
-42360069917985989264
-41065846427149510036
-39691487837625590512
-38251636575687015173
-36761103609538421032
-35234813322030406642
-33687748383373641104
-32134894623852973075
-30591185906541539776
-29071449000014876000
-27590348451065023120
-26162331457414638097
-24801572740431102488
-23521919417840631454
-22336835876442382768
-21259348644822565823
-20301991266068550640
-19476749170482976876
-18795004548297862832
-18267481222388714461
-17904189520988634376
-17714371150402430858
-17706444067720726864
-17887947353534069035
-18265486084647036704
-18844676206792350904
-19630089407344983376
-20625197988036265577
-21832319737667997688
-23252562804826557622
-24885770570597010032
-26730466521277215319
-28783799121091938640
-31041486684906958916
-33497762250943177840
-36145318453490728885
-38975252395623086312
-41977010521911174178
-45138333491137475344
-48445201049010140483
-51881776900877097088
-55430353584440158480
-59071297342469132816
-62782992995515932097
-66541788814628681176
-70321941394065826766
-74095560524010246448
-77832554063283357679
-81500572812059226800
-85064955384578678044
-88488673081863402544
-91732274764430067341
-94753831725004424392
-97508882561235419578
-99950378048409301712
-102028626012163731547
-103691236201201890784
-104883065160006591080
-105546161101554383056
-105619708780029665305
-105039974363538793400
-103740250306824188902
-101650800223978448368
-98698803761158452359
-94808301469299474448
-89900139676829290228
-83891915362382286320
-76697921027513569381
-68229089569413075112
-58392939153619677266
-47093518086735296656
-34231349689139010163
-19703377167701159744
-3402908488497461440
14780438750476885616
34960792446593090191
57256081119874659944
81788089040283292418
108682511355004766032
138069009215734831073
170081264905965100688
204857036968268941876
242538215331587366480
283270876438514922179
327205338372585583480
374496215985558642710
425302476024704601008
479787492260091059317
