-323797037942653639091
-268696798650717617572
-217710018814778383390
-170656697460960428084
-127361457987254727409
-87653493036232850344
-51366509367761068100
-18338672731714463128
11587447259308961873
38564932257274174948
62742570305995005878
84264910968420037172
103272320453918495059
119901036745566140480
134283224727431160080
146547031311860057200
156816640566763542869
165212328842902426796
171850519901173508362
176843840039895467612
180301173222094756247
182327716202791488616
183025033656285332708
182491113303441401144
180820421038976142169
178103956058743230644
174429305987019459038
169880702003790628420
164539073972037439451
158482105565021383376
151784289393570633016
144516982133365933760
136748459652226494557
128543972137395878908
119965799222827895858
111073305116472490988
101922993727561637407
92568563793895226744
83060964009126960140
73448448150050239240
63776630203884057185
54088539495558889604
44424675815002585606
34823064544426258772
25319311785610178147
15946659487189659232
6736040571940954976
-2283865935932853232
-11086579783515964571
-19647764361893967796
-27945171578867950246
-35958586731668606852
-43669773379670349145
-51062418217105414264
-58122075945777973964
-64836114147778243624
-71193658158196591255
-77185535937837646508
-82804222945934409682
-88043787012862360732
-92899833212853568277
-97369448736710798608
-101451147764521624696
-105144816338372535200
-108451657235063043475
-111374134838819796580
-113915920014010684286
-116081834977858948084
-117877798173157290193
-119310769140981982568
-120388693393406975908
-121120447286218008664
-121515782891626716047
-121585272870984739036
-121340255347497833386
-120792778778939978636
-119955546830367487117
-118841863246833112960
-117465576726100161104
-115841025791356596304
-113982983663929152139
-111906603135997440020
-109627361443308058198
-107161005137888700772
-104523494960762266697
-101730950714660968792
-98799596136740442748
-95745703771293856136
-92585539842466017415
-89335309126967484940
-86011099826788675970
-82628828441913975676
-79204184643035846149
-75752576144268935408
-72289073575864186408
-68828355356922946048
-65384652568111074179
-61971693824373052612
-58602650147646094126
-55290079839574251476
-52045873354222526401
-48881198170790978632
-45806443666328834900
-42831165988448597944
-39964032928040155519
-37212768791984889404
-34584099275869784410
-32083696336701537388
-29716123065620666237
-27484778560615618912
-25391842799236882432
-23438221511311091888
-21623491051655139451
-19945843272790283380
-18402030397656257030
-16987309892325377860
-15695389338716656441
-14518371307309905464
-13446698229859848748
-12469097272110230248
-11572525206507923063
-10742113284917038444
-9961112111333034802
-9210836514596826716
-8470610421108893941
-7717711727543390416
-6927317173562253272
-6072447214529311840
-5123910894224396659
-4050250717557448484
-2817687523282627294
-1390065356712421300
271203657568244047
2207194442987897048
4461524098274410748
7080407024740893928
10112710053571582097
13610007573107728484
17626636656133495030
22219752187161843380
27449381989720425875
33378481953637476544
40072991162327702096
47601887020078172912
56037240379334214037
65454270667985296172
75931401016650926666
87550313385966540508
100396003693869391319
114556836942884442344
130124602347410257444
147194568461004892088
165865538303671784345
186239904489145645876
208423704352178352926
232526675075824837316
258662308818728977435
