16632701504823348217
41766120096673753928
63996616523863315334
83478969237424893184
100363549665594248423
114796377341095933184
126919175028429181780
136869423851153801696
144780418419176064581
150781321956034597240
154997221426186272626
157549182662292100832
158554305492503120083
158125778867746287728
156372935989010371232
153401309434631839168
149312686287580752209
144205163262746654120
138173201834224462750
131307683362600361024
123695964222237687935
115421930928562829536
106566055265351109932
97205449412012682272
87413921070878419741
77262028594485806552
66817136112864828938
56143468660823866144
45302167305235581419
34351344272322813008
23346138074944465144
12338768639881399040
1378592435122323881
-9487842402850312184
-20216740941774431050
-30767006326322433664
-41100184650815309033
-51180409831936743232
-60974348481447228412
-70451144778898171808
-79582365344346004747
-88341944111066291656
-96706127198267839070
-104653417783806804640
-112164520976900806141
-119222288690843030480
-125811664515716342704
-131919628591107395008
-137535142478820735743
-142649094035592918424
-147254242285806610738
-151345162294204703552
-154918190038604419921
-157971367282611424096
-160504386448333930532
-162518535489096812896
-164016642762155713075
-165003021901411150184
-165483416690122629574
-165464945933622751840
-164956048332031321829
-163966427352969457648
-162506996104273699672
-160589822206710119552
-158228072666688429223
-155435958748976089912
-152228680849412421146
-148622373367622709760
-144634049579732318905
-140281546511080797056
-135583469808935987020
-130559138615208134944
-125228530439163999323
-119612226030140960008
-113731354250261127214
-107607536947145450528
-101262833826627827917
-94719687325469214736
-88000867484071732736
-81129416819192779072
-74128595196659135311
-67021824704081076440
-59832634523566479874
-52584605804434934464
-45301316535931849505
-38006286419942563744
-30722921743706454388
-23474460252531046112
-16283916022506120067
-9174024333217822888
-2167186540462775702
4714585051037816864
11449722314924057675
18017156430483248080
24396373009935778904
30567467225721021440
36511198937783218441
42209047820857375112
47643268491755150102
52796945636650746496
57654049138366802807
62199489203660283968
66419171490508372324
70300052235394358624
73830193380593533013
76998817701459076024
79796363933707949570
82214541900706787936
84246387640757788771
85886318534384604080
87130188431618231216
87975342779282903872
88420673748281983073
88466675360883848168
88115498618007787822
87371006626509891008
86238829726468937999
84726420618472291360
82843109490901786940
80600159147219624864
78010820133254260525
75090385864486295576
71856247753334368922
68327950336441047712
64527246401958718331
60478152116835477392
56207002154101022728
51742504820152544384
47115797182040615609
42360500194755083848
37512773828510961734
32611372196034318080
27697698679848168871
22815861059558368256
18012726639139499540
13337977374220766176
8844164999371882757
4586766155388966008
624237516580425778
-2981929081947143968
-6167151517003074157
-8863702250026729616
-11000653199801618080
-12503820615169499200
-13295709947744493551
-13295460724627191640
-12418791421118762914
-10577944333435064768
-7681630451420751553
-3634974331263383584
1660541031792463852
8307129330731091488
16410756074051567069
26081193713053616344
37432076769123514058
50580956961019974944
65649358332160044715
