62621155071010549
54651704272048154
47390384675754452
40797604808581798
34835023141808957
29465530745006840
24653233939504240
20363436951853568
16562624567296589
13218444783230158
10299691462671956
7776286987726226
5619264913049509
3800752619316380
2293953966685184
1073131948263772
113591343575237
-608338627976350
-1115321653640204
-1429031673853090
-1570170228773587
-1558483804816352
-1412781181186384
-1150950776413288
-789977994885539
-345962573384746
165864072380084
731121501238282
1336262900023253
1968557737038212
2616074415521920
3267662927114420
3912937505322773
4542259278986794
5146718925744788
5718119325499286
6248958213882781
6732410835723464
7162312598510960
7533141725862064
7840001910986477
8078604970152542
8245253496152980
8336823511770626
8350747123244165
8284995173733868
8138059896787328
7908937569805196
7597111167506917
7202533015396466
6725607443228084
6167173438472014
5528487299780237
4811205290452208
4017366291900592
3149374457117000
2209981864137725
1202271169509478
129638261755124
-1004225085160582
-2195348558365259
-3439500652613164
-4732206016819456
-6068762800594460
-7444260000777931
-8853594807973318
-10291489953082028
-11752511053837690
-13231083961340419
-14721512106591080
-16217993847025552
-17714639813048992
-19205490254570099
-20684532387535378
-22145717740463404
-23582979500979086
-24990249862347931
-26361477370010308
-27690644268115712
-28971783846057028
-30198997785004795
-31366473504441470
-32468501508695692
-33499492733476546
-34453995892407827
-35326714823562304
-36112525835995984
-36806495056282376
-37403895775046755
-37900225793500426
-38291224769974988
-38572891566456598
-38741501595120235
-38793624164863964
-38726139827843200
-38536257726004972
-38221532937622187
-37779883823827894
-37209609375149548
-36509406558043274
-35678387661428131
-34716097643220376
-33622531476867728
-32398151497883632
-31043904750381523
-29561240333609090
-27952126748482540
-26219069244120862
-24365127164380091
-22393931294387572
-20309701207076224
-18117262609718804
-15822064690462171
-13430197464861550
-10948409122414796
-8384123373096658
-5745456793893043
-3041236175335280
-281015868034384
2524904870784680
5365464530748733
8228822001802118
11102339227672436
13972563859336282
16825211908484981
19645150400990324
22416380030370304
25122017811254852
27744279732851573
30264463412411482
32662930748694740
34919090575436390
37011381314812093
38917253630903864
40613153083165808
42074502779889856
43275686031671501
44190029004875534
44789783375101780
45046108980650834
44929056475989797
44407549985218012
43449369755532800
42021134810695196
40088285604495685
37615066674219938
34564509294114548
30898414128852766
26577333887000237
21560555974480736
15806085148041904
9270626168720984
1909566455310557
-6323041262175722
-15474496289037388
-25593467312421430
-36730009747856555
