706909756030555733201
609815675035348535740
520183742535431742082
437666849561606445596
361927135888406708083
292635879779527777792
229473387733254307436
172128884227888572208
120300401467178687797
73694669125746828404
32027004094517444758
-4978799773854517868
-37590581919555401641
-66067925330184618152
-90662266795326430400
-111617007161121734776
-129167621584839843047
-143541769789450264340
-154959406318194487126
-163632890789157761204
-169767098149840879685
-173559528931731960976
-175200419504878230764
-174872852332457804000
-172752866225351466883
-169009566596714458844
-163805235716548254530
-157295442966272345788
-149629155093296023649
-140948846465590160312
-131390609326258991128
-121084264048111896584
-110153469388235184287
-98715832742563870948
-86883020400453464366
-74760867799251745412
-62449489778870550013
-50043390836357551136
-37631575380468040772
-25297657986236711920
-13119973649549440571
-1171688041715067692
10479092235962818790
21769209397614102004
32640344218230354151
43038905779093054520
52915921213201807504
62226925450702560616
70931850964315822505
78994917514764880972
86384521896204020986
93073127681646742700
99037154968393979467
104256870123462315856
108716275529012205668
112402999327776189952
115308185168487115021
117426381951306350468
118755433573252007182
119296368673627155364
119053290379448042543
118033266050872311592
116246217026627218744
113704808369437851608
110424338611455347185
106422629499685109884
101719915741415029538
96338734749643699420
90303816388508634259
83641972718714488256
76381987742961273100
68554507151372575984
60191928066923777621
51328288790870270260
41999158548175675702
32241527232940063316
22093695153828168055
11595162779497608472
786520484027104736
-10290661707655303352
-21593944374344038343
-33080128953127767124
-44705367993961182902
-56425275414236787188
-68195036753356671781
-79969519427304300752
-91703382983216292428
-103351189353954201376
-114867513112676300387
-126207051727409362460
-137324735815620442786
-148175839398788660732
-158716090156976981825
-168901779683403999736
-178689873739015718264
-188038122507057333320
-196905170847645014911
-205250668552337689124
-213035380598708820110
-220221297404918192068
-226771745084283691229
-232651495699853087840
-237826877518975818148
-242265885267874766384
-245938290386218046747
-248815751281690785388
-250871923584566902394
-252082570402280893772
-252425672573999613433
-251881538925194055176
-250432916522211134672
-248065100926845471448
-244766046450911170871
-240526476410813606132
-235339993382121200230
-229203189454137207956
-222115756484471497877
-214080596353612334320
-205103931219498159356
-195195413772089374784
-184368237487940124115
-172639246884770074556
-160029047776036198994
-146562117525504557980
-132266915301822081713
-117175992333088352024
-101326102161427384360
-84758310897559409768
-67518107475372656879
-49655513906495133892
-31225195534866410558
-12286571291309400164
7096076051897858483
26853489626450419072
46911328213444645804
67190055988806431408
87604832268719415157
108065401255053200884
128475981780791574998
148735157055460724500
168735764410557454999
188364785044977408728
207503233770443282560
226026048756933046024
243801981278108159321
260693485456741791340
276556608010147037674
291240877995605138636
304589196555793697275
316437726664214897392
326615782870623721556
334945721046456169120
341242828130257474237
345315211873110323876
346963690584063075838
345981682875557976772
342155097408859380191
