51234597232197379
35819519430603216
21948478873460370
9540735628044344
-1482151321938947
-11196352833414152
-19675798360997460
-26992204714057576
-33215104813776697
-38411876450211488
-42647771039354058
-45985942380192936
-48487475411774047
-50211414970261688
-51214794545999504
-51552665040571464
-51278123523862837
-50442341991121168
-49094596120017254
-47282294027706120
-45051005027887995
-42444488387869288
-39504722085623564
-36271931566852520
-32784618502046961
-29079589543547776
-25191985082606914
-21155308006448360
-17001452455329111
-12760732579600152
-8461911296767432
-4132229048552840
202567442044819
4518196413688848
8791812309643682
13001977020713912
17128631128183309
21153065146753848
25057890767484732
28827012100731416
32445596919084631
35900047900309408
39177973870284102
42268161045939416
45160544278197425
47846178294910600
50317208943800832
52566844435398456
54589326585981275
56379902060513584
57934793615585194
59251171342350456
60327123909467285
61161629806036184
61754528584539268
62106492103779288
62218995771818655
62094289788918464
61735370390477518
61145951089971352
60330433921891257
59293880684683304
58041984183687368
56581039474076152
54917915103794211
53060024356496976
51015296494489778
48792148001666872
46399453826450461
43846518624729720
41143048002799820
38299119760300952
35325155133157351
32231890036516320
29030346307687254
25731802949080664
22347767371147201
18889946635316680
15370218696937104
11800603648213688
8193234961147883
4560330730476400
914164916610234
-2732961411426312
-6368748833056603
-9980928333212648
-13557290059396076
-17085712078739112
-20554189135065553
-23950861405951744
-27264043259787554
-30482252012837352
-33594236686300983
-36589006763374744
-39455860946312360
-42184415913485960
-44764635076447053
-47186857336987504
-49441825844200510
-51520716751541576
-53415167973889491
-55117307944607304
-56619784372603300
-57915792999391976
-58999106356155017
-59864102520802272
-60505793875032730
-60919855861395496
-61102655740350767
-61051281347330808
-60763569849800928
-60238136504320456
-59474403413603717
-58472628283581008
-57233933180459574
-55760333287784584
-54054765663500107
-52121117997010088
-49964257366239324
-47590058994694440
-45005435008524865
-42218363193583808
-39237915752489234
-36074288061684840
-32738827428501031
-29244061848215896
-25603728761116184
-21832803809558280
-17947529595029181
-13965444435207472
-9905411121024302
-5787645673724360
-1633746101926851
2533278841313528
6688980901445612
10807443565360792
14861253304332039
18821470816952928
22657602272076662
26337570551755096
29827686494177761
33092620136610888
36095371958336432
38797244123591096
41157811724505355
43134894024042480
44684525698937562
45760928082636536
46316480408235205
46301691051418264
45665168773398324
44353593963854936
42311689883873615
39482193908884864
35805828771603198
31221273804966168
25665136185073385
