-295684804987860489929
-257866715816642716252
-222629134764452932474
-189849974353612520012
-159410902082031806851
-131197285295924176552
-105098136062520177260
-81006056042781630712
-58817181364115741245
-38431127493089204804
-19750934108142317950
-2683009972303086868
12862922194098663625
26973880840717181072
39733680714476676368
51222987986857214752
61519375381180606799
70697377299896299412
78828544951867266814
85981501479655901540
92221997086809905429
97612964165148180616
102214572422046720524
106084284007724500856
109276908642529370587
111844658744223942956
113837204555271486458
115301729270121815836
116282984162497183073
116823343712678168384
116962860734789571208
116739321504086301200
116188300884239269223
115343217454621278340
114235388637592914806
112894085825788439060
111346589509401676717
109618244403471909560
107732514575169766532
105711038571083114728
103573684544502950387
101338605382709289884
99022293834257060722
96639637636261992524
94203974641686508025
91727147946625614064
89219561017592792576
86690232818805891584
84146852939473016191
81595836721078419572
79042380384668393966
76490516158137161668
73943167403512766021
71402203744242962408
68868496192481109244
66341972276372058968
63821671167338049035
61305798807364592908
58791783036286371050
56276328719073121916
53755472873115532945
51224639795511131552
48678696190350176120
46112006296001546992
43518487012398637463
40891663028325244772
38224721948701461094
35510569421869564532
32741884266879910109
29911173600776820760
27010827965884478324
24033176457092814536
20970541849143402019
17815295723915345276
14559913597711171682
11197030048542722476
7719493843417043753
4120423065622277456
393260242013552368
-3468172529701124896
-7469618453674978897
-11616330908636574380
-15913018320603925282
-20363789035598603740
-24972096192359849099
-29740682595058676920
-34671525586011987988
-39765781918396677320
-45023732628963743173
-50444727910752396052
-56027131985804167718
-61768267977877020196
-67664362785159454783
-73710491952984621056
-79900524546544425880
-86227068023603642416
-92681413107214019129
-99253478658428388796
-105931756549014777514
-112703256534170513708
-119553451125236337139
-126466220462410507912
-133423797187462915484
-140406711316449187672
-147393735112424799661
-154361827958159183012
-161286081228849834670
-168139663164836425972
-174893763744314911655
-181517539556051638864
-187978058672097456160
-194240245520501822528
-200266825758026916385
-206018271142861744588
-211452744407336251442
-216526044130635427708
-221191549611513419611
-225400165741007637848
-229100267875152866596
-232237646707695372520
-234755453142807013781
-236594143167799349044
-237691422725837746486
-237982192588655492804
-237398493229267902223
-235869449694686425504
-233321216478632758952
-229676922394252953424
-224856615446831523337
-218777207706505555676
-211352420180978819002
-202492727688235872460
-192105303729256174787
-180093965360728193320
-166359118067763513004
-150797700636610945400
-133303130027370637693
-113765246246708181700
-92070257220568722878
-68100683666891069332
-41735303968321800823
-12849099044929377776
18686802773081749712
53005180872657032864
90242777485177715215
130540352813746723604
174042740160474559166
220898901053765188324
271261980375601933781
325289361488833365512
383142721364459191756
444988085708916150008
510995884091363898011
581341005070970904748
656202851324200341434
735765394772095972508
820217231707568046625
