-381221750142126500971
-323912868073287677072
-270745944076921805702
-221540977179153378400
-176122590777973370921
-134319977515953352244
-95966844152959593580
-60901356438867177380
-28966083986274106343
-7945143215412424
26121848134122734158
49567845408688915912
70470412889852359067
88965788560688824564
105186137305266499048
119259606035931885860
131310378820595696029
141458732010018739264
149821089365097814946
156510077184151603120
161634579430206555487
165299792858282786396
167607282142679963836
168655035004263200428
168537517337748944417
167345728338990870664
165167255632265771638
162086330397559448408
158183882497852601635
153537595606406722564
148221962334049984016
142308339356463131380
135865002541465373605
128957202076300274192
121647217594921642186
113994413305279423168
106055293116605590247
97883555766700035052
89530149949216458724
81043329440948262908
72468708229114440745
63849315638645467864
55225651459469193374
46635741073796730856
38115190583408349355
29697241936939364372
21412828057166028856
13290627968291424196
5357121923231351213
-2363353469099778848
-9848550116503053326
-17078253316209167152
-24034226627592531857
-30700156744885384580
-37061598369891897076
-43105919084702284724
-48822244224406915535
-54201401749810419160
-59235867120145795898
-63919708165788525704
-68248529960970677197
-72219419696495016668
-75830891552449117088
-79082831570919467116
-81976442528705580107
-84514188810034103120
-86699741279272925926
-88537922153645290016
-90034649875943897609
-91196883987245020660
-92032569999622609868
-92550584268862403684
-92760678867176037319
-92673426455915151752
-92300165158285502738
-91652943432061069816
-90744464942298165317
-89588033434049543372
-88197497605078508920
-86587195978573026716
-84771901775859830339
-82766767789118531200
-80587271254095727550
-78249158722819113488
-75768390936311587969
-73161087697305363812
-70443472742956076708
-67631818617556894228
-64742391545252624831
-61791396302753826872
-58794921092050917610
-55768882413128282216
-52728969936678382781
-49690591376815867324
-46668817363791678800
-43678326316707164108
-40733349316228183099
-37847614977299217584
-35034294321857480342
-32305945651547024128
-29674459420432850681
-27151003107715019732
-24745966090442758012
-22468904516228568260
-20328486175962338231
-18332435376525449704
-16487477813504887490
-14799285443907348440
-13272421358873350453
-11910284656391341484
-10715055314011808552
-9687639061561386748
-8827612253856968243
-8133166743419811296
-7601054753189649262
-7226533749238799600
-7003311313486272881
-6923490016411881796
-6977512289770350164
-7154105299305421940
-7440225817463970223
-7821005096110106264
-8279693739239288474
-8797606575692431432
-9354067531870014893
-9926354504446192796
-10489644233082902272
-11016957173143972652
-11479102368409234475
-11844622323788628496
-12079737878036314694
-12148293076464781280
-12011700043658953705
-11628883856190303668
-10956227415330958124
-9947516319767808292
-8553883738316618663
-6723755282636136008
-4402793879942198386
-1533844645721844152
1943120243552579035
6091056677709305204
10975903740163041064
16666638835200856996
23235332815268078045
30757205108254174912
39310678844778654946
48977435985476953136
59842472448286323103
71994153235731728092
85524267562211731964
100528083981284390188
117104405512953140833
135355624770952695560
155387779090034930614
177310605653254777816
201237596619256115555
