-471213826903561693679
-397213999283304126700
-328425026570365243246
-264633653383253719820
-205631683410483485965
-151215924283287833272
-101188132448333524388
-55354958040434902024
-13527889755267997963
24476800277915357932
58838111623573428710
89730370667160461324
117323285742412577623
141782002258633665344
163267157827981269104
181934937392752481392
197937128352669833561
211421175692167186820
222530237107675623226
231403238134909336676
238174927276151523899
242975931127540275448
245932809506354466692
247168110578299648808
246800425984793939773
244944445970253915356
241711014509380500110
237207184434444858364
231536272562574285215
224797914823038097520
217088121384533524888
208499331782471600672
199120470046263052961
189036999826604195572
178330979522762819042
167081117409864081620
155362826766176400259
143248281000397341608
130806468778939513004
118103249153216453464
105201406686928524677
92160706583348801996
79037949812608965430
65887028238985190636
52758979748184039911
39702043374628353184
26761714428743139008
13980799624241465552
1399472205410351593
-10944672925603342492
-23016564081507023734
-34783597662576475580
-46215583029369966901
-57284687375442361000
-67965380600059224620
-78234380180910936952
-88070596046826798643
-97455075450489140804
-106370947841147434018
-114803369737332397348
-122739469599570107345
-130168292703096107056
-137080746010569515032
-143469543044787134336
-149329148761397561551
-154655724421615295788
-159447072464934847694
-163702581381844848460
-167423170586542158829
-170611235289645978104
-173270591370911953156
-175406420251946287432
-177025213768919849963
-178134719045282284372
-178743883364476117882
-178862799042650870324
-178502648301377163145
-177675648140360828416
-176394995210157017840
-174674810684884311760
-172530085134938828167
-169976623399708331708
-167030989460286342694
-163710451312186246108
-160032925838055400613
-156016923680389247560
-151681494114245419996
-147046169919957851672
-142130912255850886051
-136956055530953385316
-131542252277712839378
-125910418024709474884
-120081676169370364225
-114077302850683534544
-107918671821912076744
-101627199323308254496
-95224288954827613247
-88731276548843089228
-82169375042859118462
-75559619352225745772
-68922811242852733789
-62279464203923671960
-55649748320610085556
-49053435146785544680
-42509842577739773275
-36037779722892758132
-29655491778508857898
-23380604900410912084
-17230071076694350073
-11220113000441300128
-5366168942434698400
317162376127602064
5816176910918722313
11118120421768648484
16211243599950122794
21084857195464534532
25729387144327811051
30136429695856308760
34298806539952704116
38210619934391884616
41867307832106839789
45265699008474552188
48404068188601888382
51282191174611489948
53901399972927664463
56264637921562276496
58376514817400638600
60243362043487402304
61873287696312449105
63276231713096781460
64464020999078413778
65450424554798263412
66251208603386041651
66884191717846144712
67369299948343544732
67728621949489680760
67986464107628349749
68169405668121597548
68306353862635609894
68428599036426603404
68569869775626716567
68766388034529900736
69056924262877811120
69482852533145697776
70088205667828296601
70919730366725720324
72026942334229349498
73462181406607723492
75280666679292431483
77540551634164003448
80302979266837801156
83632137213949909160
87595312880443025789
92262948566852354140
97708696596591493070
104009474443238328188
111245519857820922847
