332370703299183004729
296785275392118091880
263781208229971782854
233228382450292291744
205000651015286163623
178975784084532383552
155035413887696485588
133064979597244661792
112953672201157871237
94594379375645949016
77883630357861715250
62721540818615084096
49011757735087172755
36661404263544410480
25581024612052647584
15684528913191264448
6889138096767280529
-884671237470536632
-7713221947117562402
-13669691474399206048
-18824166973456801729
-23243700437633499488
-26992363826760156244
-30131304194441226784
-32718798815340654755
-34810310312467763656
-36458541784463147830
-37713491932884563456
-38622510189492819541
-39230351843537668912
-39579233169043699208
-39708886552096223872
-39656615618127173143
-39457350359200985048
-39143702261300496394
-38746019431612833760
-38292441725815304489
-37808955875361287680
-37319450614766125180
-36845771808893012576
-36407777580238890187
-36023393436220334056
-35708667396459446942
-35477825120069749312
-35343325032942070333
-35315913455030438864
-35404679727637974448
-35617111340702778304
-35959149060083824319
-36435242054846850040
-37048403024550247666
-37800263326530955040
-38691128103190346641
-39720031409280124576
-40884791339188209572
-42182065154224631968
-43607404409907422707
-45155310083248504328
-46819287700039581958
-48591902462138034304
-50464834374752804645
-52428933373730291824
-54474274452840241240
-56590212791061635840
-58765438879868587111
-60988033650516226072
-63245523601326594266
-65524935924974534752
-67812853635773583097
-70095470696961858368
-72358647147987954124
-74587964231796829408
-76768779522115699739
-78886282050739928104
-80925547434818915950
-82871593004141994176
-84709432928424314125
-86424133344592738576
-88000867484071732736
-89424970800069255232
-90681996094862649103
-91757768647084532792
-92638441339008691138
-93310549783835966368
-93761067452980149089
-93977460803353869280
-93947744404654487284
-93660536066649984800
-93105111966464855875
-92271461775865997896
-91150343788548602582
-89733340047422046976
-88012911471895784437
-85982452985165235632
-83636348641497679528
-80970026753518144384
-77980015019495298743
-74663995650627342424
-71020860498327897514
-67050766181511899360
-62755189213881487561
-58136981131211896960
-53200423618637348636
-47951283637936940896
-42396868554820540267
-36546081266214672488
-30409475327548413502
-23999310080039280448
-17329605777979122653
-10416198716020012624
-3276796356460137040
4068967543470312256
11599477804323247265
19291082697146792840
27118038816199395694
35052455951663933408
43064241962361823439
51121047648467132128
59188211624220683708
67228705190644169312
75203077208254255981
83069398969776695672
90783209072860434266
98297458292791720576
105562454455208215355
112525807308813100304
119132373398089187080
125324200936013026304
131040474676769016569
136217460788463513448
140788451725838938502
144683711102987888288
147830418566067243367
150152614666012277312
151571145731250765716
152003608740417095200
151364296195066372421
149564140992388533080
146510661297922450930
142107905418270046784
136256396673810397523
128853078271413845104
119791258177156105568
108960553989032378048
96246837809671453777
81532181119049825096
64694799647205794462
45608998246953583456
24145115766597441791
169469922645756320
-26455697827474839956
-55872277412705358880
-88226345275640348131
-123668219499813782216
-162352514936984953462
-204438198334424363008
-250088643462199611797
