869233888534904743123
744580231636442193524
629638311569460540158
523943229546599627908
427043090499821216657
338498837698551308312
257884087367822473828
184784963306416180232
118799931505005117647
59539634764295526316
6626727313169523626
-40304290573172568868
-81607237955069898419
-117624418610258754064
-148686786415730239600
-175114110729587946560
-197215141772905627189
-215287776011584867420
-229619221538212759850
-240486163453919576716
-248154929250236442871
-252881654190953008760
-254912446693975123396
-254483553713182507336
-251821526120286425657
-247143384086687360932
-240656782465332686206
-232560176172574337972
-223042985570026489147
-212285761846423222048
-200460352399476201368
-187730066217732347152
-174249839262431507773
-160166399849364132908
-145618434030728946514
-130736750976990619804
-115644448358737444223
-100457077728539004424
-85282809902803851244
-70222600343637174680
-55370354540698476865
-40813093393059245044
-26631118591060624550
-12898177998171091780
318368967155872829
12957385949624111824
24963794275237117760
36288407569440360224
46887766375263612859
56723972771463280388
65764524990664725638
73982152037504596564
81354648306773153273
87864708201556595048
93499760751379387372
98251804230346588952
102117240775286178743
105096711003891382972
107194928632863002162
108420515096051738156
108785834162600521141
108306826555086836672
107002844567665052696
104896486684208746576
102013432196453032115
98382275822136886580
94034362323145477726
89003621123652490820
83326400928262455665
77041304340153073624
70189022479217544644
62812169600206894280
54955117710872300719
46663831190107421804
37985701406090722058
28969381334427799708
19664620176293713709
10122097976575310768
393260242013552368
-9469847440654158208
-19414744786551648853
-29388682194521651612
-39338806128983475658
-49212324501790680268
-58956672054088747799
-68519675738172756664
-77849720099345054308
-86895912657772930184
-95608249290346288729
-103937779612535322340
-111836772360248184350
-119258880771688662004
-126159307969213849435
-132494972341191820640
-138224672923859302456
-143309254783179347536
-147711774396699007325
-151397665035407005036
-154334902145591408626
-156494168730697303772
-157849020733184466847
-158376052416385037896
-158055061746361193612
-156869215773762820312
-154805216015685186913
-151853463837526617908
-148008225834846166342
-143267799215221286788
-137634677180105508323
-131115714306686107504
-123722291929741781344
-115470483523500320288
-106381220083496281189
-96480455508428660284
-85799331982018566170
-74374345354866892780
-62247510526311992359
-49466526826287348440
-36084943397179248820
-22162324575684458536
-7764415274667892841
7036693634979709820
22162399942484114834
37527424715329918444
53039646917402874773
68599938027132222848
84101996655633013624
99432183164848437008
114469354285692148883
129084697736190598132
143141566839625353662
156495315142675431428
168993131033559621457
180473872360178814872
190767901048258330916
199696917719490243976
207073796309675710607
212702418686867296556
216377509269511303786
217884469644590097500
216999213185764433165
213487999671515783536
207107269903288665680
197603480323632968000
184712937634346277259
168161633414616205604
147665078739162717590
122928138796380457204
93644867506481074889
59498342139635554568
20160497934116540668
-24708037285559334856
-75458108490489125497
-132452198829241243172
-196064595009713131198
-266681552680988937268
-344701461815197186427
