110715787
104169548
97796342
91594252
85561361
79695752
73995508
68458712
63083447
57867796
52809842
47907668
43159357
38562992
34116656
29818432
25666403
21658652
17793262
14068316
10481897
7032088
3716972
534632
-2516849
-5439388
-8234902
-10905308
-13452523
-15878464
-18185048
-20374192
-22447813
-24407828
-26256154
-27994708
-29625407
-31150168
-32570908
-33889544
-35107993
-36228172
-37251998
-38181388
-39018259
-39764528
-40422112
-40992928
-41478893
-41881924
-42203938
-42446852
-42612583
-42703048
-42720164
-42665848
-42542017
-42350588
-42093478
-41772604
-41389883
-40947232
-40446568
-39889808
-39278869
-38615668
-37902122
-37140148
-36331663
-35478584
-34582828
-33646312
-32670953
-31658668
-30611374
-29530988
-28419427
-27278608
-26110448
-24916864
-23699773
-22461092
-21202738
-19926628
-18634679
-17328808
-16010932
-14682968
-13346833
-12004444
-10657718
-9308572
-7958923
-6610688
-5265784
-3926128
-2593637
-1270228
42182
1341676
2626337
3894248
5143492
6372152
7578311
8760052
9915458
11042612
12139597
13204496
14235392
15230368
16187507
17104892
17980606
18812732
19599353
20338552
21028412
21667016
22252447
22782788
23256122
23670532
24024101
24314912
24541048
24700592
24791627
24812236
24760502
24634508
24432337
24152072
23791796
23349592
22823543
22211732
21512242
20723156
19842557
18868528
17799152
16632512
15366691
13999772
12529838
10954972
9273257
7482776
5581612
3567848
1439567
-805148
-3168214
-5651548
-8257067
