155818911248025625873
151802066245277918540
147404276401939098122
142660507331212210684
137604472987770653435
132268654043520138392
126684316263360656044
120881528880948439016
114889182974457925733
108735009842343724084
102445599379102575086
96046418451035316548
89561829272008846735
83015107779218088032
76428462008947950608
69823050472335296080
63219000531130901177
56635426773461421404
50090449389591354706
43601212547685005132
37183902769568446499
30853767306491486056
24625132514889628148
18511422232146037880
12525176152353504781
6678068202076406468
980924916112672310
-4556256186744252908
-9924288227943445321
-15114776593414538320
-20120100557805758888
-24933394908721963936
-29548531570962676639
-33960101230760122772
-38163394960017267046
-42154385840545849444
-45929710588304421557
-49486651177636382920
-52823116465508017348
-55937623815746529272
-58829280723278080075
-61497766438365824428
-63943313590847946626
-66166689814375696924
-68169179370651427873
-69952564773666630656
-71519108413939971424
-72871534182755327632
-74013009096399824375
-74947124920401870724
-75677879793769196062
-76209659853226886420
-76547220857455420813
-76695669811328707576
-76660446590152120700
-76447305563900536168
-76062297221456368291
-75511749794847606044
-74802250883485849402
-73940629078404345676
-72933935586496025849
-71789425854751540912
-70514541194497298200
-69116890405633497728
-67604231400872168527
-65984452829975204980
-64265555703992403158
-62455635019499497156
-60562861382836195429
-58595462634344217128
-56561705472605328436
-54469877078679378904
-52328266740342337787
-50145147476324330380
-47928757660547674354
-45687282646364916092
-43428836390796867025
-41161443078770639968
-38893018747357685456
-36631352910011828080
-34384090180807302823
-32158711898676791396
-29962517751649458574
-27802607401088988532
-25685862105931621181
-23618926346924188504
-21608189450862150892
-19659767214827633480
-17779483530427462483
-15972852008031201532
-14245057601009188010
-12600938229970569388
-11044966407001339561
-9581230859902375184
-8213418156427472008
-6944794328521381216
-5778186496557845759
-4715964493577636692
-3760022489526589510
-2911760615493640484
-2172066587948862997
-1541297332981503880
-1019260610538019748
-605196638660113336
-297759717722769835
-94999854672293228
5655612735657374
7420391698031396
-85832389873649537
-269551807591327936
-538490764828446784
-886687616957985872
-1307447795590498135
-1793325432812145988
-2336104985422737662
-2926782859173763540
-3555549033006432493
-4211768683289708216
-4883963808058345564
-5559794851250926888
-6226042326947898371
-6868588443609606364
-7472398728314333722
-8021503650996336140
-8498980248683878489
-8886933749737271152
-9166479198086906360
-9317723077471294528
-9319744935675100591
-9150579008767180340
-8787195845338616758
-8205483930740756356
-7380231311323245509
-6285107218672066792
-4892643693847575316
-3174217211622535064
-1100030304720155227
1360906811947873460
4240794617043342382
7573062658563488708
11392387929602959055
15734713244115773152
20637265612677287504
26138574618246159056
32278490791926308857
39098203988728885724
46640261763334229906
54948587745853836748
64068500017592320355
74046729486809377256
84931438264481750068
96772238040065191160
109620208457256426317
123527915489755118404
138549429817025831030
154740345200059992212
172157796857137858039
