-81162066252174504961
-67382278300546828892
-54727284517014399038
-43138189992496591156
-32557977305707254287
-22931478959511765260
-14205349817284083196
-6328039539263804012
750234981086785075
7077517180725651044
12700138390673960566
17662745399659025500
22008328017757248389
25778246640037067956
29012259810201904600
31748551784233105892
34023760094032892071
35873003111067301540
37329907610009136362
38426636332380907756
39193915550197781593
39661062629610523892
39856013594548446316
39805350690362351668
39534329947467479387
39066908744986451044
38425773374392215838
37632366603150996092
36706915238365232749
35668457690416530868
34534871536608605120
33322901084810225284
32048184937098161743
30725283553400130980
29367706815137741074
27987941588869437196
26597479289933447105
25206843446090726644
23825617261167905236
22462471178700231380
21125190445574518147
19820702675672088676
18555105413511721670
17333693697892596892
16160987625537240661
15040759914734471348
13976063468982344872
12969258940631100196
12022042294526104823
11135472371650800292
10309998452769647674
9545487822071073068
8841253330810413097
8196080960952860404
7608257388816409148
7075597548714800500
6595472196600468139
6164835473707483748
5780252470194502510
5437926788787708604
5133728108423760701
4863219747892737460
4621686229481083024
4404160842614552516
4205453207501157535
4020176838774111652
3842776709134775906
3667556812995604300
3488707730123089297
3300334189280707316
3096482631871864228
2871168775582840852
2618405178025738451
2332228800381424228
2006728571042476822
1636072949256131804
1214537488767227173
736532401461148852
196630121006776184
-410407133500572572
-1089599793896194745
-1845723379303057756
-2683280932488853622
-3606475456223053460
-4619182349633961991
-5724921844565772044
-6926831441935619060
-8227638348090635596
-9629631911165005829
-11134636057437020060
-12743981727686129218
-14458479313549999364
-16278391093881566195
-18203403671106089548
-20232600407578207904
-22364433861938992892
-24596698225473003793
-26926501758465342044
-29350239226558705742
-31863564337110444148
-34461362175549612191
-37137721641734024972
-39885907886307312268
-42698334747055973036
-45566537185266429917
-48481143722082083740
-51431848874860368026
-54407385593529803492
-57395497696947052555
-60382912309253973836
-63355312296234676664
-66297308701672575580
-69192413183707444841
-72023010451192472924
-74770330700051317030
-77414422049635157588
-79934122979079752759
-82307034763662492940
-84509493911159455268
-86516544598202458124
-88301911106636115637
-89837970259874892188
-91095723859260156914
-92044771120417238212
-92653281109612478243
-92887965180110287436
-92714049408530198992
-92095247031203923388
-90993730880532402881
-89370105821342866012
-87183381187245882110
-84390943216992415796
-80948527490830881487
-76810191366864197900
-71928286417406842556
-66253430865341906284
-59734482020478147725
-52318508715907047836
-43950763744359864394
-34574656294564686500
-24131724387603489083
-12561607313269187404
197981933577308440
14211284216650039012
29544521821880941031
46265926021062792868
64445764635492160042
84156369599612340716
105472164524656311193
128469692262289671412
153227642468253590444
179826879166007751988
208350468310373299867
238883705351175783524
271514142796888103518
306331617778273457020
343428279612028283309
