-74852762998
-56771433143
-40394608586
-25633125823
-12400443806
-612609437
9811776938
18951596035
26883244138
33680667605
39415397374
44156583469
47971029506
50923227199
53075390866
54487491935
55217293450
55320384577
54850215110
53858129977
52393403746
50503275131
48232981498
45625793371
42723048938
39564188557
36186789262
32626599269
28917572482
25091902999
21180059618
17210820343
13211306890
9207019193
5221869910
1278218929
-2603092126
-6402705389
-10102712246
-13686618829
-17139311510
-20447022395
-23597294818
-26578948835
-29382046718
-31997858449
-34418827214
-36638534897
-38651667574
-40453981007
-42042266138
-43414314583
-44568884126
-45505664213
-46225241446
-46729065077
-47019412502
-47099354755
-46972722002
-46644069035
-46118640766
-45402337721
-44501681534
-43423780441
-42176294774
-40767402455
-39205764490
-37500490463
-35661104030
-33697508413
-31619951894
-29438993309
-27165467542
-24810451019
-22385227202
-19901252083
-17370119678
-14803527521
-12213242158
-9611064641
-7008796022
-4418202847
-1850982650
681270553
3167100770
5595224539
7954565434
10234288571
12423835114
14512956781
16491750350
18350692165
20080672642
21673030775
23119588642
24412685911
25545214346
26510652313
27303099286
27917310353
28348730722
28593530227
28648637834
28511776147
28181495914
27657210533
26939230558
26028798205
24928121858
23640410575
22169908594
20521929839
18702892426
16720353169
14583042086
12300896905
9885097570
7348100747
4703674330
1966931947
-845632534
-3716110499
-6625144082
-9551891659
-12473993342
-15367536473
-18207021118
-20965325561
-23613671798
-26121591031
-28456889162
-30585612287
-32472012190
-34078511837
-35365670870
-36292151101
-36814682006
-36888026219
-36464945026
-35496163859
-33930337790
-31714017025
-28791612398
-25105360865
-20595290998
-15199188479
-8852561594
-1488606727
6961826146
16570267963
27410665082
39559413787
53095394794
68100007757
84657205774
102853529893
122778143618
