-33382581760619
-26786111715412
-20595239549206
-14798057162804
-9382802670433
-4337860399744
348239108188
4686819098864
8689056604361
12365982443332
15728481221006
18787291329188
21553004946259
24036068037176
26246780353472
28195295433256
29891620601213
31345616968604
32566999433266
33565336679612
34350051178631
34930419187888
35315570751524
35514489700256
35536013651377
35388834008756
35081495962838
34622398490644
34019794355771
33281790108392
32416346085256
31431276409688
30334248991589
29132785527436
27834261500282
26445906179756
24974802622063
23427887669984
21811951952876
20133639886672
18399449673881
16615733303588
14788696551454
12924398979716
11028753937187
9107528559256
7166343767888
5210674271624
3245848565581
1277048931452
-690688562494
-2652474061412
-4603563923881
-6539360721904
-8455413240908
-10347416479744
-12211211650687
-14042786179436
-15838273705114
-17593954080268
-19306253370869
-20971743856312
-22587144029416
-24149318596424
-25655278477003
-27102180804244
-28487328924662
-29808172398196
-31062306998209
-32247474711488
-33361563738244
-34402608492112
-35368789600151
-36258433902844
-37070014454098
-37802150521244
-38453607585037
-39023297339656
-39510277692704
-39913752765208
-40233072891619
-40467734619812
-40617380711086
-40681800140164
-40660928095193
-40554845977744
-40363781402812
-40088108198816
-39728346407599
-39285162284428
-38759368297994
-38151923130412
-37463931677221
-36696645047384
-35851460563288
-34929921760744
-33933718388987
-32864686410676
-31724808001894
-30516211552148
-29241171664369
-27902109154912
-26501591053556
-25042330603504
-23527187261383
-21959166697244
-20341420794562
-18677247650236
-16970091574589
-15223543091368
-13441338937744
-11627362064312
-9785641635091
-7920353027524
-6035817832478
-4136503854244
-2227025110537
-312141832496
1603239535316
3514066334912
5415139694881
7301114530388
9166499543174
11005657221556
12812803840427
14582009461256
16307197932088
17982146887544
19600487748821
21155705723692
22641139806506
24049982778188
25375281206239
26609935444736
27746699634332
28778181702256
29696843362313
30495000114884
31164821246926
31698329831972
32087402730131
32323770588088
32399017839104
32304582703016
32031757186237
31571687081756
30915371969138
30053665214524
28977273970631
27676759176752
26142535558756
24364871629088
22333889686769
20039565817396
17471729893142
14620065572756
11474110301563
