109007809873058395
95091352048192430
82228335511370204
70368704847063010
59463791368123859
49466295769253216
40330270780464736
32011103820551000
24465499650549251
17651463027207130
11528281356448412
6056507346838742
1197941663051371
-3084384420667108
-6826226367031024
-10062143722249892
-12825517462562677
-15148567340772058
-17062369232778692
-18596872484115478
-19780917256481821
-20642251874277896
-21207550171138912
-21502428836469376
-21551464761977357
-21378212388208750
-21005221051081540
-20454052328420066
-19745297386489285
-18898594326529036
-17932645531288304
-16865235011559484
-15713245752712645
-14492677061229794
-13218661911239140
-11905484291049358
-10566596549683853
-9214636743415024
-7861445982298528
-6518085776707544
-5194855383867037
-3901309154388022
-2646273878801828
-1437866134094362
-283509630240373
810047443262284
1836715070858384
2791044064401068
3668208716617579
4463989454574998
5174755493145980
5797447488474490
6329560191441539
6769125101130920
7114693118294944
7365317198820176
7520535007193171
7580351569966210
7545221929223036
7416033796044590
7194090203974747
6881092162486052
6479121310445456
5990622569580052
5418386797942811
4765533443378318
4035493196988508
3231990646598402
2359026930221843
1420862389527232
421999223303264
-632835859075336
-1738708984182077
-2890496461072966
-4082902127820772
-5310474698049290
-6567625107467605
-7848643860404356
-9147718376342000
-10458950336451076
-11776373030124469
-13093968701511674
-14405685896053060
-15705456807014134
-16987214622019805
-18244910869588648
-19472532765667168
-20664120560164064
-21813784883484493
-22915724093064334
-23964241619904452
-24953763315104962
-25878854796399493
-26734238794689452
-27514812500578288
-28215664910905756
-28832094175282181
-29359624942622722
-29794025707681636
-30131326157586542
-30367834518372685
-30500154901517200
-30525204650473376
-30440231687204920
-30242831858720221
-29930966283606614
-29502978698564644
-28957612804942330
-28294029615269429
-27511824799791700
-26611046033005168
-25592210340190388
-24456321443946709
-23204887110726538
-21839936497369604
-20364037497637222
-18780314088746557
-17092463677904888
-15304774448843872
-13422142708353808
-11450090232817901
-9394781614746526
-7263041609311492
-5062372480880306
-2800971349550437
-487747537683580
1867660083560080
4254865747687604
6662719446339035
9079289582753134
11491845625233116
13886840760612386
16249894547720275
18565775570847776
20818384093213280
22990734710428312
25064939003963267
27022188194613146
28842735795963292
30505880267855126
31989947669851883
33272274314704348
34329189421816592
35135997770711708
35666962354497547
35895287033332454
35793099187891004
35331432372829738
34480208970252899
33208222843178168
31483121989002400
29271391192967360
26538334681625459
23248058776305490
19363454546578364
14846180463722846
9656645054191291
