602512543567881783109
498375913205344076588
403289180108612271362
316796040809360952508
238453195558586620103
167830182944750016248
104509214511918452092
48085009377908134856
-1835371147573505143
-45632688944785487468
-83675694465810954538
-116321292116414844604
-143914705637901564725
-166789643488972663744
-185268464227584505264
-199662341892805940624
-210271431386675981875
-217385033856061474756
-221281762074514771670
-222229705824131404660
-220486597277407758385
-216299976379098743096
-209907356228075467612
-201536388459182912296
-191405028625097602031
-179721701578185279196
-166685466852358576642
-152486184044934690668
-137304678198493053997
-121312905182733008752
-104674117076331479432
-87543027548800645888
-70065977242345616299
-52381099153722100148
-34618484016094081198
-16900345680891490468
658813500332120791
17952037294041908120
34879750202864060876
51349592083728129256
67276252766009351321
82581306669670980020
97193047423406610214
111046322482782505700
124082367748379926235
136248642183937454560
147498662434493323424
157791837444527742608
167093303076105225949
175373756727016918364
182609291948922922874
188781233065494627628
193875969790557032927
197884791846231078248
200803723581075969268
202633358588231504888
203378694323560404257
203048966723790633796
201657484824657734222
199221465379047147572
195761867475136544227
191303227154538149936
185873492030441072840
179503855905753630496
172228593391245676901
164084894523690929516
155112699384009296290
145354532715409202684
134855338541529918695
123662314784583885880
111824747883499044380
99393847412061159944
86422580697056150953
72965507436412415444
59078614317343158134
44819149634488717444
30245457908058892523
15416814501975270272
393260242013552368
-14764563966054117712
-29995582518316827667
-45238450494582569348
-60431719040235911734
-75514000748095673908
-90424135040272598033
-105101353550027022328
-119485445503626554044
-133516923102203742440
-147137186903613751759
-160288691204292034204
-172915109421112002914
-184961499473242704940
-196374469164006494221
-207102341562736704560
-217095320386635322600
-226305655382630660800
-234687807709235030411
-242198615318402414452
-248797458337386140686
-254446424450596554596
-259110474281458692361
-262757606774269953832
-265359024576057775508
-266889299418437303512
-267326537499469066567
-266652544865516648972
-264852992793104363578
-261917583170774924764
-257840213880947121413
-252619144181773489888
-246257160088997987008
-238761739757813663024
-230145218864720334595
-220424955989382257764
-209623497996485800934
-197768745417597117844
-184894117833019820545
-171038719253652652376
-156247503502847160940
-140571439598265371080
-124067677133737457855
-106799711661119419516
-88837550072150750482
-70257875980312114316
-51144215102683016701
-31587100641799478416
-11684238667511708312
8459326501158223712
28731046914158713733
49010705608550950828
69170251226651244098
89073632634173349692
108576633538370797831
127526707106179219832
145762810582358675132
163115239907635978312
179405464336847026121
194445961057079124500
208040049805813315606
219981727489066704836
230055502799534787851
238036230834733777600
243688947715142931344
246768705202346877680
247020405317177943565
244178634957858481340
237967500518143195754
228100462505461470988
214280170159059697679
196198296068143599944
173535370790020562404
145960617468241957208
113131786450745471057
74694989907997432228
30284536451135137598
-20477234249890820332
-77980116848174226413
