65649358332160044715
50580956961019974944
37432076769123514058
26081193713053616344
16410756074051567069
8307129330731091488
1660541031792463852
-3634974331263383584
-7681630451420751553
-10577944333435064768
-12418791421118762914
-13295460724627191640
-13295709947744493551
-12503820615169499200
-11000653199801618080
-8863702250026729616
-6167151517003074157
-2981929081947143968
624237516580425778
4586766155388966008
8844164999371882757
13337977374220766176
18012726639139499540
22815861059558368256
27697698679848168871
32611372196034318080
37512773828510961734
42360500194755083848
47115797182040615609
51742504820152544384
56207002154101022728
60478152116835477392
64527246401958718331
68327950336441047712
71856247753334368922
75090385864486295576
78010820133254260525
80600159147219624864
82843109490901786940
84726420618472291360
86238829726468937999
87371006626509891008
88115498618007787822
88466675360883848168
88420673748281983073
87975342779282903872
87130188431618231216
85886318534384604080
84246387640757788771
82214541900706787936
79796363933707949570
76998817701459076024
73830193380593533013
70300052235394358624
66419171490508372324
62199489203660283968
57654049138366802807
52796945636650746496
47643268491755150102
42209047820857375112
36511198937783218441
30567467225721021440
24396373009935778904
18017156430483248080
11449722314924057675
4714585051037816864
-2167186540462775702
-9174024333217822888
-16283916022506120067
-23474460252531046112
-30722921743706454388
-38006286419942563744
-45301316535931849505
-52584605804434934464
-59832634523566479874
-67021824704081076440
-74128595196659135311
-81129416819192779072
-88000867484071732736
-94719687325469214736
-101262833826627827917
-107607536947145450528
-113731354250261127214
-119612226030140960008
-125228530439163999323
-130559138615208134944
-135583469808935987020
-140281546511080797056
-144634049579732318905
-148622373367622709760
-152228680849412421146
-155435958748976089912
-158228072666688429223
-160589822206710119552
-162506996104273699672
-163966427352969457648
-164956048332031321829
-165464945933622751840
-165483416690122629574
-165003021901411150184
-164016642762155713075
-162518535489096812896
-160504386448333930532
-157971367282611424096
-154918190038604419921
-151345162294204703552
-147254242285806610738
-142649094035592918424
-137535142478820735743
-131919628591107395008
-125811664515716342704
-119222288690843030480
-112164520976900806141
-104653417783806804640
-96706127198267839070
-88341944111066291656
-79582365344346004747
-70451144778898171808
-60974348481447228412
-51180409831936743232
-41100184650815309033
-30767006326322433664
-20216740941774431050
-9487842402850312184
1378592435122323881
12338768639881399040
23346138074944465144
34351344272322813008
45302167305235581419
56143468660823866144
66817136112864828938
77262028594485806552
87413921070878419741
97205449412012682272
106566055265351109932
115421930928562829536
123695964222237687935
131307683362600361024
138173201834224462750
144205163262746654120
149312686287580752209
153401309434631839168
156372935989010371232
158125778867746287728
158554305492503120083
157549182662292100832
154997221426186272626
150781321956034597240
144780418419176064581
136869423851153801696
126919175028429181780
114796377341095933184
100363549665594248423
83478969237424893184
63996616523863315334
41766120096673753928
16632701504823348217
