1381652327988751
1250490048758468
1127780758267982
1013135242400068
906175399257725
806534092950752
713855007382324
627792500035568
548011455760139
474187140558796
406005055373978
343160789874380
285359876241529
232317642956360
183759068585792
139418635569304
99040184005511
62376765438740
29190496645606
-747586578412
-27657675632395
-51751335323408
-73231650079924
-92293370165248
-109123057890941
-123899233830244
-136792523031502
-147965801231588
-157574341069327
-165765958298920
-172681158003368
-178453280807896
-183208649093377
-187066713209756
-190140197689474
-192535247460892
-194351574061715
-195682601852416
-196615614229660
-197231899839728
-197606898791941
-197810348872084
-197906431755830
-197953919222164
-198006319366807
-198112022815640
-198314448938128
-198652192060744
-199159167680393
-199864758677836
-200793961531114
-201967532528972
-203402133984283
-205110480447472
-207101484919940
-209380405067488
-211948989433741
-214805623653572
-217945476666526
-221360646930244
-225040308633887
-228970857911560
-233136059055736
-237517190730680
-242093192185873
-246840809469436
-251734741641554
-256747786987900
-261850989233059
-267013783753952
-272204143793260
-277388726672848
-282533020007189
-287601487916788
-292557717241606
-297364563754484
-301984298374567
-306378753380728
-310509468624992
-314337837745960
-317825254382233
-320933258385836
-323623682035642
-325858796250796
-327601456804139
-328815250535632
-329464641565780
-329515117509056
-328933335687325
-327687269343268
-325746353853806
-323081632943524
-319665904898095
-315473868777704
-310482270630472
-304670049705880
-298018484668193
-290511339809884
-282135011265058
-272878673222876
-262734424140979
-251697432958912
-239766085311548
-226942129742512
-213230823917605
-198641080838228
-183185615054806
-166881088880212
-149748258603191
-131812120701784
-113102058056752
-93651986165000
-73500499353001
-52691016990220
-31271929702538
-9296745585676
13175763581381
36081416122960
59350474253276
82907497863008
106671198305875
130554292185212
154463355140546
178298675634172
201954108737729
225316929918776
248267688827368
270680063082632
292420712059343
313349130674500
333317503173902
352170556918724
369745416172093
385871455885664
400370155486196
413054952662128
423731097150155
432195504521804
438236609970010
441634222095692
442159376694329
439574190542536
433631715184640
424075790719256
410640899585863
393052020351380
371024481496742
344263815203476
312465611140277
275315370249584
232488358534156
183649460843648
128453034661187
66542763889948
-2448487360270
-78898820986468
-163197451105871
