-618630615864469748267
-525731199915890635828
-439140034325952103102
-358610609305547011556
-283901908833712244521
-214778355530342816200
-151009755528905980676
-92371243349155340920
-38643226769844957799
10388668298556540916
54933652941151851542
95195830365900885476
131374251030906660187
163662967771701190208
192251090928531378128
217322843473644905584
239057616138576124253
257630022541431946844
273209954314177738090
285962636229923205740
296048681330208291551
303624146052289062280
308840585356423600676
311845107853157896472
312780430930611737377
311784935881764600068
308992723031741541182
304533666865099088308
298533471153111130979
291113724081054811664
282391953375496416760
272481681431577267584
261492480440299611365
249530027515812512236
236696159822697742226
223088929703255672252
208802659804791163111
193927998206899456472
178551973548752065868
162758050156382667688
146626183169972992169
130232873671138714388
113651223810215345254
96950991933544122500
80198647710757901675
63457427262067047136
46787388285545323040
30245465184415784336
13885524194336667757
-2241581489312717188
-18087956584146097222
-33608608593484344308
-48761392679069584657
-63506956533779307736
-77808685254340475276
-91632646214043630280
-104947533935457006031
-117724614963140635100
-129937672736360458354
-141562952461802433964
-152579105986286646413
-162967136669481415504
-172710344256617405368
-181794269751201733472
-190206640287732079627
-197937314004410794996
-204978224915859011102
-211323327785830748836
-216968542999927027465
-221911701438309973640
-226152489348416930404
-229692393217674566200
-232534644646212983879
-234684165219579829708
-236147511381454402378
-236932819306361762012
-237049749772386839173
-236509433033888543872
-235324413694213874576
-233508595578412027216
-231077186605948504195
-228046643663419223396
-224434617477264627190
-220259897486483791444
-215542356715348534529
-210302896646117526328
-204563392091750397244
-198346636068621847208
-191676284669235754687
-184576801934939285692
-177073404728637002786
-169192007607504974092
-160959167695704882301
-152402029557098133680
-143548270067959967080
-134426043289693562944
-125063925341544152315
-115490859273313125844
-105736099938072142798
-95829158864877240068
-85799749131482941177
-75677730237056365288
-65493052974891336212
-55275704305122491416
-45055652227439391031
-34862790653800626860
-24726884281147931386
-14677513464120286780
-4744019087768033909
5044552559733018656
14659504914367485632
24072546263566296016
33255844873492584077
42182084116327580348
50824517597556502618
59157024283254446924
67154163627372278543
74791230699022522984
82044311309765256980
88890337140893999480
95307140870721602641
101273511301866142820
106769248488536811566
111775218863819806612
116273410366964222867
120246987570667943408
123680346808363530472
126559171301504116448
128870486286849294869
130602714143751011404
131745729521439454850
132290914466308948124
132231213549203839255
131561188992704392376
130277075798412678716
128376836874238467592
125860218161685117401
122728803763135466612
118986071069137724758
114637445885691363428
109690357561533007259
104154294115422324928
98040857363427920144
91363818046213222640
84139170956322379165
76385190065466144476
68122483651807772330
59374049427248906476
50165329664715471647
40524266325443564552
30481356186265344868
20069705966894926232
9325087457214267233
-1714007355440937596
-13006311158995366786
-24507726189348180940
-36171269103087131741
