-179103433683265
-56984023241348
51618358468894
147447943793084
231226740636397
303654824890408
365410632859940
417151253689912
459512721792187
493110309272420
518538818356906
536372873819428
547167215408105
551456990272240
549758045389168
542567219991104
530362637991991
513604000414348
492732877816118
468173002717516
440330562027877
409594489472504
376336758019516
340912672306696
303661161068339
264905069562100
224951451995842
184091863954484
142602654826849
100745260232512
58766494448648
16898842836880
-24639245729873
-65643066440548
-105921366119090
-145296050797604
-183601893289507
-220686240762680
-256408722312620
-290640956535592
-323266259101781
-354179350328444
-383286062753062
-410503048706492
-435757487886119
-458986794929008
-480138326985056
-499169091290144
-516045452739289
-530742841459796
-543245460384410
-553545992824468
-561645310043051
-567552178828136
-571282969065748
-572861361313112
-572318054371805
-569690472860908
-565022474790158
-558364059133100
-549771073400239
-539304921212192
-527032269872840
-513024757942480
-497358702810977
-480114808270916
-461377872090754
-441236493587972
-419782781202227
-397112060068504
-373322579590268
-348515221012616
-322793204995429
-296261799186524
-269028025794806
-241200369163420
-212888483342903
-184202899664336
-155254734312496
-126155395899008
-97016293035497
-67948541906740
-39062673843818
-10468342897268
17725966589765
45413232408376
72488186910748
98847609437000
124390618742035
149018965422388
172637324343074
195153587064436
216479154268993
236529228188288
255223105029736
272484467403472
288241676749199
302428065763036
314982230824366
325848324422684
334976347584445
342322442299912
347849183950004
351525873733144
353328831092107
353241686140868
351255672091450
347369917680772
341591739597497
333936934908880
324430073487616
313104790438688
300004078526215
285180580600300
268696882023878
250625803099564
231050691496501
210065714677208
187776152324428
164298688767976
139761705411587
114305573159764
88082944844626
61259047652756
34011975552049
6532981718560
-20973229036648
-48288207840656
-75179469331841
-101400199233028
-126688961924642
-150769408017860
-173349981927763
-194123629446488
-212767505316380
-228942680803144
-242293851268997
-252449043745820
-259019324508310
-261598506647132
-259762857642071
-253070806935184
-241062653503952
-223260273434432
-199166827494409
-168266468706548
-130024049921546
-83884831391284
-29274188341979
34402681452664
107761050098300
191436952006792
286087476323059
392391059351924
511047776984962
642779637127348
788330872124705
