-4604808730379
-3460748027154
-2436700585044
-1525782127654
-721325722499
-16878764740
593800039080
1116743687300
1557779899405
1922534132290
2216432596524
2444705272614
2612388927269
2724330129664
2785188267704
2799438564288
2771375093573
2705113797238
2604595500748
2473588929618
2315693725677
2134343463332
1932808665832
1714199821532
1481470400157
1237419869066
984696709516
725801432926
463089597141
198774822696
-65068190920
-326500649000
-583716645355
-835040146050
-1078921973140
-1313936788406
-1538780077091
-1752265131636
-1953320035416
-2140984646476
-2314407581267
-2472843198382
-2615648582292
-2742280527082
-2852292520187
-2945331726128
-3021135970248
-3079530722448
-3120426080923
-3143813755898
-3149764053364
-3138422858814
-3110008620979
-3064809335564
-3003179528984
-2925537242100
-2832361013955
-2724186865510
-2601605283380
-2465258203570
-2315835995211
-2154074444296
-1980751737416
-1796685445496
-1602729507531
-1399771214322
-1188728192212
-970545386822
-746192046787
-516658707492
-282954174808
-46102508828
192859992397
432887809122
672929216172
911929299206
1148832970981
1382587987616
1612147964856
1836475394336
2054544659845
2265345053590
2467883792460
2661189034290
2844312894125
3016334460484
3176362811624
3323540031804
3457044227549
3576092543914
3679944180748
3767903408958
3839322586773
3893605176008
3930208758328
3948648051512
3948497925717
3929396419742
3891047757292
3833225363242
3755774879901
3658617183276
3541751399336
3405257920276
3249301420781
3074133874290
2880097569260
2667628125430
2437257510085
2189617054320
1925440469304
1645566862544
1350943754149
1042630093094
721799273484
389742150818
47870058253
-302282177132
-659053218072
-1020652200852
-1385155719043
-1750504807238
-2114501924788
-2474807939538
-2828939111563
-3174264076904
-3508000831304
-3827213713944
-4128810391179
-4409538840274
-4665984333140
-4894566420070
-5091535913475
-5252971871620
-5374778582360
-5452682546876
-5482229463411
-5458781211006
-5377512833236
-5233409521946
-5021263600987
-4735671509952
-4371030787912
-3921537057152
-3381181006907
-2743745377098
-2002801942068
-1151708494318
-183605828243
908585276132
2132167069416
3494667849116
5003844975901
6667687889866
8494421126796
10492507334430
12670650288725
