185559278714848455053
178822040130551288044
171621846943833869758
164008998744742084244
156031917635527342267
147737175794289526804
139169523038619938540
130371914389244241364
121385537633665407865
112249840889806664828
103002560169654438730
93679746942901301236
84315795700588914695
74943471518750977636
65593937622056170264
56296782947451099956
47080049707803246757
37970260955543908876
28992448146311148182
20170178702592735700
11525583577369097107
3079384817756258228
-5149076871351209468
-13141814563637243372
-20882167547721344239
-28354773763515630692
-35545542238581893726
-42441625524488651212
-49031392133168202401
-55304398973273682428
-61251363786536116816
-66864137584121475980
-72135677082987729731
-77060017142241901780
-81632243199497124242
-85848463707229692140
-89705782569136117909
-93202271576490185900
-96336942844500006884
-99109721248665072556
-101521416861133310039
-103573697387058136388
-105269060600955513094
-106610806783061000588
-107603011155686812745
-108250496319578871388
-108558804690273860792
-108534170934456282188
-108183494406315508267
-107514311583902837684
-106534768505488549562
-105253593205918957996
-103680068152973466557
-101824002683721622796
-99695705440880172748
-97305956809170115436
-94665981351673757375
-91787420246191767076
-88682303721600229550
-85363023494207700812
-81842305204112262385
-78133180851558575804
-74248961233294937120
-70203208378930331404
-66009707987291487251
-61682441862779931284
-57235560351729042658
-52683354778761107564
-48040229883144373733
-43320676255150104940
-38539242772409635508
-33710509036271424812
-28849057808158111783
-23969447445923569412
-19086184340209959254
-14213695350804785932
-9366300242997951641
-4558184123938810652
196630121006776184
4884309391899386932
9491237937868984069
14004044920757859980
18409631978763582454
22695200790081940180
26848280636549888243
30856755967288493620
34708893962345880676
38393372096340176660
41899305702102457201
45216275534319691804
48334355333177689346
51244139388004043572
53936770100911078591
56403965550438794372
58638047055197812240
60631966737512320372
62379335087063019293
63874448524530067372
65112316965236026318
66088691382788806676
66800091372724613323
67243832716150890964
67418054943389269628
67321748897618510164
66954784298517449737
66317937305907947324
65412918083397829210
64242398362023834484
62810039003894560535
61120517565833408548
59179555863021529000
56993947532640767156
54571585597516608565
51921490029761124556
49053835314415917734
45979978013095067476
42712484327628075427
39265157663702810996
35653066194508456852
31892570424378454420
28001350752433449377
23998435036224237148
19904226155374708402
15740529575224794548
11530580910473413231
7299073488821413828
3072185914614522944
-1122390367513710092
-5255423508998967731
-9296113693703218708
-13212065574271772546
-16969260708490334060
-20532029995642057861
-23863026112864602860
-26923195951507186772
-29671753053487640620
-32066150047649463239
-34062051086118875780
-35613304280661876214
-36671914139041293836
-37188014001373843769
-37109838476487181468
-36383695878276957224
-34953940662063870668
-32762945860950725275
-29751075522179482868
-25856657143488318122
-21015954109468673068
-15163138127922311597
-8230261666218373964
-147230387650431292
9158224412206459924
19760573369138703313
31736516613937108124
45165011336039834722
60127299347175340084
76706934645005323295
