149809964748885845677
113831934292448889356
81966868744384317890
53967422358340669756
29594194037283145391
8615617078921825208
-9192151078860112388
-24045339112578172984
-36152672067718328143
-45715481613308797388
-52927816296491830186
-57976551797095487932
-61041501182205425933
-62295525160736675392
-61904642338005425392
-60028139470300804880
-56818681719456664651
-52422422907423359332
-46979115770839529366
-40622222215603882996
-33479023571446978249
-25670730846503004920
-17312594981881566556
-8514017106239462440
621341209647530425
9995447698312875332
19515789141027493886
29095261113227984020
38652057729944838011
48109561391230660496
57396232527588386488
66445499345399499392
75195647572352249021
83589710202869869612
91575357243538797842
99104785458536890844
106134608115061644223
112625744728758410072
118543310809148614988
123856507605057978088
128538511850044729025
132566365507827826004
135920865517715173798
138586453540031841764
140551105701548281859
141806222340908546656
142346517754058507360
142169909939674071824
141277410344589402565
139673013609225134780
137363587313016594362
134358761719842015916
130670819523450760775
126314585592891535016
121307316717940607476
115668591354530027768
109420199370175844297
102586031789406322276
95191970539190161742
87265778194364715572
78836987723064207499
69936792232147950128
60597934712628562952
50854597785100190368
40742293445166719693
30297752808869999180
19558815858118056034
8564321186113314428
-2646004257219186481
-14031655419803574536
-25551459401984926564
-37163685711101050360
-48826156516054266671
-60496356901883191180
-72131545124334516490
-83688862864434794108
-95125445483062216429
-106398532275518398720
-117465576726100161104
-128284356762671310544
-138813085011234422827
-149010519050502624548
-158836071666471375094
-168249921106990248628
-177213121336334716073
-185687712289777927096
-193636830128162492092
-201024817492472264168
-207817333758404121127
-213981465290939747452
-219485835698917416290
-224300716089603771436
-228398135323265609317
-231751990267741660976
-234338156053014374056
-236134596325781694784
-237121473504028849955
-237281259031600128916
-236598843632770665550
-235061647566818220260
-232659730882594961953
-229385903673099250024
-225235836330047416340
-220208169798445547224
-214304625831161265439
-207530117243495512172
-199892858167754329018
-191404474307820639964
-182080113193726033373
-171938554436222543968
-161002319981354434816
-149297784365029979312
-136855284967593243163
-123709232268395866372
-109898220100368845222
-95465135904594314260
-80457270984877328281
-64926430762317644312
-48929045029881503596
-32526278206973413576
-15784139594007929879
1226406373018561700
18429329867956063214
35743425419929182580
53082201658765351595
70353771060423043952
87460739692419993256
104300096959261411040
120763105347868204781
136735190173005195916
152095829322709337858
166718443003717934012
180470283486896855791
193212324852668760632
204799152736441310012
215078854074035387464
223892906847113316593
231076069828607079092
236456272328146532758
239854503937487629508
241084704275940633395
239953652735798338624
236260858227764287568
229798448926380988784
220351062015458135029
207695733433500821276
191601787619137762730
171830727256549512844
148136123020896681335
120263503323748152200
87950244058509301732
50925458345850216536
8909886279133911545
-38384215330155451964
-91253183206984348354
-150002057867341669612
-214944693872810507333
