7295018232634925
7185293743929310
7127594508374308
7115946635825906
7144637428513453
7208211044406094
7301464160579204
7419441636580822
7557432177798085
7710963998823662
7875800486822188
8047935864896698
8223590855455061
8399208343576414
8571449040377596
8737187146379582
8893506014873917
9037693815289150
9167239196557268
9279826950480130
9373333675095901
9445823438045486
9495543439938964
9520919677722022
9520552608042389
9493212810616270
9437836651594780
9353521946930378
9239523625743301
9095249393687998
8920255396319564
8714241882460174
8477048867565517
8208651797091230
7909157209859332
7578798401424658
7217931087441293
6827029067029006
6406679886139684
5957580500923766
5480532941096677
4976439973305262
4446300764494220
3891206545272538
3312336273279925
2710952296553246
2088396016892956
1446083553229534
785501404989917
108202115463934
-584200064829260
-1290033514774750
-2007573579295427
-2735046905985554
-3470635781744332
-4212482469409466
-4958693544390731
-5707344231303538
-6456482740602500
-7204134605214998
-7948307017174747
-8686993164255362
-9418176566603924
-10139835413374546
-10849946899361939
-11546491561634978
-12227457616170268
-12890845294485710
-13534671180274067
-14156972546036530
-14755811689716284
-15329280271332074
-15875503649611771
-16392645218625938
-16878910744421396
-17332552701654790
-17751874610226155
-18135235371912482
-18481053607001284
-18787811990924162
-19054061590890371
-19278426202520386
-19459606686479468
-19596385305111230
-19687630059071203
-19732299023960402
-19729444686958892
-19678218283459354
-19577874133700651
-19427773979401394
-19227391320393508
-18976315751255798
-18674257297947515
-18321050754441922
-17916660019359860
-17461182432603314
-16954853111988979
-16398049289881826
-15791294649828668
-15135263663191726
-14430785925782195
-13678850494493810
-12880610223936412
-12037386103069514
-11150671591835867
-10222136957795026
-9253633612756916
-8247198449415398
-7205058177981835
-6129633662818658
-5023544259072932
-3889612149309922
-2730866680146659
-1550548698885506
-352114890147724
860757887492962
2084168264876797
3313986025624430
4545847769503348
5775152575794310
6997057666657781
8206474070500366
9398062285341244
10566227942178602
11705117468356069
12808613750929150
13870331800031660
14883614412242158
15841527833950381
16736857424723678
17562103320673444
18309476097821554
18970892435466797
19537970779551310
20002027006027012
20354070084222038
20584797740207173
20684592120162286
20643515453742764
20451305717445946
20097372297977557
19570791655618142
18860302987589500
17954303891421118
16840846028316605
15507630786520126
13942004944682836
12130956335229314
10061109507723997
7718721392237614
5089676962713620
2159484900334630
-1086726743111147
-4664214881863474
-8588625732823652
-12875999152188086
-17542772972081851
