162787052538873474985
151130317588701691772
140189135133584014058
129925674453972482380
120303356488848786131
111286835459962299896
102841980496068119788
94935857257165099784
87536709558733888061
80613940995974963332
74138096568046671182
68080844302303260404
62414956878532919335
57114293253195812192
52153780283662115408
47509394352450053968
43158142991463937745
39078046506232197836
35248119600145422898
31648352998694395484
28259695073708128379
25064033467591900936
22044176717565295412
19183835879900233304
16467606154159011685
13880948507432339540
11410171298577374102
9042411902455757188
6765618334171651535
4568530873309777136
2440663688173447576
372286460022606368
-1645593992688136711
-3621252090071469284
-5562261866569340038
-7475515346714922388
-9367240920894578141
-11243021721109821160
-13107813996739281028
-14965965490300666712
-16821233813212730227
-18676804821557230300
-20535310991840896034
-22398849796757390572
-24269002080949274761
-26146850436769970816
-28032997580045725984
-29927584725837576208
-31830309964203309791
-33740446635959431060
-35656861708443124030
-37578034151274216068
-39502073312117141557
-41426737292442905560
-43349451323291047484
-45267326141031604744
-47177176363127076427
-49075538863894386956
-50958691150266849754
-52822669737556130908
-54663288525214212833
-56476157172595357936
-58256699474718072280
-60000171738027069248
-61701681156155233207
-63356204185685583172
-64958604921913236470
-66503653474607372404
-67986044343773195917
-69400414795413901256
-70741363237292635636
-72003467594694462904
-73181303686188327203
-74269463599389016636
-75262574066719126930
-76155314841171025100
-76942437072068813113
-77618781680830291552
-78179297736728923280
-78619060832655797104
-78933291460881591439
-79117373388818537972
-79166872034782385326
-79077552843754362724
-78845399663143143653
-78466633118546809528
-77937728989514813356
-77255436585309943400
-76416797120670286843
-75419162091571193452
-74260211650987239242
-72937972984654190140
-71450838686830965649
-69797585136061602512
-67977390870937218376
-65989854965857975456
-63835015406795044199
-61513367467052566948
-59025882083029621606
-56374024229982185300
-53559771297785098045
-50585631466694026408
-47454662083107427172
-44170488035328511000
-40737320129327206099
-37159973464502121884
-33443885809442512642
-29595135977690241196
-25620462203501742569
-21527280517609987648
-17323703122986446848
-13018556770603053776
-8621401135194168895
-4142547191018543188
406924412378718178
5015144974404192188
9669439367654174315
14356307662152714856
19061406749589655268
23769531967558664504
28464598723795275349
33129624120414920756
37746708578150970182
42297017460592765924
46760762698423659455
51117184413659047760
55344532543884409672
59420048466493342208
63319946622925596905
67019396142905116156
70492502468678069546
73712288979250890188
76650678614628311059
79278475500051401336
81565346570235602732
83479803193608765832
84989182796549186429
86059630487623641860
86656080681825427342
86742238724812392308
86280562517144976743
85232244138524247520
83557191472029934736
81214009828358468048
78159983570061013009
74351057735781507404
69741819664494697586
64285480619744174812
57933857413880411579
50637354032298797960
42344943257677677940
33004148294216385752
22561024391873282213
10960140470603791060
-1855439255401564714
-15944173653479126524
-31366063048254063857
