-861724019
-478526044
-122856736
206163808
509403989
787720706
1041959356
1272953834
1481526533
1668488344
1834638656
1980765356
2107644829
2216041958
2306710124
2380391206
2437815581
2479702124
2506758208
2519679704
2519150981
2505844906
2480422844
2443534658
2395818709
2337901856
2270399456
2193915364
2109041933
2016360014
1916438956
1809836606
1697099309
1578761908
1455347744
1327368656
1195324981
1059705554
920987708
779637274
636108581
490844456
344276224
196823708
48895229
-99112394
-246813844
-393835306
-539814467
-684400516
-827254144
-968047544
-1106464411
-1242199942
-1374960836
-1504465294
-1630443019
-1752635216
-1870794592
-1984685356
-2094083219
-2198775394
-2298560596
-2393249042
-2482662451
-2566634044
-2645008544
-2717642176
-2784402667
-2845169246
-2899832644
-2948295094
-2990470331
-3026283592
-3055671616
-3078582644
-3094976419
-3104824186
-3108108692
-3104824186
-3094976419
-3078582644
-3055671616
-3026283592
-2990470331
-2948295094
-2899832644
-2845169246
-2784402667
-2717642176
-2645008544
-2566634044
-2482662451
-2393249042
-2298560596
-2198775394
-2094083219
-1984685356
-1870794592
-1752635216
-1630443019
-1504465294
-1374960836
-1242199942
-1106464411
-968047544
-827254144
-684400516
-539814467
-393835306
-246813844
-99112394
48895229
196823708
344276224
490844456
636108581
779637274
920987708
1059705554
1195324981
1327368656
1455347744
1578761908
1697099309
1809836606
1916438956
2016360014
2109041933
2193915364
2270399456
2337901856
2395818709
2443534658
2480422844
2505844906
2519150981
2519679704
2506758208
2479702124
2437815581
2380391206
2306710124
2216041958
2107644829
1980765356
1834638656
1668488344
1481526533
1272953834
1041959356
787720706
509403989
206163808
-122856736
-478526044
-861724019
