307678965646065673933
241341511940171058332
181859164597438551650
128842128964774369036
81912744712129102991
40705320450640050392
4865968350773539516
-25947561239532742936
-52066045176727424815
-73808952903503121500
-91484611830654108874
-105390372718933996300
-115812775060913399597
-123027712462837614016
-127300598026484287216
-128886529731021092240
-128030455814863400491
-124967340157531954708
-119922327661510541942
-113110909634103666532
-104739089169294223081
-95003546529601169432
-84091804527937199644
-72182393909466416968
-59445018733462006823
-46040721755163909772
-32122049807636494498
-17833219183626230780
-3310281017419362469
11318713333300419536
25933546905594304312
40421671749410687936
54678043545727500509
68604956224694533180
82111876583775765170
95115278905891690796
107538479577561646495
119311471707046137848
130370759742489166604
140659194090060557704
150125805732098286305
158725640845250804804
166419595418619369862
173174249871900369428
178961703673527649763
183759409958814842464
187550010148097691488
190321168564876380176
192065407053957858277
192779939599598168972
192466506943644775898
191131211203678890172
188784350491157797415
185440253529557184776
181117114272513467956
175836826521966118232
169624818546299989481
162509887698487645204
154524035034231685550
145702299930107074340
136082594701703466091
125705539221767533040
114614295538345292168
102854402492924432224
90473610338576640749
77521715358099931100
64050394482160969474
50113039907437401932
35764593714760181423
21061382487255894808
6060951928489089884
-9178098519395397592
-24596281057530116879
-40133384912182675228
-55728641716613410858
-71320890892933065932
-86848745033960459533
-102250755285080160640
-117465576726100161104
-132432133753109548624
-147089785460336179723
-161378491022004352724
-175238975074192480726
-188612893096690764580
-201442996794858865865
-213673299481483579864
-225249241458636508540
-236117855399531733512
-246227931730383489031
-255530184012263834956
-263977414322960329730
-271524678638833703356
-278129452216675530373
-283751794975565902832
-288354516878731103272
-291903343315401277696
-294367080482668108547
-295717780767342487684
-295930908127812189358
-294985503475899543188
-292864350058719107137
-289554138840535340488
-285045633884620276820
-279333837735111196984
-272418156798868302079
-264302566727332386428
-254995777798382510554
-244511400298193674156
-232868109903094489085
-220089813061424852320
-206205812375393618944
-191250971982936275120
-175265882939572611067
-158297028600264394036
-140396950001273041286
-121624411242017293060
-102044564866930885561
-81729117247320223928
-60756493963222055212
-39212005185261141352
-17188011056507932151
5215912925663761748
27892810527719095886
50728179398104519012
73599805685390100107
96377598656411855408
118923425314414075432
141090945017191652000
162725444095232405261
183663670469859410716
203733668271373326242
222754612457194719116
240536643430006393039
256880701655895715160
271578362282496943100
284411669757133551976
295152972444960561425
303564757247106862628
309399484218817545334
312399421187596224884
312296478371347369235
308812042996518625984
301656813916243149392
290530636228481927408
275122335894166108693
255109554355339329644
230158583153300041418
199924198546743836956
164049496129905778007
122165725450702722152
73892124628875649828
18835754974131991352
-43408664395712046055
-113258921936589151244
-191145479060038582114
-277511635515063838588
-372813694769990335589
