179727808370139063307
168771886251963752828
158477556425651236046
148802551185928796236
139706262966248805545
131149716775145779496
123095542632593431492
115507948006361727320
108352690248373939655
101597049031063702564
95209798783732066010
89161181128904550356
83422877318688200869
77967980671128642224
72770969006567133008
67807677083997620224
63055269037423793795
58492210812216141068
54098242601469001318
49854351282357620252
45742742852495204513
41746814866289976184
37851128871302227292
34041382844601374312
30304383629123012671
26628019370025971252
23001231951049366898
19413989430869658916
15857258479457703581
12322976814435808640
8804025637434787816
5294202070451015312
1788191592203480315
-1718459525509158500
-5229371781451518466
-8747360008594438420
-12274460937757924199
-15811960761254094136
-19360422696530124556
-22919714549811195272
-26489036279743435081
-30066947561036867260
-33651395348108355062
-37239741438724547212
-40828790037644823403
-44414815320264239792
-47993588996256474496
-51560407873216773088
-55110121420304894093
-58637159331888054484
-62135559091183875178
-65598993533903326532
-69020798411893673839
-72393999956781422824
-75711342443615265140
-78965315754509023864
-82148182942284598993
-85252007794114912940
-88268682395166856030
-91189954692244231996
-94007456057430703475
-96712728851732737504
-99297253988722551016
-101752478498181056336
-104069843089740806677
-106240809716528941636
-108256889138810132690
-110109668487629528692
-111790838828455701367
-113292222724823590808
-114605801801977450972
-115723744310513795176
-116638432690024341593
-117342491132738958748
-117828813147168611014
-118090589121748304108
-118121333888480030587
-117914914286575715344
-117465576726100161104
-116767974751613993920
-115817196605816608669
-114608792793189114548
-113138803643637280570
-111403786876134481060
-109400845162364641151
-107127653690365182280
-104582487728169967684
-101764250187452247896
-98672499187167606241
-95307475617196904332
-91670130701989227566
-87762153564204830620
-83585998788358082947
-79144913984460414272
-74442967351663260088
-69485075241901007152
-64277029723533938981
-58825526144991181348
-53138190698413647778
-47223607983296985044
-41091348570134518663
-34751996564060198392
-28217177168491543724
-21499584248772589384
-14613007895816830825
-7572361989750169724
-393711763553859478
6905698633292549300
14307418571168263285
21791763376668300944
29337786768960547040
36923253296142807136
44524610771599862099
52116962710360522604
59674040765454683638
67168177164270379004
74570277144910835825
81849791392551529048
88974688475797235948
95911427283039090632
102624929458811638543
109078551840149890964
115234058892946379522
121051595148308210692
126489657638914120301
131505068335371528032
136052946582573591928
140086681536056262896
143557904598355339211
146416461855363521020
148610386512687464846
150085871332004838092
150787241067421373545
150656924901827923880
149635428883257516164
147661308361242406360
144671140423171133831
140599496330645575844
135378913955838002074
128939870217848129108
121210753519060174949
112117836181499913520
101585246883191729168
89534943094515671168
75886683514564508227
60558000507500782988
43464172538913866534
24518196612177012892
3630760704804413537
-19289783795191748104
-44337449652944242148
-71608641350373737752
-101202182649831748609
-133219344157743578444
-167763870888251266510
-204942009826856533084
-244862537494063724963
