-247512058434772838161
-168087119654788059740
-95896340438284363586
-30592611816062843068
28161926437342440013
80695996058236237408
127329290548333896404
168372585429333141808
204127848497485857931
234888350078169870572
260938773280460729002
282555324251703487948
300005842432084489577
313549910809203145480
323438966172643718656
329916409368547105496
333217715554182617767
333570544452519764596
331194850606800034454
326302993635108677140
319099848484946485765
309782915687801578736
298542431613721181740
285561478725883409728
271016095835169048899
255075388354733338684
237901638554577753730
219650415816121785884
200470686886774726177
180504926134507446808
159889225802424183128
138753406263334315624
117221126274324151903
95409993231328708676
73431673423703493742
51392002288796287972
29391094666518927293
7523455053919084672
-14121912140247947900
-35461392340947477424
-56416650552293627909
-76914521102977558388
-96886897391695680934
-116270621632577878676
-135007374600615723815
-153043565377090695640
-170330221095002398544
-186822876684496780040
-202481464618294348777
-217270204657118392556
-231157493595123196346
-244115795005322260300
-256121528985016517771
-267154961901222553328
-277200096136100820772
-286244559832383861152
-294279496638804520781
-301299455455524169252
-307302280179560917454
-312288999450217835588
-316263716394511171183
-319233498372598567112
-321208266723207279608
-322200686509062396280
-322226056262315054129
-321302197729970657564
-319449345619317096418
-316690037343352963964
-313049002766215774931
-308553053948610183520
-303230974893236201420
-297113411290217415824
-290232760262529207445
-282623060111426968532
-274319880061874320886
-265360210007971333876
-255782350258382742455
-245625801281766165176
-234931153452200322208
-223739976794613253352
-212094710730210536057
-200038553821903503436
-187615353519737462282
-174869495906319911084
-161845795442248758043
-148589384711540539088
-135145604167058635892
-121559891875941493888
-107877673265030840285
-94144250866299902084
-80404694062281624094
-66703728831496886948
-53085627493882725119
-39594098456220544936
-26272175957564342600
-13162109814668922200
-305255167418113729
12258037775747008900
24488533992399909838
36348223900700373284
47800433613966285469
58809935195245416640
69343056911887203044
79367793490114528912
88853916369595508443
97773083958015267788
106098951885647727034
113807283259927382188
120876058920021087161
127285587691399835752
133018616640410543632
138060441328847830328
142399016068525801207
146025064175849829460
148932188226388338086
151116980309444581876
152579132282628429397
153321546026428144976
153350443698782170684
152675477989650908320
151309842375588501395
149270381374314617116
146577700799286228370
143256278014269395708
139334572187911049329
134845134548310771064
129824718637592576360
124314390566476696264
118359639268851359407
112010486756344573988
105321598372895909758
98352393049328280004
91167153557919723533
83835136766975186656
76430683895398305172
69033330767263186352
61727918066386190923
54604701590897715052
47759462507813972330
41293617607608775756
35314329558785319721
29934617162447961992
25273465606874005696
21455936722085481304
18613279234420928615
16883039021107178740
16409169364831136086
17342141208311560340
19839053408870848453
24063742993006816624
30186895410964482284
38386154791307846080
48846234195491673859
61759025872433278652
77323711513084302658
95746872505002499228
117242600186923514849
