7390261211957377
8845766583926117
10046985079401518
11011096449662137
11754689669462153
12293771610298499
12643775713677994
12819570664384475
12835469063745929
12705236102901625
12442098236069246
12058751853812021
11567371956305857
10979620826606471
10306656703916522
9559142456852743
8747254256713073
7880690250743789
6968679235406638
6019989329645969
5042936648155865
4045393974647275
3034799435115146
2018165171105555
1002086012982841
-7251846803263
-1004062180450498
-1982950051536947
-2938903141753903
-3867283077638737
-4763816757307766
-5624587677189121
-6446027258755615
-7224906175257611
-7958325678455890
-8643708925354519
-9278792304933719
-9861616764882733
-10390519138332694
-10864123470589493
-11281332345866647
-11641318214018167
-11943514717271426
-12187608016960027
-12373528120256671
-12501440206906025
-12571735955957590
-12585024872498569
-12542125614386735
-12444057318983299
-12292030929885778
-12087440523660863
-11831854636577287
-11527007591338693
-11174790823816502
-10777244209782781
-10336547391643111
-9855011105169455
-9335068506233026
-8779266497537155
-8190257055350159
-7570788556238209
-6923697103798198
-6251897855390609
-5558376348872383
-4846179829329787
-4118408575811282
-3378207228060391
-2628756113248567
-1873262572708061
-1114952288664790
-357060610971205
397176116160841
1144529227427225
1881786409698686
2605760375287957
3313297535216897
4001286672483623
4666667615329642
5306439910506983
5917671496545329
6497507377019149
7043178293814830
7552009400397809
8021428935079705
8448976894285451
8832313705820426
9169228902137587
9457649793604601
9695650141770977
9881458832635198
10013468549911853
10090244448298769
10110532826744143
10073269801713674
9977589980457695
9822835134278305
9608562871796501
9334555312219310
9000827758606921
8607637371139817
8155491840385907
7645158060567658
7077670802829227
6454341388503593
5776766362379689
5046836165969534
4266743810775365
3438993551556769
2566409559597815
1652144595974186
699688684820311
-287122213403503
-1304097528643939
-2346683407987538
-3409954042393567
-4488602993426887
-5576934519990821
-6668854905060022
-7757863782413341
-8837045463366695
-9899060263505935
-10936135829419714
-11940058465432355
-12902164460336719
-13813331414127073
-14663969564731958
-15444013114747057
-16142911558168063
-16749621007123547
-17252595518607826
-17639778421213831
-17898593641865975
-18015937032553021
-17978167697060950
-17771099317705829
-17379991482066679
-16789541009718343
-15983873278964354
-14946533553569803
-13660478309494207
-12108066561624377
-10271051190507286
-8130570269082937
-5667138389417231
-2860637989434835
309689320347950
3865251430090321
7828114403894105
12221011153070891
17067350109409162
22391223898441427
28217418012711353
34571419485040897
41479425561797438
48968352376160909
57065843621390929
