71058169
67562516
64141490
60794452
57520763
54319784
51190876
48133400
45146717
42230188
39383174
36605036
33895135
31252832
28677488
26168464
23725121
21346820
19032922
16782788
14595779
12471256
10408580
8407112
6466213
4585244
2763566
1000540
-704473
-2352112
-3943016
-5477824
-6957175
-8381708
-9752062
-11068876
-12332789
-13544440
-14704468
-15813512
-16872211
-17881204
-18841130
-19752628
-20616337
-21432896
-22202944
-22927120
-23606063
-24240412
-24830806
-25377884
-25882285
-26344648
-26765612
-27145816
-27485899
-27786500
-28048258
-28271812
-28457801
-28606864
-28719640
-28796768
-28838887
-28846636
-28820654
-28761580
-28670053
-28546712
-28392196
-28207144
-27992195
-27747988
-27475162
-27174356
-26846209
-26491360
-26110448
-25704112
-25272991
-24817724
-24338950
-23837308
-23313437
-22767976
-22201564
-21614840
-21008443
-20383012
-19739186
-19077604
-18398905
-17703728
-16992712
-16266496
-15525719
-14771020
-14003038
-13222412
-12429781
-11625784
-10811060
-9986248
-9151987
-8308916
-7457674
-6598900
-5733233
-4861312
-3983776
-3101264
-2214415
-1323868
-430262
465764
1363571
2262520
3161972
4061288
4959829
5856956
6752030
7644412
8533463
9418544
10299016
11174240
12043577
12906388
13762034
14609876
15449275
16279592
17100188
17910424
18709661
19497260
20272582
21034988
21783839
22518496
23238320
23942672
24630913
25302404
25956506
26592580
27209987
27808088
28386244
28943816
29480165
29994652
30486638
30955484
31400551
