172157796857137858039
154740345200059992212
138549429817025831030
123527915489755118404
109620208457256426317
96772238040065191160
84931438264481750068
74046729486809377256
64068500017592320355
54948587745853836748
46640261763334229906
39098203988728885724
32278490791926308857
26138574618246159056
20637265612677287504
15734713244115773152
11392387929602959055
7573062658563488708
4240794617043342382
1360906811947873460
-1100030304720155227
-3174217211622535064
-4892643693847575316
-6285107218672066792
-7380231311323245509
-8205483930740756356
-8787195845338616758
-9150579008767180340
-9319744935675100591
-9317723077471294528
-9166479198086906360
-8886933749737271152
-8498980248683878489
-8021503650996336140
-7472398728314333722
-6868588443609606364
-6226042326947898371
-5559794851250926888
-4883963808058345564
-4211768683289708216
-3555549033006432493
-2926782859173763540
-2336104985422737662
-1793325432812145988
-1307447795590498135
-886687616957985872
-538490764828446784
-269551807591327936
-85832389873649537
7420391698031396
5655612735657374
-94999854672293228
-297759717722769835
-605196638660113336
-1019260610538019748
-1541297332981503880
-2172066587948862997
-2911760615493640484
-3760022489526589510
-4715964493577636692
-5778186496557845759
-6944794328521381216
-8213418156427472008
-9581230859902375184
-11044966407001339561
-12600938229970569388
-14245057601009188010
-15972852008031201532
-17779483530427462483
-19659767214827633480
-21608189450862150892
-23618926346924188504
-25685862105931621181
-27802607401088988532
-29962517751649458574
-32158711898676791396
-34384090180807302823
-36631352910011828080
-38893018747357685456
-41161443078770639968
-43428836390796867025
-45687282646364916092
-47928757660547674354
-50145147476324330380
-52328266740342337787
-54469877078679378904
-56561705472605328436
-58595462634344217128
-60562861382836195429
-62455635019499497156
-64265555703992403158
-65984452829975204980
-67604231400872168527
-69116890405633497728
-70514541194497298200
-71789425854751540912
-72933935586496025849
-73940629078404345676
-74802250883485849402
-75511749794847606044
-76062297221456368291
-76447305563900536168
-76660446590152120700
-76695669811328707576
-76547220857455420813
-76209659853226886420
-75677879793769196062
-74947124920401870724
-74013009096399824375
-72871534182755327632
-71519108413939971424
-69952564773666630656
-68169179370651427873
-66166689814375696924
-63943313590847946626
-61497766438365824428
-58829280723278080075
-55937623815746529272
-52823116465508017348
-49486651177636382920
-45929710588304421557
-42154385840545849444
-38163394960017267046
-33960101230760122772
-29548531570962676639
-24933394908721963936
-20120100557805758888
-15114776593414538320
-9924288227943445321
-4556256186744252908
980924916112672310
6678068202076406468
12525176152353504781
18511422232146037880
24625132514889628148
30853767306491486056
37183902769568446499
43601212547685005132
50090449389591354706
56635426773461421404
63219000531130901177
69823050472335296080
76428462008947950608
83015107779218088032
89561829272008846735
96046418451035316548
102445599379102575086
108735009842343724084
114889182974457925733
120881528880948439016
126684316263360656044
132268654043520138392
137604472987770653435
142660507331212210684
147404276401939098122
151802066245277918540
155818911248025625873
