207840041324932212469
179601969086038654148
153558440475976686962
129609274293276704308
107656818871471726103
87605924515454453288
69363915937834322332
52840564695294559736
37948061624949236537
24600989280700322812
12716294369594742182
2213260188181426316
-6986520941131630565
-14959175233720317184
-21778575006387350704
-27516366241005222224
-32241996148159142275
-36022740730789986316
-38923732347837240230
-41007987277881945820
-42336433282789646305
-42967937171353331816
-42959332362936384892
-42365446451115525976
-41239128767323758911
-39631277944493316436
-37590869480698605682
-35164983302799153668
-32398831330082552797
-29335785037907406352
-26017403021346273992
-22483458558828617248
-18771967175783745019
-14919214208283759068
-10959782366686499518
-6926579299278490348
-2850865155917884889
1237719848322588680
5311127869512681836
9342875871221680216
13308018060875458121
17183118326113533020
20946222671146120054
24576831653111186540
28055872818431506475
31365673139171715040
34489931449395363104
37413690881521971728
40123311302684086669
42606441751084332884
44851992872352469034
46850109355902441988
48592142371289441327
50070622004566953848
51279229694643818068
52212770669641278728
52867146383250041297
53239326951087326476
53327323587053924702
53130161039691250652
52647850028538397747
51881359680489192656
50832589966149249800
49504344136193025856
47900301157720874261
46024988150616099716
43883752823902012690
41482735912098983924
38828843611581498935
35929720016935212520
32793719557314003260
29429879432797028024
25847892050745776473
22058077462161125564
18071355798040394054
13899219705734397004
9553706785304500283
5047372025879675072
393260242013552368
-4395121489958522512
-9303831395562435427
-14318520565828248908
-19424460520933147654
-24606570773844384028
-29849446393962223553
-35137385570762890408
-40454417177441512924
-45784328334555069080
-51110691973665331999
-56416894400981815444
-61686162861004719314
-66901593100167875140
-72046176930481691581
-77102829793176099920
-82054418322343499560
-86883787908581703520
-91573790262636883931
-96107310979046517532
-100467297099782331166
-104636784677893247276
-108598926341148329401
-112337018855679727672
-115834530689625624308
-119075129576773179112
-122042710080201474967
-124721421155924463332
-127095693716533909738
-129150268194842339284
-130870222107525982133
-132240997618767719008
-133248429103900026688
-133878770713047923504
-134118723934771914835
-133955465159710938604
-133376673244225310774
-132370557074039670844
-130925883127885927345
-129032003041146203336
-126678881169495781900
-123857122152546051640
-120557998477487452175
-116773478042732419636
-112496251721558332162
-107719760925750455396
-102438225169244887981
-96646669631771507056
-90340952722496913752
-83517793643667378688
-76174799954251787467
-68310495133584586172
-59924346145008726862
-51016790999518613068
-41589266319403045289
-31644234901888166488
-21185213282780407588
-10216799300109432968
1255300342228914041
13224242510829665660
25682020079135784166
38619434363795216396
52026067561017948251
65890255182933059200
80199058493945776784
94938236947094531120
110092220620408009405
125644082653262210420
141575511682737499034
157866784279975660708
174496737386536955999
191442740750757175064
208680669364104692164
226184875897537520168
243928163137860365057
261881756424081680428
280015276083770721998
298296709869414602108
316692385394775344227
