-344701461815197186427
-266681552680988937268
-196064595009713131198
-132452198829241243172
-75458108490489125497
-24708037285559334856
20160497934116540668
59498342139635554568
93644867506481074889
122928138796380457204
147665078739162717590
168161633414616205604
184712937634346277259
197603480323632968000
207107269903288665680
213487999671515783536
216999213185764433165
217884469644590097500
216377509269511303786
212702418686867296556
207073796309675710607
199696917719490243976
190767901048258330916
180473872360178814872
168993131033559621457
156495315142675431428
143141566839625353662
129084697736190598132
114469354285692148883
99432183164848437008
84101996655633013624
68599938027132222848
53039646917402874773
37527424715329918444
22162399942484114834
7036693634979709820
-7764415274667892841
-22162324575684458536
-36084943397179248820
-49466526826287348440
-62247510526311992359
-74374345354866892780
-85799331982018566170
-96480455508428660284
-106381220083496281189
-115470483523500320288
-123722291929741781344
-131115714306686107504
-137634677180105508323
-143267799215221286788
-148008225834846166342
-151853463837526617908
-154805216015685186913
-156869215773762820312
-158055061746361193612
-158376052416385037896
-157849020733184466847
-156494168730697303772
-154334902145591408626
-151397665035407005036
-147711774396699007325
-143309254783179347536
-138224672923859302456
-132494972341191820640
-126159307969213849435
-119258880771688662004
-111836772360248184350
-103937779612535322340
-95608249290346288729
-86895912657772930184
-77849720099345054308
-68519675738172756664
-58956672054088747799
-49212324501790680268
-39338806128983475658
-29388682194521651612
-19414744786551648853
-9469847440654158208
393260242013552368
10122097976575310768
19664620176293713709
28969381334427799708
37985701406090722058
46663831190107421804
54955117710872300719
62812169600206894280
70189022479217544644
77041304340153073624
83326400928262455665
89003621123652490820
94034362323145477726
98382275822136886580
102013432196453032115
104896486684208746576
107002844567665052696
108306826555086836672
108785834162600521141
108420515096051738156
107194928632863002162
105096711003891382972
102117240775286178743
98251804230346588952
93499760751379387372
87864708201556595048
81354648306773153273
73982152037504596564
65764524990664725638
56723972771463280388
46887766375263612859
36288407569440360224
24963794275237117760
12957385949624111824
318368967155872829
-12898177998171091780
-26631118591060624550
-40813093393059245044
-55370354540698476865
-70222600343637174680
-85282809902803851244
-100457077728539004424
-115644448358737444223
-130736750976990619804
-145618434030728946514
-160166399849364132908
-174249839262431507773
-187730066217732347152
-200460352399476201368
-212285761846423222048
-223042985570026489147
-232560176172574337972
-240656782465332686206
-247143384086687360932
-251821526120286425657
-254483553713182507336
-254912446693975123396
-252881654190953008760
-248154929250236442871
-240486163453919576716
-229619221538212759850
-215287776011584867420
-197215141772905627189
-175114110729587946560
-148686786415730239600
-117624418610258754064
-81607237955069898419
-40304290573172568868
6626727313169523626
59539634764295526316
118799931505005117647
184784963306416180232
257884087367822473828
338498837698551308312
427043090499821216657
523943229546599627908
629638311569460540158
744580231636442193524
869233888534904743123
