20053196806499166583
-2847560521198378300
-22844543058344464954
-40100561140745121452
-54773800732339891651
-67017878552487726184
-76981897203252873452
-84810500296690770616
-90643927582133934589
-94618070073477853028
-96864525176466875326
-97510651815980103604
-96679625563317283703
-94490493763484696176
-91058230662481047280
-86493792534583359968
-80904172809632864881
-74392457200320891340
-67057878829474758338
-58995873357343665532
-50298134108884584235
-41052667201048148408
-31343846670064545652
-21252469598729408200
-10855811243689703909
-227680162729627252
10561526657943509690
21444768676413386236
32358306667768782113
43241647596817686464
54037489490801406856
64691666312108678288
75153092830989772199
85373709498270605476
95308427318066849462
104915072720498038964
114154332434401681261
122989698360047365112
131387412441850869764
139316411541088273960
146748272308610064947
153657156057555247484
160019753636065452850
165815230299999047852
171025170585645243833
175633523182438205680
179626545805671160832
182992750069210508288
185722846358209927615
187809688701824487956
189248219645924757038
190035415125810910180
190170229338926839301
189653539617574261928
188488091301626830204
186678442611244239896
184230909519586339403
181153510625527238764
177455912026369418666
173149372190557839452
168246686830394050129
162762133774750297376
156711417841783634552
150111615711650030704
142981120799218479575
135339588126785108612
127207879196787287974
118608006864517739540
109563080210838645917
100097249414895759448
90235650626832511220
80004350840504120072
69430292766191701603
58541239703316377180
47365720413153382946
35932973991546178828
24272894741620557545
12415977046498753616
393260242013552368
-11763726510577601056
-24023019351878492689
-36352274851640030732
-48718825136046136546
-61089733014999635644
-73431847109408148683
-85711856978469982456
-97896348246960020884
-109951857732515616008
-121844928572922478981
-133542165353400571060
-145010289233889994598
-156216193076336884036
-167126996571979296895
-177710101368633104768
-187933246197977884312
-197764562002842808240
-207172627064492536313
-216126522129913106332
-224595885539097825130
-232550968352333159564
-239962689477484627507
-246802690797282688840
-253043392296608636444
-258658047189780487192
-263620797047838872941
-267906726925832931524
-271491920490106197742
-274353515145582494356
-276469757163051823079
-277820056806456255568
-278385043460175824416
-278146620756314414144
-277088021701985652193
-275193863806598799916
-272450204209144643570
-268844594805481385308
-264366137375620534171
-259005538711012797080
-252755165741833969828
-245609100664270828072
-237563196067807018325
-228615130062508948948
-218764461406311681142
-208012684632304819940
-196363285176018405199
-183821794502708802592
-170395845234644594600
-156095226278392471504
-140931937952103122377
-124920247112797126076
-108076742283650842234
-90420388781282302252
-71972583843037100291
-52757211754274284264
-32800698975652246828
-12132069270414616376
9217001168323851971
31212128590291385372
53816166560773302274
76989150833326121420
100688244222491670857
124867681476511196944
149478714150039473360
174469555476858910112
199785325242593662543
225367994657423740340
251156331228799116542
277085843634153836548
303088726593620127125
329093805742742505416
355026482505191887948
380808678965479699640
406358782741671982811
431591591858103506188
456418259618091873914
480746239476651634556
504479229913208390113
