85850941762495
79461405820748
73331252611526
67454166699100
61823905754453
56434300555280
51279254985988
46352746037696
41648823808235
37161611502148
32885305430690
28814175011828
24942562770241
21264884337320
17775628451168
14469356956600
11340704805143
8384380055036
5595163871230
2967910525388
497547395885
-1820925032192
-3992433167044
-6021830310160
-7913896656317
-9673339293580
-11304792203302
-12812816260124
-14201899231975
-15476455780072
-16640827458920
-17699282716312
-18656016893329
-19515152224340
-20280737837002
-20956749752260
-21547090884347
-22055591040784
-22486006922380
-22842022123232
-23127247130725
-23345219325532
-23499402981614
-23593189266220
-23629896239887
-23612768856440
-23544978962992
-23429625299944
-23269733500985
-23068256093092
-22828072496530
-22551989024852
-22242738884899
-21902982176800
-21535305893972
-21142223923120
-20726177044237
-20289532930604
-19834586148790
-19363558158652
-18878597313335
-18381778859272
-17875104936184
-17360504577080
-16839833708257
-16314875149300
-15787338613082
-15258860705764
-14731004926795
-14205261668912
-13683048218140
-13165708753792
-12654514348469
-12150662968060
-11655279471742
-11169415611980
-10694050034527
-10230088278424
-9778362776000
-9339632852872
-8914584727945
-8503831513412
-8107913214754
-7727296730740
-7362375853427
-7013471268160
-6680830553572
-6364628181584
-6064965517405
-5781870819532
-5515299239750
-5265132823132
-5031180508039
-4813178126120
-4610788402312
-4423600954840
-4251132295217
-4092825828244
-3948051852010
-3816107557892
-3696217030555
-3587531247952
-3489128081324
-3400012295200
-3319115547397
-3245296389020
-3177340264462
-3113959511404
-3053793360815
-2995407936952
-2937296257360
-2877878232872
-2815500667609
-2748437258980
-2674888597682
-2592982167700
-2500772346307
-2396240404064
-2277294504820
-2141769705712
-1987427957165
-1811958102892
-1612975879894
-1388023918460
-1134571742167
-850015767880
-531679305752
-176812559224
217407374975
653876506828
1135563953030
1665511936988
2246835788821
2882723945360
3576437950148
4331312453440
5150755212203
6038247090116
6997342057570
8031667191668
9144922676225
10340881801768
11623390965536
12996369671480
14463810530263
16029779259260
17698414682558
19473928730956
21360606441965
23362805959808
25484958535420
27731568526448
30107213397251
32616543718900
35264283169178
38055228532580
40994249700313
