122778143618
102853529893
84657205774
68100007757
53095394794
39559413787
27410665082
16570267963
6961826146
-1488606727
-8852561594
-15199188479
-20595290998
-25105360865
-28791612398
-31714017025
-33930337790
-35496163859
-36464945026
-36888026219
-36814682006
-36292151101
-35365670870
-34078511837
-32472012190
-30585612287
-28456889162
-26121591031
-23613671798
-20965325561
-18207021118
-15367536473
-12473993342
-9551891659
-6625144082
-3716110499
-845632534
1966931947
4703674330
7348100747
9885097570
12300896905
14583042086
16720353169
18702892426
20521929839
22169908594
23640410575
24928121858
26028798205
26939230558
27657210533
28181495914
28511776147
28648637834
28593530227
28348730722
27917310353
27303099286
26510652313
25545214346
24412685911
23119588642
21673030775
20080672642
18350692165
16491750350
14512956781
12423835114
10234288571
7954565434
5595224539
3167100770
681270553
-1850982650
-4418202847
-7008796022
-9611064641
-12213242158
-14803527521
-17370119678
-19901252083
-22385227202
-24810451019
-27165467542
-29438993309
-31619951894
-33697508413
-35661104030
-37500490463
-39205764490
-40767402455
-42176294774
-43423780441
-44501681534
-45402337721
-46118640766
-46644069035
-46972722002
-47099354755
-47019412502
-46729065077
-46225241446
-45505664213
-44568884126
-43414314583
-42042266138
-40453981007
-38651667574
-36638534897
-34418827214
-31997858449
-29382046718
-26578948835
-23597294818
-20447022395
-17139311510
-13686618829
-10102712246
-6402705389
-2603092126
1278218929
5221869910
9207019193
13211306890
17210820343
21180059618
25091902999
28917572482
32626599269
36186789262
39564188557
42723048938
45625793371
48232981498
50503275131
52393403746
53858129977
54850215110
55320384577
55217293450
54487491935
53075390866
50923227199
47971029506
44156583469
39415397374
33680667605
26883244138
18951596035
9811776938
-612609437
-12400443806
-25633125823
-40394608586
-56771433143
-74852762998
