-186832460918017358171
-139171975033266768292
-96172299156658897438
-57577492222807543892
-23139557815643167897
7381666086158890328
34218617363750192572
57596120012680984616
77731494397471978217
94834667506186133092
109108283205000438902
120747812492777697236
129941663755638303595
136871293021532029376
141711314214809803856
144629609410795496176
145787439090357697325
145339552394481502124
143434297378840291210
140213731268367513020
135813730711828465775
130364102036392079464
123988691502202697828
116805495556951860344
108926771090450084209
100459145689198646324
91503727890961365278
82156217439336383332
72507015538327948403
62641335106918196048
52639311033638931448
42576110431143411392
32522042890778126261
22542670737154582012
12698919282721082162
3047187082334509772
-6360543812167890569
-15476597597396730760
-24257494463838697204
-32663840341284768824
-40660216644258435079
-48215070017443913980
-55300602081114370106
-61892659176560132620
-67970622111516913285
-73517295905594024480
-78518799535702597216
-82964455681483799152
-86846680470737052611
-90160873224848252596
-92905306204217984806
-95081014353689743652
-96691685047978150273
-97743547837097170552
-98245264191788333132
-98207817248948947432
-97644401557060321663
-96570312821615980844
-95002837650549884818
-92961143299664646268
-90466167418059748733
-87540507793559764624
-84208312098142573240
-80495167633367578784
-76427991075803928379
-72034918222458730084
-67345193736205270910
-62389060891211234836
-57197651318366920825
-51802874750713460840
-46237308768871037860
-40534088546467103896
-34726796595564598007
-28849352512090164316
-22935902721262370026
-17020710223019923436
-11138044337449891957
-5322070450215920128
393260242013552368
5974320986137072688
11387919727191956813
16601409362926071532
21582797998369616426
26300859200406905852
30725242252348150927
34826582408501241512
38576611148743528196
41948266433093604280
44915802956283087761
47454902402328403316
49542783699102564286
51158313272906954660
52282115303043111059
52896681976384504720
52986483741948323480
52538079565467253760
51540227183961262549
49983993360309379388
47862864137821478354
45172855094810060044
41912621599162033559
38083569062910498488
33689963196806526892
28739040264890945288
23241117339066116633
17209702553667722308
10661605360036544102
3617046781090246196
-3900230334104842853
-11862851055761948128
-20239698118802066368
-28995801668282183984
-38092229004823495075
-47485974330039619444
-57129848491964820614
-66972368730482223844
-76957648422752034145
-87025286828639754296
-97110258836144402860
-107142804706826732200
-117048319821237446495
-126747244424345419756
-136154953370965913842
-145181645871188796476
-153732235235806759261
-161706238621743535696
-168997666777482119192
-175494913788492981088
-181080646822662288667
-185631695875720123172
-189018943516668697822
-191107214633210575828
-191755166177176888409
-190815176909955552808
-188133237147919490308
-183548838507854844248
-176894863652389198039
-167997476035419793180
-156676009647541747274
-142742858761476272044
-126003367677498891349
-106255720468867659200
-83290830727251377776
-56892231308157815440
-26835964076361924755
7109530348665939500
45183522847331802314
87633106054489850428
134713304614014214319
186687185433370750184
243825967938188821924
306409134326833083128
374724539824975259057
449068522940165928628
529746015716406306398
617070653988720024548
711364887637724914867
