-7388760379
-7041468588
-6691116894
-6338300732
-5983602825
-5627593184
-5270829108
-4913855184
-4557203287
-4201392580
-3846929514
-3494307828
-3144008549
-2796499992
-2452237760
-2111664744
-1775211123
-1443294364
-1116319222
-794677740
-478749249
-168900368
134514996
431155648
720693105
1002811596
1277208062
1543592156
1801686243
2051225400
2291957416
2523642792
2746054741
2958979188
3162214770
3355572836
3538877447
3711965376
3874686108
4026901840
4168487481
4299330652
4419331686
4528403628
4626472235
4713475976
4789366032
4854106296
4907673373
4950056580
4981257946
5001292212
5010186831
5007981968
4994730500
4970498016
4935362817
4889415916
4832761038
4765514620
4687805811
4599776472
4501581176
4393387208
4275374565
4147735956
4010676802
3864415236
3709182103
3545220960
3372788076
3192152432
3003595721
2807412348
2603909430
2393406796
2176236987
1952745256
1723289568
1488240600
1247981741
1002909092
753431466
499970388
242960095
-17152464
-279907628
-544833024
-811443567
-1079241460
-1347716194
-1616344548
-1884590589
-2151905672
-2417728440
-2681484824
-2942588043
-3200438604
-3454424302
-3703920220
-3948288729
-4186879488
-4419029444
-4644062832
-4861291175
-5070013284
-5269515258
-5459070484
-5637939637
-5805370680
-5960598864
-6102846728
-6231324099
-6345228092
-6443743110
-6526040844
-6591280273
-6638607664
-6667156572
-6676047840
-6664389599
-6631277268
-6575793554
-6497008452
-6393979245
-6265750504
-6111354088
-5929809144
-5720122107
-5481286700
-5212283934
-4912082108
-4579636809
-4213890912
-3813774580
-3378205264
-2906087703
-2396313924
-1847763242
-1259302260
-629784869
41947752
757067136
1516757528
2322215885
3174651876
4075287882
5025358996
6026113023
7078810480
8184724596
9345141312
10561359281
11834689868
13166457150
14557997916
16010661667
