201237596619256115555
177310605653254777816
155387779090034930614
135355624770952695560
117104405512953140833
100528083981284390188
85524267562211731964
71994153235731728092
59842472448286323103
48977435985476953136
39310678844778654946
30757205108254174912
23235332815268078045
16666638835200856996
10975903740163041064
6091056677709305204
1943120243552579035
-1533844645721844152
-4402793879942198386
-6723755282636136008
-8553883738316618663
-9947516319767808292
-10956227415330958124
-11628883856190303668
-12011700043658953705
-12148293076464781280
-12079737878036314694
-11844622323788628496
-11479102368409234475
-11016957173143972652
-10489644233082902272
-9926354504446192796
-9354067531870014893
-8797606575692431432
-8279693739239288474
-7821005096110106264
-7440225817463970223
-7154105299305421940
-6977512289770350164
-6923490016411881796
-7003311313486272881
-7226533749238799600
-7601054753189649262
-8133166743419811296
-8827612253856968243
-9687639061561386748
-10715055314011808552
-11910284656391341484
-13272421358873350453
-14799285443907348440
-16487477813504887490
-18332435376525449704
-20328486175962338231
-22468904516228568260
-24745966090442758012
-27151003107715019732
-29674459420432850681
-32305945651547024128
-35034294321857480342
-37847614977299217584
-40733349316228183099
-43678326316707164108
-46668817363791678800
-49690591376815867324
-52728969936678382781
-55768882413128282216
-58794921092050917610
-61791396302753826872
-64742391545252624831
-67631818617556894228
-70443472742956076708
-73161087697305363812
-75768390936311587969
-78249158722819113488
-80587271254095727550
-82766767789118531200
-84771901775859830339
-86587195978573026716
-88197497605078508920
-89588033434049543372
-90744464942298165317
-91652943432061069816
-92300165158285502738
-92673426455915151752
-92760678867176037319
-92550584268862403684
-92032569999622609868
-91196883987245020660
-90034649875943897609
-88537922153645290016
-86699741279272925926
-84514188810034103120
-81976442528705580107
-79082831570919467116
-75830891552449117088
-72219419696495016668
-68248529960970677197
-63919708165788525704
-59235867120145795898
-54201401749810419160
-48822244224406915535
-43105919084702284724
-37061598369891897076
-30700156744885384580
-24034226627592531857
-17078253316209167152
-9848550116503053326
-2363353469099778848
5357121923231351213
13290627968291424196
21412828057166028856
29697241936939364372
38115190583408349355
46635741073796730856
55225651459469193374
63849315638645467864
72468708229114440745
81043329440948262908
89530149949216458724
97883555766700035052
106055293116605590247
113994413305279423168
121647217594921642186
128957202076300274192
135865002541465373605
142308339356463131380
148221962334049984016
153537595606406722564
158183882497852601635
162086330397559448408
165167255632265771638
167345728338990870664
168537517337748944417
168655035004263200428
167607282142679963836
165299792858282786396
161634579430206555487
156510077184151603120
149821089365097814946
141458732010018739264
131310378820595696029
119259606035931885860
105186137305266499048
88965788560688824564
70470412889852359067
49567845408688915912
26121848134122734158
-7945143215412424
-28966083986274106343
-60901356438867177380
-95966844152959593580
-134319977515953352244
-176122590777973370921
-221540977179153378400
-270745944076921805702
-323912868073287677072
-381221750142126500971
