525383653785751937449
478730993506922954252
434772835813026621722
393387093226384321276
354455433244906380899
317863223214806184152
283499475203314279180
251256790871392487720
221031306346448014109
192722637095047554292
166233822795631404830
141471272211227571908
118344708062165880343
96767111898792082592
76654668974181967760
57926713116855470608
40505671603490780561
24317010031638450716
9289177192435506850
-4646450056680443572
-17555621919257102389
-29501270787113371736
-40543566367625245036
-50739970811011697992
-60145293837620579579
-68811747865214503036
-76789003136256736858
-84124242845197095788
-90862218265757831809
-97045303878219525136
-102713552496706975208
-107904750396475091680
-112654472441194785415
-116996137210238859476
-120961062125967900118
-124578518581016167780
-127875787065577488077
-130878212294691142792
-133609258335527760868
-136090563734675209400
-138341996645424484627
-140381709955055602924
-142226196412123491794
-143890343753743880860
-145387489832879192857
-146729477745624434624
-147926710958493088096
-148988208435703001296
-149921659766462279327
-150733480292255175364
-151428866234127981646
-152011849819974920468
-152485354411824035173
-152851249633123081144
-153110406496025416796
-153262752528675894568
-153307326902496751915
-153242335559473502300
-153065206339440826186
-152772644107368462028
-152360685880647097265
-151824755956374259312
-151159721038640206552
-150359945365813819328
-149419345837828490935
-148331447143468018612
-147089436887652494534
-145686220718724196804
-144114477455733480445
-142366714215724668392
-140435321541021942484
-138312628526515234456
-135990957946946116931
-133462681384193694412
-130720274354560494274
-127756371436058357756
-124563821395694330953
-121135742316756555808
-117465576726100161104
-113547146721433153456
-109374709098602308303
-104943010478879060900
-100247342436245397310
-95283596624679745396
-90048319905442865813
-84538769474363743000
-78752967989125476172
-72689758696551170312
-66348860559889827163
-59730923386102236220
-52837582953146865722
-45671516137265753644
-38236496040270398689
-30537447116827651280
-22580500301745604552
-14373048137259485344
-5923799900317545191
2757163270133048684
11658333245860322378
20766719782061604316
30067795390077634259
39545440210106672312
49181886883918607932
58957665427569068936
68851548104113530509
78840494296321424212
88899595379390246990
99002019593659670180
109118956917325648519
119219563939154529152
129270908731197160640
139237915721503001968
149083310566834231553
158767565025379856252
168248841829469820370
177482939558289114668
186423237510591885371
195020640577415543176
203223524114794872260
210977678816476139288
218226255586631202421
224909710412571620324
230965749237462761174
236329272833037911668
240932321672312386031
244704020802297635024
247570524716715354952
249454962228711596672
250277381343570874601
249954694131430275724
248400621599993568602
245525638567245312380
241236918534164965795
235438278557440996184
228030124122184988492
218909394014645754280
207969505194923440733
195100297669683639668
180187979364871496542
163115070998425819460
143760350952993188183
121998800148642063136
97701546915576894416
70735811866852230800
40964852771086828753
8247909425177761436
-27559851472985472286
-66607391451806838836
-109047855393269660917
-155038626660222508504
-204741382223665089836
-258322147790034142408
-315951352928489323963
-377803886198199103484
-444059150275626652186
-514901117081815734508
-590518382909676599105
