-86388172220310391795
-66878466808114658816
-49315928565748085990
-33587065334566794928
-19582139931515853809
-7195115021843386388
3676402008185318996
13131214178573700412
21264590042879813329
28168318815502221608
33930765498965888494
38636926011208067608
42368482312864193939
45203857534553774836
47218271104166281000
48483793874147037476
49069403248783114645
49041038311489219216
48461654952093585218
47391280994123864992
45887071322093020183
44003363008785212732
41791730442541695868
39301040454546705100
36577507446113349209
33664748515969501240
30603838587543689494
27433365536250988520
24189485316778910107
20905977090373294276
17614298352124200272
14343640058251797556
11120981753392256797
7971146697883640864
4916856995051795818
1978788718496241904
-824372960623935457
-3475878646304194676
-5960859590408647004
-8266272565384165540
-10380844736974494239
-12295018536934356920
-14000896535743566274
-15492186315321132872
-16764145341739374173
-17813525837938023532
-18638519656438339208
-19238703152057213372
-19614982054621281115
-19769536341681029456
-19705765111224906350
-19428231454393429696
-18942607328193296345
-18255618428211491108
-17374989061329395764
-16309387018436898068
-15068368447146500759
-13662322724507430568
-12102417329719747226
-10400542716848452472
-8569257187537599061
-6621731763724399772
-4571695060353336416
-2433378158090268844
-221459476036543955
2048990355556895296
4362563622575400890
6703570654326510736
9056094950825839663
11404048310082970412
13731225955387344628
16021361662594153852
18258182887410230513
20425465892679938920
22507090875671066254
24487097095360713560
26349737999721186739
28079536353005887540
29661339363035204552
31080373808482404196
32322301166159521717
33373272738303252176
34219984779860841442
34849733625775977184
35250470818274679863
35410858234151193724
35320323212053877788
34969113679771096844
34348353281517112441
33450096505217973880
32267383809797409206
30794296752462716200
29026013115990653371
26958862036013330948
24590379128304101872
21919361616063452788
18945923457204895037
15671550471640855648
12099155468568568330
8233133373755964464
4079416356827564095
-354471041449633076
-5059356781880256700
-10024366199554674788
-15236866876563102719
-20682413514709712248
-26344692808226740514
-32205468316488599048
-38244525336725982781
-44439615776739979052
-50766403027616176616
-57198406836438774652
-63706948179004691771
-70261094132537675024
-76827602748402408910
-83370867924818624384
-89852864279575207865
-96233092022744310244
-102468521829395455892
-108513539712309651668
-114319891894693495927
-119836629682893287528
-125010054339109134842
-129783661954109064760
-134098088319943131701
-137891053802657526620
-141097308215008686016
-143648575689177400940
-145473499549482926003
-146497587185097088384
-146643154922758396838
-145829272899486150704
-143971709935294548913
-140982878405906798996
-136771779115469226092
-131243946169265381956
-124301391846430153967
-115842551472663874136
-105762228292946428114
-93951538344251364200
-80297855328260002349
-64684755484075543180
-46991962460937176984
-27095292190934192732
-4866597761720087083
19826285710773326608
47119596209621809282
77153699944194587168
110073146477440242775
146026723853172605884
185167513723356644540
227652946475394356044
273644856359410657945
323309536615539279032
376817794601208650326
434345006918427796072
496071174541072224731
