66100568637041159
57655587968132284
49823655464589040
42577127433151808
35889087740640655
29733339140688202
24084394600472492
18917468627449858
14208468596087791
9933986074597808
6071288151668320
2598308763197500
-506359980973849
-3263476470329426
-5693158266944564
-7814890778753362
-9647535932815817
-11209340848584956
-12517946511173968
-13590396444623336
-14443145385167969
-15092067954504334
-15552467333057588
-15839083933248710
-15966104072761633
-15947168647810376
-15795381806406176
-15523319621624620
-15143038764872777
-14666085179156330
-14103502752346708
-13465841990448218
-12763168690865177
-12005072615669044
-11200676164865552
-10358643049661840
-9487186965733585
-8594080266492134
-7686662636351636
-6771849763996174
-5856142015646897
-4945633108329152
-4046018783139616
-3162605478513428
-2300319003491321
-1463713210986754
-656978671053044
116048655849502
851878745586455
1547358837082132
2199664759052464
2806292256737864
3365048318636095
3874042503235138
4331678265746060
4736644284835882
5087905789360447
5384695885097288
5626506881478496
5813081618323588
5944404792572375
6020694285017830
6042392487038956
6010157627333654
5924855098651591
5787548784527068
5599492386011888
5362120748408224
5077041188001487
4746024818793194
4370997879233836
3954033058955746
3497340825505967
3003260751079120
2474252839250272
1912888851707804
1321843634986279
703886447199310
61872284772428
-601266790824050
-1282530326342153
-1978858150023388
-2687139044865872
-3404219421891464
-4126911993412897
-4852004446300910
-5576268115251380
-6296466656052454
-7009364718851681
-7711736621423144
-8400375022434592
-9072099594714572
-9723765698519561
-10352273054801098
-10954574418472916
-11527684251678074
-12068687397056089
-12574747751010068
-13043116936973840
-13471142978679088
-13856278973422481
-14196091765332806
-14488270618638100
-14730635890932782
-14921147706444785
-15057914629302688
-15139202336802848
-15163442292676532
-15129240420357049
-15035385776246882
-14880859222984820
-14664842102713090
-14386724910344489
-14046115966829516
-13642850092423504
-13176997279953752
-12648871368086657
-12059038714594846
-11408326869624308
-10697833248961526
-9928933807300609
-9103291711510424
-8222866013901728
-7289920325494300
-6307031489284073
-5277098253510266
-4203349944922516
-3089355142048010
-1939030348458617
-756648666038020
453151531751152
1685357926600192
2934575582087183
4195018270409866
5460499799118508
6724425337848770
7979782745054575
9219133894740976
10434606003197024
11617882955728636
12760196633391463
13852318239723758
14884549627479244
15846714625359982
16728150364749239
17517698606444356
18203697067389616
18773970747409112
19215823255939615
19516028138763442
19660820204741324
19635886852545274
19426359397391455
19016804397773048
18391214982193120
17533002175897492
16424986227607607
