-839777213275
-699571524036
-571205448198
-454081779140
-347620700257
-251259556144
-164452623780
-86670883712
-17401791239
43850952404
97567628862
144212731476
184235194099
218068619912
246131510240
268827493368
286545553357
299660258860
308531991938
313507176876
314918508999
313085183488
308313124196
300895212464
291111515937
279229517380
265504343494
250178993732
233484569115
215640501048
196854780136
177324185000
157234511093
136760799516
116067565834
95309028892
74629339631
54162809904
34034141292
14358653920
-4757484727
-23217030988
-40931436210
-57820617932
-73812731069
-88843939096
-102858185232
-115806963624
-127649090531
-138350475508
-147883892590
-156228751476
-163370868713
-169302238880
-174020805772
-177530233584
-179839678095
-180963557852
-180921325354
-179737238236
-177440130453
-174063183464
-169643697416
-164222862328
-157845529275
-150559981572
-142417705958
-133473163780
-123783562177
-113408625264
-102410365316
-90852853952
-78801993319
-66325287276
-53491612578
-40370990060
-27034355821
-13553332408
0
13553332408
27034355821
40370990060
53491612578
66325287276
78801993319
90852853952
102410365316
113408625264
123783562177
133473163780
142417705958
150559981572
157845529275
164222862328
169643697416
174063183464
177440130453
179737238236
180921325354
180963557852
179839678095
177530233584
174020805772
169302238880
163370868713
156228751476
147883892590
138350475508
127649090531
115806963624
102858185232
88843939096
73812731069
57820617932
40931436210
23217030988
4757484727
-14358653920
-34034141292
-54162809904
-74629339631
-95309028892
-116067565834
-136760799516
-157234511093
-177324185000
-196854780136
-215640501048
-233484569115
-250178993732
-265504343494
-279229517380
-291111515937
-300895212464
-308313124196
-313085183488
-314918508999
-313507176876
-308531991938
-299660258860
-286545553357
-268827493368
-246131510240
-218068619912
-184235194099
-144212731476
-97567628862
-43850952404
17401791239
86670883712
164452623780
251259556144
347620700257
454081779140
571205448198
699571524036
839777213275
