820217231707568046625
735765394772095972508
656202851324200341434
581341005070970904748
510995884091363898011
444988085708916150008
383142721364459191756
325289361488833365512
271261980375601933781
220898901053765188324
174042740160474559166
130540352813746723604
90242777485177715215
53005180872657032864
18686802773081749712
-12849099044929377776
-41735303968321800823
-68100683666891069332
-92070257220568722878
-113765246246708181700
-133303130027370637693
-150797700636610945400
-166359118067763513004
-180093965360728193320
-192105303729256174787
-202492727688235872460
-211352420180978819002
-218777207706505555676
-224856615446831523337
-229676922394252953424
-233321216478632758952
-235869449694686425504
-237398493229267902223
-237982192588655492804
-237691422725837746486
-236594143167799349044
-234755453142807013781
-232237646707695372520
-229100267875152866596
-225400165741007637848
-221191549611513419611
-216526044130635427708
-211452744407336251442
-206018271142861744588
-200266825758026916385
-194240245520501822528
-187978058672097456160
-181517539556051638864
-174893763744314911655
-168139663164836425972
-161286081228849834670
-154361827958159183012
-147393735112424799661
-140406711316449187672
-133423797187462915484
-126466220462410507912
-119553451125236337139
-112703256534170513708
-105931756549014777514
-99253478658428388796
-92681413107214019129
-86227068023603642416
-79900524546544425880
-73710491952984621056
-67664362785159454783
-61768267977877020196
-56027131985804167718
-50444727910752396052
-45023732628963743173
-39765781918396677320
-34671525586011987988
-29740682595058676920
-24972096192359849099
-20363789035598603740
-15913018320603925282
-11616330908636574380
-7469618453674978897
-3468172529701124896
393260242013552368
4120423065622277456
7719493843417043753
11197030048542722476
14559913597711171682
17815295723915345276
20970541849143402019
24033176457092814536
27010827965884478324
29911173600776820760
32741884266879910109
35510569421869564532
38224721948701461094
40891663028325244772
43518487012398637463
46112006296001546992
48678696190350176120
51224639795511131552
53755472873115532945
56276328719073121916
58791783036286371050
61305798807364592908
63821671167338049035
66341972276372058968
68868496192481109244
71402203744242962408
73943167403512766021
76490516158137161668
79042380384668393966
81595836721078419572
84146852939473016191
86690232818805891584
89219561017592792576
91727147946625614064
94203974641686508025
96639637636261992524
99022293834257060722
101338605382709289884
103573684544502950387
105711038571083114728
107732514575169766532
109618244403471909560
111346589509401676717
112894085825788439060
114235388637592914806
115343217454621278340
116188300884239269223
116739321504086301200
116962860734789571208
116823343712678168384
116282984162497183073
115301729270121815836
113837204555271486458
111844658744223942956
109276908642529370587
106084284007724500856
102214572422046720524
97612964165148180616
92221997086809905429
85981501479655901540
78828544951867266814
70697377299896299412
61519375381180606799
51222987986857214752
39733680714476676368
26973880840717181072
12862922194098663625
-2683009972303086868
-19750934108142317950
-38431127493089204804
-58817181364115741245
-81006056042781630712
-105098136062520177260
-131197285295924176552
-159410902082031806851
-189849974353612520012
-222629134764452932474
-257866715816642716252
-295684804987860489929
