248936310502172293
202895877592628220
160688597541397002
122133401506955996
87054045240235855
55279051570498576
26641652891215548
979733645945600
-21864227185786951
-42043213602614252
-59705730095446866
-74995859161595724
-88053318818894077
-99013520119819448
-108007624665615584
-115162602120414408
-120601287725357971
-124442439812720404
-126800797320029870
-127787137304190516
-127508332455604425
-126067408612293568
-123563602274021756
-120092418116416592
-115745686505091423
-110611621009767292
-104774875918394890
-98316603751276508
-91314512775187989
-83842924517500680
-75972831280303384
-67771953654524312
-59304798034053035
-50632714129862436
-41813952484130662
-32903721984363076
-23954247377514209
-15014826784109712
-6131889212368308
2650947927676256
11292821310053257
19755564178733044
28003648833505086
36004129115856020
43726582894847699
51143054552995240
58227997472145072
64958216519352984
71312810532762173
77273114807481292
82822643581462498
87947032521379500
92633981208505607
96873195624591776
100656330637744660
103976932488304656
106830381274723953
109213833439444580
111126164254776454
112567910308775428
113541211991121339
114049755978996056
114098717722961528
113694703932837832
112845695063581221
111560987801162172
109851137548443434
107727900911058076
105204178183287535
102293955833939664
99012248992226780
95375043933643712
91399240565845849
87102594914527188
82503661609298382
77621736369564788
72476798490404515
67089453328446472
61480874787748416
55672747805675000
49687210838775821
43546798348663468
37274383287891570
30893119585832844
24426384634557143
17897721774709504
11330782781388196
4749270350022768
-1823119417747903
-8362754528197564
-14846124609634538
-21249898426523676
-27550981393608309
-33726573090032200
-39754224773461496
-45611896894206680
-51278016609344523
-56731535296840036
-61951986069668422
-66919541289937028
-71615070083007297
-76020195851616720
-80117353790000788
-83889848398014944
-87321910995256535
-90398757235186764
-93106644619252642
-95432930011008940
-97366127150240141
-98895964167082392
-100013441096145456
-100710887390634664
-100982019436472867
-100821998066422388
-100227486074206974
-99196705728633748
-97729496287715161
-95827371512790944
-93493577182650060
-90733148607652656
-87552968143852015
-83961822707116508
-79970461287251546
-75591652462121532
-70840241911771813
-65733209932550632
-60289728951231080
-54531221039133048
-48481415426245179
-42166406015346820
-35614708896129974
-28857319859321252
-21927771910803825
-14862192785739376
-7699362462690052
-480770677740416
6749325561380601
13943844461177748
21052821928267502
28023354055256116
34799539606617667
41322422504572104
47529934314963296
53356836733137080
58734664069819309
63591665736993900
67852748733780882
71439420132314444
74269729563620983
76258211703497152
77315828758387908
77349912951264560
76264109007502817
73958316640760836
70328633038857270
65267295349649316
58662623166910763
