-514233403401795798175
-414291438085886176676
-322245471899132632382
-237739800553301518468
-160427968503892156541
-89972658695565054656
-26045582307570125332
31672631500825096432
83492545844907235141
129716026369088856788
170636351501480250838
206538322708461212212
237698374749252823271
264384685930489235800
286857288360789452992
305368178205329111432
320161425940412263081
331473286608043157260
339532310070498022634
344559451264896849196
346768180457775170251
346364593499655844400
343547522079620837524
338508643979883004768
331432593330357872525
322497070863235420420
311872954167551863294
299724407943761433188
286208994258308161327
271477782798197660104
255675461125568905064
238940444932266016888
221404988294410043377
203195293926970741436
184431623438338359058
165228407584895417308
145694356525588492307
125932570076499997216
106040647965419964220
86110800086417826512
66229956754414200277
46479878959752666676
26937268622771553830
7673878848375718804
-11243375819391670409
-29752309142777352904
-47795352935746192880
-65319446809409397656
-82275927917452735687
-98620420701564754580
-114312726636864999110
-129316713977332229236
-143600207501232638117
-157134878256548070128
-169896133306404238876
-181863005474498945216
-193018043090530295267
-203347199735624918428
-212839723987766185394
-221488049167222426172
-229287683081975148097
-236237097773147253848
-242337619260431259464
-247593317287517512360
-252010895067522409343
-255599579028416614628
-258371008558453277854
-260339125751596252100
-261520065152948311901
-261932043504179371264
-261595249488954701684
-260531733478363150160
-258765297276345357211
-256321383865121974892
-253226967150621884810
-249510441707910416140
-245201512526617563641
-240331084756366205672
-234931153452200322208
-229034693320013212856
-222675548461975714871
-215888322121964421172
-208708266430989898358
-201171172152624904724
-193313258428432608277
-185171062523394804752
-176781329571340135628
-168180902320372306144
-159406610878298303315
-150495162458056613948
-141483031123145442658
-132406347533050929884
-123300788688675369905
-114201467677765428856
-105142823420340362744
-96158510414120235464
-87281288479954136815
-78542912507248400516
-69974022199394822222
-61604031819198877540
-53461019934307940045
-45571619162639499296
-37960905917809378852
-30652290154559954288
-23667405114188371211
-17025997069974763276
-10745815072610470202
-4842500695626255788
670522219179474071
5782157816312453368
10483748481154337968
14769185094534487592
18635017287301747801
22080563694896231980
25108022211921103322
27722580246714356812
29932524975920601211
31749353599062841040
33187883593114258564
34266362967069995776
35006580516518936381
35433976078215487780
35577750784651363054
35470977318627362948
35150710167825157855
34658095879379069800
34038483314447854424
33341533902786482968
32621331897317924257
31936494628704926684
31350282759921800194
30930710540826198268
30750656062730899907
30887971512975591616
31425593429498649388
32451652955408920688
34059586093557506437
36348243961109542996
39422003044115984150
43390875452085383092
48370619172555674407
54482848325665956056
61855143418728271360
70621161600799390984
80920746917252594921
92900040564349454476
106711591143811614250
122514464917392574124
140474356061449471243
160763696921514862000
183561768266868504020
209054809545109138144
237436129136726270413
268906214609671954052
303672842973932571454
341951190936100616164
383963945153946474863
