-8923673485155
-6949061867550
-5169481013004
-3574149632034
-2152618397099
-894765418204
209208281496
1168783290092
1993126331317
2691094788942
3271241231172
3741817935042
4110781410813
4385796926368
4574243031608
4683216082848
4719534767213
4689744627034
4600122584244
4456681464774
4265174522949
4031099965884
3759705477880
3455992744820
3124721978565
2770416441350
2397366970180
2009636501226
1611064594221
1205271956856
795664969176
385440207976
-22411028803
-425098197678
-820026985228
-1204794783698
-1577186166603
-1935168364332
-2276886739752
-2600660263812
-2904976991147
-3188489535682
-3450010546236
-3688508182126
-3903101588771
-4093056373296
-4257780080136
-4396817666640
-4509846978675
-4596674226230
-4657229459020
-4691562042090
-4699836131419
-4682326149524
-4639412261064
-4571575848444
-4479394987419
-4363539922698
-4224768543548
-4063921859398
-3881919475443
-3679755068248
-3458491861352
-3219258100872
-2963242531107
-2691689870142
-2405896285452
-2107204869506
-1797001115371
-1476708392316
-1147783421416
-811711751156
-470003233035
-124187497170
224190572100
573575360610
922405048765
1269116135936
1612147964856
1949947246016
2280972582061
2603698992186
2916622436532
3218264340582
3507176119557
3781943702812
4041192058232
4283589716628
4507853296133
4712752026598
4897112273988
5059822064778
5199835610349
5316177831384
5407948882264
5474328675464
5514581405949
5528060075570
5514211017460
5472578420430
5402808853365
5304655789620
5177984131416
5022774734236
4839128931221
4627273057566
4387562974916
4120488595762
3826678407837
3506903998512
3162084579192
2793291509712
2401752822733
1988857748138
1556161237428
1105388488118
638439468133
157393440204
-335486513736
-837748968156
-1346749629531
-1859646811946
-2373396912700
-2884749887910
-3390244728115
-3886204933880
-4368733991400
-4833710848104
-5276785388259
-5693373908574
-6078654593804
-6427562992354
-6734787491883
-6994764794908
-7201675394408
-7349439049428
-7431710260683
-7441873746162
-7373039916732
-7218040351742
-6969423274627
-6619449028512
-6160085551816
-5583003853856
-4879573490451
-4040858039526
-3057610576716
-1920269150970
-618952260155
856545673340
2516758827000
4372554502580
6435137650501
8716055394246
11227201554756
13980821174826
16989515043501
