-113469629055940157
-97210817186738640
-82268835527222190
-68575807518991336
-56065928760484547
-44675438249917256
-34342589628220884
-25007622421981864
-16612733286380665
-9102047248130816
-2421588948417930
3480746114161272
8655220340659937
13150282788842056
17012597930243440
20287074407232696
23016893790072203
25243539333979088
27006824736186202
28344922893003096
29294394656876997
29890217593453784
30165814738638964
30153083355658648
29882423692120527
29382767737074848
28681607978075390
27805026158240440
26777722033313769
25623042128725608
24363008496653624
23018347473083896
21608518434871891
20151742556803440
18665031568655714
17164216512258200
15663976498553677
14177867464659192
12718350930927036
11296822758005720
9923641903900951
8608159181036608
7358746013315718
6182823193181432
5086889638678001
4076551150511752
3156549169112064
2330789531692344
1602371229311003
973615163932432
446092905487978
20655448936920
-302538028672555
-523991411142376
-644842886063612
-666836187755496
-592291840204449
-424078400003104
-165583699289330
179313911314744
606274319763705
1110524409649832
1686886817264072
2329808688657016
3033390436699875
3791414498145456
4597374090689138
5444501970029848
6325799186931037
7234063844281656
8161919854157132
9101845694880344
10046203168082599
10987266155764608
11917249377357462
12828337146783608
13712712129517825
14562584099648200
15370218696937104
16127966183882168
16828290202777259
17463796532773456
18027261846940026
18511662469325400
18910203132018149
19216345732207960
19423838089246612
19526742701708952
19519465504453871
19396784625685280
19153879144013086
18786357845514168
18290287980793353
17662224022044392
16899236420110936
15998940361547512
14959524525680499
13779779841669104
12459128245566338
10997651437379992
9396119638133613
7656020346927480
5779587097999580
3769828217786584
1630555581984823
-633586627388736
-3017093164935514
-5513568964814344
-8115700383680495
-10815226443624696
-13602910075112160
-16468509359921608
-19400748774084293
-22387290430823024
-25414705323491190
-28468444568511784
-31532810648316427
-34590928654284392
-37624717529681628
-40614861312599784
-43540780378895233
-46380602685128096
-49111135011501266
-51707834204799432
-54144778421328103
-56394638369852632
-58428648554537240
-60216578517884040
-61726704083672061
-62925778599896272
-63779004181706606
-64250002954346984
-64300788296094339
-63891736081197640
-62981555922816916
-61527262415962280
-59484146380432953
-56805746103756288
-53443818584126794
-49348310773345160
-44467330819757279
-38747119311193272
-32132020517906512
-24564453635512648
-15984884027928629
-6331794470311728
4458343608001434
16451098880555864
29714108880839173
44317108759342552
60331960040621748
77832679380358040
96895467322419215
117598737055920544
140023143172285758
164251610422308024
190369362473210921
