-228578855213082559549
-195899478933133338020
-165442292272601258894
-137115145914789882892
-110828202728936012843
-86493910206566748188
-64026972897856539484
-43344324847984242908
-24365102033490174761
-7010614798633165972
8795679708252383398
23128205098399449652
36059293306251330953
47659212153104592820
57996192910752013624
67136457865125530084
75144247879939182763
82081849960332061564
88009624816511251226
92986034427394776820
97067669604254549245
100309277554359310724
102763789444617580300
104482347965220599332
105514334893285276991
105907398656497135756
105707481896753256910
104958849033805226036
103704113828902078513
101984266948433245012
99838703527571496992
97305250733915892196
94420195331134720147
91218311242608447644
87732887115072664258
83995753882261027828
80037312328548209957
75886560652592841508
71571122030980458100
67117272181866445604
62549966928618985639
57892869763462001068
53168379411118101494
48397657392451528756
43600655588111102425
38796143802173165300
34001737325784528904
29233924500805418980
24508094283452420987
19838563807941425596
15238605950130574186
10720476891163204340
6295443681110795341
1973811802615913668
-2235047265464841508
-6322668484417892828
-10281465692029739249
-14104704038944010548
-17786472425018521826
-21321655935682328012
-24705908278292778367
-27935624218492570988
-31007912016566807312
-33920565863800046620
-36672038318833360541
-39261412744021387556
-41688375741789387502
-43953189590990296076
-46056664683261779339
-48000131959383288220
-49785415345633113020
-51414804190145437916
-52891025699267395465
-54217217373916121108
-55396899445935807674
-56433947314454759884
-57332563982242448855
-58097252492066566604
-58732788363050080552
-59244192027028288028
-59636701264905870773
-59915743643013949444
-60086908949467138118
-60155921630520598796
-60128613226927095907
-60010894810294050812
-59808729419440596308
-59528104496754631132
-59175004324549874465
-58755382461422920436
-58275134178610292626
-57740068896345498572
-57155882620216084271
-56528130377520688684
-55862198653626098240
-55163277828324301340
-54436334612189542861
-53686084482935378660
-52916964121771730078
-52133103849761938444
-51338300064179819579
-50535987674866718300
-49729212540588562924
-48920603905392919772
-48112346834966047673
-47306154652989952468
-46503241377499441514
-45704294157239178188
-44909445708020736391
-44118246749079655052
-43329638439432492632
-42541924814233881628
-41752745221133583077
-40959046756633541060
-40157056702444937206
-39342254961845245196
-38509346496035285267
-37652233760496278716
-36763989141346902404
-35836827391700343260
-34862078068021352785
-33830157966483301556
-32730543559325233730
-31551743431208921548
-30281270715575919839
-28905615531004620524
-27410217417567307120
-25779437773187209244
-23996532289995557117
-22043623390688636068
-19901672664884841038
-17550453305481731084
-14968522545013083883
-12133194092005950236
-9020510567337708572
-5605215940593119452
-1860727966421380073
2240889379106821228
6728953462142250470
11634190554700073524
16988763398302801609
22826298767623236788
29181915034127417464
36092249729717563876
43595487110375023595
51731385719803217020
60541305953070582874
70068237620253523700
80356827510079351357
91453406953569232516
103406019387681134156
116264447918952769060
130080242887144541311
144906749428882491788
160799135041301243662
177814417145686947892
196011490651120228721
