532591462868001539275
491576322310726535876
451499143668417324830
412398314965451414260
374309338646894903369
337264886705788373432
301294855810432778788
266426422431675337832
232684097970195424007
200089783883790456796
168662826814661792714
138420073716700616300
109375926982773831109
81542399572009950704
54929170137084989648
29543638151508354496
5390979036908734787
-17525800709680005964
-39205808388532939274
-59650209969948180700
-78862174966960998847
-96846821308057924376
-113611160209890859012
-129164041049991184552
-143516096239483871873
-156679686095801589940
-168668843715398814814
-179499219846465938660
-189188027761643378755
-197753988130735686496
-205217273893425656408
-211599455131988435152
-216923443944005630533
-221213439315079420508
-224494871991546662194
-226794349353193000876
-228139600285966979015
-228559420054694145256
-228083615175791163436
-226742948289979921592
-224569083035001640969
-221594528918330985028
-217852586189890168454
-213377290714763066164
-208203358845909322315
-202366132296878459312
-195901523014523986816
-188845958051717510752
-181236324440062842317
-173109914062610106988
-164504368526569853530
-155457624036027163004
-146007856264655757775
-136193425228432110520
-126052820158349553236
-115624604373132386248
-104947360151949987217
-94059633607130920148
-82999879556877044398
-71806406397977623684
-60517320978523435091
-49170473470620878080
-37803402243106083496
-26453278734259022576
-15156852324517615957
-3950395209191842684
7130352728822150782
18050239046327941556
28774753867114721321
39270085009243187320
49503173112331433348
59441766764840840744
69054477631361969383
78310835579900448668
87181343809162868522
95637533975842670380
103652021321906038181
111198559801877789360
118252097210127265840
124788830308154225024
130786259951874730787
136223246218907044468
141080063535857515862
145338455805606474212
148981691534594119201
151994618960106411944
154363721177560965980
156077171267792938264
157124887424340920159
157498588080732828428
157191847037771796226
156200148590822064092
154520942657094870941
152153699902934345056
149099966871103395080
145363421108069601008
140949926291291105179
135867587356502503268
130126805625000735278
123740333930930976532
116723331748572528665
109093420319624710616
100870737780492749620
92077994289573672200
82740527154542195159
72886355959636616572
62546237692944706778
51753721873689599372
40545205679515682197
28959989073774488336
17040329932810587104
4831499173247475040
-7618164120726533101
-20257197570072413356
-33030960373614541562
-45881578180754802364
-58747887964186698223
-71565382892609458424
-84266157203442148084
-96778851075537777160
-109028595501897409457
-120936957162384271636
-132421883296437862222
-143397646575788060612
-153774789977169236083
-163460071655034356800
-172356409814269098824
-180362827582905955120
-187374397884838344565
-193282188312534720956
-197973205999752682018
-201330342494253078412
-203232318630514122743
-203553629402445498568
-202164488836102469404
-198930774862399987736
-193713974189826804025
-186371127177159575716
-176754772706176976246
-164712893054373804052
-150088858767675091579
-132721373533150214288
-112444419051726999664
-89087199910905836224
-62474088457473782525
-32424569670218676172
1246813967356757174
38730517594320794788
80222049099598607873
125922024249258152552
176036221813796060860
230775638695423531736
290356545055352222015
355000539441080137420
424934603913677523554
500391159175072756892
581608119695338235773
