385174673907093484687
363059121678140026748
340784135912830464974
318421359043158122524
296039113223666144813
273702455458733390504
251473232729860322500
229410137122954898936
207568760955618464171
186001651904431639780
164758368132240215546
143885533415441040452
123426892271267913673
103423365085077475568
83913103237635098672
64931544232400778688
46511466822815025479
28683046139584754060
11473908817969175590
-5090811874934311636
-20988420912904231195
-36198606383309137544
-50703384359821725028
-64487043775132936888
-77536091293666074269
-89839196184290905228
-101387135193037773742
-112172737415811708716
-122190829171106532991
-131438178872718972352
-139913441902462764536
-147617105482882768240
-154551433549969072129
-160720411625871103844
-166129691691611739010
-170786537059801410244
-174699767247352216163
-177879702848192030392
-180338110405978610572
-182088147286813707368
-183144306551957173477
-183522361830541072636
-183239312192283788630
-182313327020204134300
-180763690883335460551
-178610748409439765360
-175875849157721802784
-172581292491543191968
-168750272451136526153
-164406822626319481684
-159575761029208927018
-154282634966935031732
-148553665914355375531
-142415694386769057256
-135896124812630803892
-129022870406265079576
-121824298040580194605
-114329173119782414444
-106566604452090068734
-98565989122447660300
-90356957365239974159
-81969317437006186528
-73433000489153973832
-64778005440673621712
-56034343850852134033
-47231984791987341892
-38400799722102012626
-29570507357657958820
-20770618546270147315
-12030381139420808216
-3378724865173543900
5155793799112561976
13545046754068835467
21761389405602903332
29777715792184584026
37567513712131778692
45104919850896362153
52364774908350073904
59322678726070409104
65955045414626509568
72239158480865054759
78153225955196152780
83676435518879231366
88789009631308928876
93472260657300985285
97708645994378133176
101481823200055988732
104776705119128942728
107579515010956051523
109877841676746928052
111660694586847632818
112918559008026564884
113643451130760352865
113828973196519745920
113470368625055504744
112564577141684292560
111110289904574566111
109108004632032466652
106560080729787710942
103470794418279482236
99846393859942321277
95695154286492017288
91027433126211498964
85855725131236725464
80194717504842577403
74061345028728747844
67474845190305633290
60456813309980224676
53031257668441998361
45224654633948807120
37066003789612771136
28586883060686168992
19821503841847328663
10806766124486518508
1582313623991838262
-7809411092964889972
-17323111481142230731
-26910581889443244200
-36520652433629595220
-46099133869035662296
-55588762463282646605
-64929144868992681004
-74056702996502939038
-82904618886579743948
-91402779583132677679
-99477722005928689888
-107052577823306206952
-114047018324889240976
-120377199294301498801
-125955705881880491012
-130691497477391640946
-134489852582742393700
-137252313684696325139
-138876632127587250904
-139256712986033335420
-138282559937651200904
-135840220135770036373
-131811729082145706652
-126075055499674861382
-118504046205109044028
-108968370981768800887
-97333467452257790096
-83460485951176890640
-67206234397838311360
-48423123168979699961
-26959109971478252020
-2657644715064819994
24642385614961977772
55106712085021648037
88905738940537713656
126214598733223604572
167213207448368548808
212086319632123463459
261023583518786845684
314219596158090663698
371873958542486247764
434191330734430181185
