160259850899057
135491504598940
113633110948882
94507160834684
77941701252259
63770262200920
51831783576668
41970542065480
34036078036597
27883122435812
23371523678758
20366174544196
18736939067303
18358579432960
19110682869040
20877588539696
23548314438649
27016484282476
31180254403898
35942240645068
41209445250859
46893183762152
52909011909124
59176652504536
65619922337021
72166659064372
78748648106830
85301549540372
91764824989999
98081664523024
104198913542360
110066999679808
115639859689345
120874866340412
125732755311202
130177552081948
134176498828211
137699981314168
140721455785900
143217375864680
145167119440261
146552915564164
147359771342966
147575398831588
147190141926583
146196903259424
144591071089792
142370446198864
139535168782601
136087645345036
132032475591562
127376379322220
122128123324987
116298448269064
109899995598164
102947234423800
95456388418573
87445362709460
78933670771102
69942361319092
60493945203263
50612322300976
40322708410408
29651562143840
18626511820945
7276282362076
-4369377818446
-16279769919044
-28423317857597
-40767641378152
-53279629157636
-65925511912568
-78670935505771
-91481034053084
-104320503030074
-117153672378748
-129944579614265
-142657042931648
-155254734312496
-167701252631696
-179960196764135
-191995238691412
-203770196608550
-215249108030708
-226396302899893
-237176476691672
-247554763521884
-257496809253352
-266968844602595
-275937758246540
-284371169929234
-292237503568556
-299506060362929
-306147091898032
-312131873253512
-317432776109696
-322023341854303
-325878354689156
-328973914736894
-331287511147684
-332798095205933
-333486153437000
-333333780713908
-332324753364056
-330444602275931
-327680686005820
-324022263884522
-319460569124060
-313988881924393
-307602602580128
-300299324587232
-292078907749744
-282943551286487
-272897866937780
-261948952072150
-250106462793044
-237382687045541
-223792617723064
-209354025774092
-194087533308872
-178016686706131
-161168029719788
-143571176585666
-125258885128204
-106267129867169
-86635175124368
-66405648130360
-45624612131168
-24341639494991
-2609884818916
19513841964370
41969002479868
64691256803555
87612390355672
110660240794012
133758624907208
156827265508021
179781718326628
202533298903910
224989009484740
247051465911271
268618824516224
289584709016176
309838137404848
329263448846393
347740230568684
365143244756602
381342355445324
396202455413611
409583393077096
421339899381572
431321514696280
439372515707197
445331842310324
449033024504974
450304109287060
448967587542383
