-293723465035
-258528111996
-225687567798
-195097342940
-166655846257
-140264346784
-115826935620
-93250487792
-72444624119
-53321673076
-35796632658
-19787132244
-5213394461
8001802952
19933165280
30652918968
40230849757
48734340820
56228410898
62775752436
68436769719
73269617008
77330236676
80672397344
83347732017
85405776220
86894006134
87857876732
88340859915
88384482648
88028365096
87310258760
86266084613
84929971236
83334292954
81509707972
79485196511
77288098944
74944153932
72477536560
69910896473
67265396012
64560748350
61815255628
59045847091
56268117224
53496363888
50743626456
48021723949
45341293172
42711826850
40141711764
37638266887
35207781520
32855553428
30585926976
28402331265
26307318268
24302600966
22389091484
20566939227
18835569016
17193719224
15639479912
14170330965
12783180228
11474401642
10239873380
9075015983
7974830496
6933936604
5946610768
5006824361
4108281804
3244458702
2408639980
1593958019
793430792
0
-793430792
-1593958019
-2408639980
-3244458702
-4108281804
-5006824361
-5946610768
-6933936604
-7974830496
-9075015983
-10239873380
-11474401642
-12783180228
-14170330965
-15639479912
-17193719224
-18835569016
-20566939227
-22389091484
-24302600966
-26307318268
-28402331265
-30585926976
-32855553428
-35207781520
-37638266887
-40141711764
-42711826850
-45341293172
-48021723949
-50743626456
-53496363888
-56268117224
-59045847091
-61815255628
-64560748350
-67265396012
-69910896473
-72477536560
-74944153932
-77288098944
-79485196511
-81509707972
-83334292954
-84929971236
-86266084613
-87310258760
-88028365096
-88384482648
-88340859915
-87857876732
-86894006134
-85405776220
-83347732017
-80672397344
-77330236676
-73269617008
-68436769719
-62775752436
-56228410898
-48734340820
-40230849757
-30652918968
-19933165280
-8001802952
5213394461
19787132244
35796632658
53321673076
72444624119
93250487792
115826935620
140264346784
166655846257
195097342940
225687567798
258528111996
293723465035
