-257319881819
-229125217860
-202653042438
-177831713860
-154591522657
-132864666160
-112585223076
-93689128064
-76114146311
-59799848108
-44687583426
-30720456492
-17843300365
-6002651512
4853275616
14774614008
23809869517
32005946284
39408172162
46060324140
52004653767
57281912576
61931377508
65990876336
69496813089
72484193476
74986650310
77036468932
78664612635
79900748088
80773270760
81309330344
81534856181
81474582684
81152074762
80589753244
79808920303
78829784880
77671488108
76352128736
74888788553
73297557812
71593560654
69790980532
67903085635
65942254312
63920000496
61846999128
59733111581
57587411084
55418208146
53233075980
51038875927
48841782880
46647310708
44460337680
42285131889
40125376676
37984196054
35864180132
33767410539
31695485848
29649547000
27630302728
25638054981
23672724348
21733875482
19820742524
17932254527
16067060880
14223556732
12399908416
10594078873
8803853076
7026863454
5260615316
3502512275
1749881672
0
-1749881672
-3502512275
-5260615316
-7026863454
-8803853076
-10594078873
-12399908416
-14223556732
-16067060880
-17932254527
-19820742524
-21733875482
-23672724348
-25638054981
-27630302728
-29649547000
-31695485848
-33767410539
-35864180132
-37984196054
-40125376676
-42285131889
-44460337680
-46647310708
-48841782880
-51038875927
-53233075980
-55418208146
-57587411084
-59733111581
-61846999128
-63920000496
-65942254312
-67903085635
-69790980532
-71593560654
-73297557812
-74888788553
-76352128736
-77671488108
-78829784880
-79808920303
-80589753244
-81152074762
-81474582684
-81534856181
-81309330344
-80773270760
-79900748088
-78664612635
-77036468932
-74986650310
-72484193476
-69496813089
-65990876336
-61931377508
-57281912576
-52004653767
-46060324140
-39408172162
-32005946284
-23809869517
-14774614008
-4853275616
6002651512
17843300365
30720456492
44687583426
59799848108
76114146311
93689128064
112585223076
132864666160
154591522657
177831713860
202653042438
229125217860
257319881819
