7293648521887
8375442834920
9333125561102
10171566591640
10895562711029
11509837597052
12019041820780
12427752846572
12740475032075
12961639628224
13095604779242
13146655522640
13119003789217
13016788403060
12844075081544
12604856435332
12303051968375
11942508077912
11526998054470
11060222081864
10545807237197
9987307490860
9388203706532
8751903641180
8081741945059
7380980161712
6652806727970
5900336973952
5126613123065
4334604292004
3527206490752
2707242622580
1877462484047
1040542765000
199087048574
-644374188808
-1487383577435
-2327556854308
-3162582863140
-3990223554356
-4808313985093
-5614762319200
-6407549827238
-7184730886480
-7944432980911
-8684856701228
-9404275744840
-10101036915868
-10773560125145
-11420338390216
-12039937835338
-12630997691480
-13192230296323
-13722421094260
-14220428636396
-14685184580548
-15115693691245
-15511033839728
-15870356003950
-16192884268576
-16477915824983
-16724820971260
-16933043112208
-17102098759340
-17231577530881
-17321142151768
-17370528453650
-17379545374888
-17348074960555
-17276072362436
-17163565839028
-17010656755540
-16817519583893
-16584401902720
-16311624397366
-15999580859888
-15648738189055
-15259636390348
-14832888575960
-14369180964796
-13869272882473
-13333996761320
-12764258140378
-12161035665400
-11525381088851
-10858419269908
-10161348174460
-9435438875108
-8682035551165
-7902555488656
-7098489080318
-6271399825600
-5422924330663
-4554772308380
-3668726578336
-2766643066828
-1850450806865
-922151938168
16178292830
962391532984
1914266322437
2869508094620
3825749176252
4780548787340
5731393041179
6675694944352
7610794396730
8533958191472
9442380015025
10333180447124
11203406960792
12050033922340
12869962591367
13660021120760
14416964556694
15137474838632
15818160799325
16455558164812
17046129554420
17586264480764
18072279349747
18500417460560
18866849005682
19167671070880
19398907635209
19556509571012
19636354643920
19634247512852
19545919730015
19367029740904
19093162884302
18719831392280
18242474390197
17656457896700
16957074823724
16139544976492
15199015053515
14130558646592
12929176240810
11589795214544
10107269839457
8476381280500
6691837595912
4748273737220
2640251549239
362259770072
-2091285968890
-4726043142968
-7547742334195
-10562187231316
-13775254629788
-17192894431780
-20821129646173
-24666056388560
-28733843881246
-33030734453248
-37563043540295
