-15509325319033
-12937710138416
-10504441682126
-8206000846168
-6038905079903
-3999708386048
-2085001320676
-291410993216
1384398933547
2945728243472
4395840167062
5737961381464
6975282010469
8110955624512
9148099240672
10089793322672
10939081780879
11698971972304
12372434700602
12962404216072
13471778215657
13903417842944
14260147688164
14544755788192
14759993626547
14908576133392
14993181685534
15016452106424
14980992666157
14889372081472
14744122515752
14547739579024
14302682327959
14011373265872
13676198342722
13299506955112
12883611946289
12430789606144
11943279671212
11423285324672
10872973196347
10294473362704
9689879346854
9061248118552
8410600094197
7739919136832
7051152556144
6346211108464
5626968996767
4895263870672
4152896826442
3401632406984
2643198601849
1879286847232
1111552025972
341612467552
-428950051901
-1198590309616
-1965799636178
-2729105915528
-3487073584963
-4238303635136
-4981433610056
-5715137607088
-6438126276953
-7149146823728
-7846983004846
-8530455131096
-9198420066623
-9849771228928
-10483438588868
-11098388670656
-11693624551861
-12268185863408
-12821148789578
-13351626068008
-13858766989691
-14341757398976
-14799819693568
-15232212824528
-15638232296273
-16017210166576
-16368515046566
-16691552100728
-16985763046903
-17250626156288
-17485656253436
-17690404716256
-17864459476013
-18007445017328
-18119022378178
-18198889149896
-18246779477171
-18262464058048
-18245750143928
-18196481539568
-18114538603081
-17999838245936
-17852333932958
-17672015682328
-17458910065583
-17213080207616
-16934625786676
-16623683034368
-16280424735653
-15905060228848
-15497835405626
-15059032711016
-14588971143403
-14088006254528
-13556530149488
-12994971486736
-12403795478081
-11783503888688
-11134635037078
-10457763795128
-9753501588071
-9022496394496
-8265432746348
-7483031728928
-6676050980893
-5845284694256
-4991563614386
-4115755040008
-3218762823203
-2301527369408
-1365025637416
-410271139376
561686059207
1549759339472
2552825529202
3569724902824
4599261181409
5640201532672
6691276570972
7751180357312
8818570399339
9892067651344
10970256514262
12051684835672
13134863909797
14218268477504
15300336726304
16379470290352
17454034250447
18522357134032
19582730915194
20633411014664
21672616299817
22698529084672
23709295129892
24703023642784
25677787277299
26631622134032
27562527760222
28468467149752
29347366743149
