-214944693872810507333
-150002057867341669612
-91253183206984348354
-38384215330155451964
8909886279133911545
50925458345850216536
87950244058509301732
120263503323748152200
148136123020896681335
171830727256549512844
191601787619137762730
207695733433500821276
220351062015458135029
229798448926380988784
236260858227764287568
239953652735798338624
241084704275940633395
239854503937487629508
236456272328146532758
231076069828607079092
223892906847113316593
215078854074035387464
204799152736441310012
193212324852668760632
180470283486896855791
166718443003717934012
152095829322709337858
136735190173005195916
120763105347868204781
104300096959261411040
87460739692419993256
70353771060423043952
53082201658765351595
35743425419929182580
18429329867956063214
1226406373018561700
-15784139594007929879
-32526278206973413576
-48929045029881503596
-64926430762317644312
-80457270984877328281
-95465135904594314260
-109898220100368845222
-123709232268395866372
-136855284967593243163
-149297784365029979312
-161002319981354434816
-171938554436222543968
-182080113193726033373
-191404474307820639964
-199892858167754329018
-207530117243495512172
-214304625831161265439
-220208169798445547224
-225235836330047416340
-229385903673099250024
-232659730882594961953
-235061647566818220260
-236598843632770665550
-237281259031600128916
-237121473504028849955
-236134596325781694784
-234338156053014374056
-231751990267741660976
-228398135323265609317
-224300716089603771436
-219485835698917416290
-213981465290939747452
-207817333758404121127
-201024817492472264168
-193636830128162492092
-185687712289777927096
-177213121336334716073
-168249921106990248628
-158836071666471375094
-149010519050502624548
-138813085011234422827
-128284356762671310544
-117465576726100161104
-106398532275518398720
-95125445483062216429
-83688862864434794108
-72131545124334516490
-60496356901883191180
-48826156516054266671
-37163685711101050360
-25551459401984926564
-14031655419803574536
-2646004257219186481
8564321186113314428
19558815858118056034
30297752808869999180
40742293445166719693
50854597785100190368
60597934712628562952
69936792232147950128
78836987723064207499
87265778194364715572
95191970539190161742
102586031789406322276
109420199370175844297
115668591354530027768
121307316717940607476
126314585592891535016
130670819523450760775
134358761719842015916
137363587313016594362
139673013609225134780
141277410344589402565
142169909939674071824
142346517754058507360
141806222340908546656
140551105701548281859
138586453540031841764
135920865517715173798
132566365507827826004
128538511850044729025
123856507605057978088
118543310809148614988
112625744728758410072
106134608115061644223
99104785458536890844
91575357243538797842
83589710202869869612
75195647572352249021
66445499345399499392
57396232527588386488
48109561391230660496
38652057729944838011
29095261113227984020
19515789141027493886
9995447698312875332
621341209647530425
-8514017106239462440
-17312594981881566556
-25670730846503004920
-33479023571446978249
-40622222215603882996
-46979115770839529366
-52422422907423359332
-56818681719456664651
-60028139470300804880
-61904642338005425392
-62295525160736675392
-61041501182205425933
-57976551797095487932
-52927816296491830186
-45715481613308797388
-36152672067718328143
-24045339112578172984
-9192151078860112388
8615617078921825208
29594194037283145391
53967422358340669756
81966868744384317890
113831934292448889356
149809964748885845677
