-86993536596883896707
-77432432179134364108
-67871575035197032750
-58344637551309879164
-48883631974985791009
-39518937978655512568
-30279330223310590244
-21192005922146318056
-12282612404204683135
-3575274678017311220
4907377004751587846
13144179585662274620
21115409635856534563
28802755792414732544
36189291194712867344
43259445920779626160
49998979423653439109
56394952967739533732
62435702065166989498
68110808912145792308
73411074825323888999
78328492678144241848
82856219337201883076
86988548098600969352
90720881124311836297
94049701878528052988
96972547564023476462
99487981558509306220
101595565850991138731
103295833478126021936
104590260960579509752
105481240739382716576
105972053612289371789
106066841170132874260
105770578233183346850
105089045287504690916
104028800921311640815
102597154261326818408
100802137409137787564
98652477877554108664
96157571026964393105
93327452501693357804
90172770666358879702
86704759042229050268
82935208743579230003
78876440914049102944
74541279162999731168
69943022001870609296
65095415280536718997
60012624623665583492
54709207867074322058
49200087494086704532
43500523071890205815
37626083687893060376
31592620386081316756
25416238603375892072
19113270605989626521
12700247925784337884
6193873796627876030
-389004409248822580
-7031422744894680389
-13716328252281424240
-20426606525946530872
-27145109276636172416
-33854681894948161891
-40538191014974898700
-47178552077946314126
-53758756895872816828
-60261901215188238337
-66671212280392778552
-72970076397695951236
-79142066498659529512
-85170969703840491359
-91040814886433965108
-96735900235916174938
-102240820821687386372
-107540496156714851773
-112620197761175755840
-117465576726100161104
-122062691277013953424
-126398034337581787483
-130458561093250032284
-134231716554889716646
-137705463122439474700
-140868308148548491385
-143709331502219447944
-146218213132451467420
-148385260631883060152
-150201436800435069271
-151658387208953616196
-152748467762853046130
-153464772265758873556
-153801159983150727733
-153752283206005298192
-153313614814439280232
-152481475841352320416
-151253063036069962067
-149626476427986590764
-147600746890208379838
-145175863703196235868
-142352802118408744177
-139133550921945114328
-135521139998188125620
-131519667893447072584
-127134329379600710479
-122371443017740200788
-117238478721812056714
-111744085322261088676
-105898118129673349805
-99711666498419081440
-93197081390295658624
-86368002938170535600
-79239388009624191307
-71827537770593074876
-64150125249012551126
-56226222898459846060
-48076330161796992361
-39722401034813774888
-31187871629870676172
-22497687739541821912
-13678332400257926471
-4757853455949238372
4234108878311514206
13266294452666177932
22305795618828228827
31318029666439826768
40266711259428869992
49113824872366049600
57819597226821904061
66342469727723873716
74639070899713355282
82664188823502756356
90370743572232549919
97709759647828328840
104630338417357860380
111079630549388140696
117002808450342449345
122343038700857403788
127041454492140013894
131037128062324736444
134267043132830529635
136666067344717907584
138166924695045994832
138700167973229580848
138194151197396174533
136575002050743058724
133766594317894344698
129690520321258026676
124266063357383036327
117410170133316297272
109037423202959779588
99060013403427554312
87387712291402847945
73927844579495096956
58585260572597002286
41262308604241583852
21858807472959235051
