258662308818728977435
232526675075824837316
208423704352178352926
186239904489145645876
165865538303671784345
147194568461004892088
130124602347410257444
114556836942884442344
100396003693869391319
87550313385966540508
75931401016650926666
65454270667985296172
56037240379334214037
47601887020078172912
40072991162327702096
33378481953637476544
27449381989720425875
22219752187161843380
17626636656133495030
13610007573107728484
10112710053571582097
7080407024740893928
4461524098274410748
2207194442987897048
271203657568244047
-1390065356712421300
-2817687523282627294
-4050250717557448484
-5123910894224396659
-6072447214529311840
-6927317173562253272
-7717711727543390416
-8470610421108893941
-9210836514596826716
-9961112111333034802
-10742113284917038444
-11572525206507923063
-12469097272110230248
-13446698229859848748
-14518371307309905464
-15695389338716656441
-16987309892325377860
-18402030397656257030
-19945843272790283380
-21623491051655139451
-23438221511311091888
-25391842799236882432
-27484778560615618912
-29716123065620666237
-32083696336701537388
-34584099275869784410
-37212768791984889404
-39964032928040155519
-42831165988448597944
-45806443666328834900
-48881198170790978632
-52045873354222526401
-55290079839574251476
-58602650147646094126
-61971693824373052612
-65384652568111074179
-68828355356922946048
-72289073575864186408
-75752576144268935408
-79204184643035846149
-82628828441913975676
-86011099826788675970
-89335309126967484940
-92585539842466017415
-95745703771293856136
-98799596136740442748
-101730950714660968792
-104523494960762266697
-107161005137888700772
-109627361443308058198
-111906603135997440020
-113982983663929152139
-115841025791356596304
-117465576726100161104
-118841863246833112960
-119955546830367487117
-120792778778939978636
-121340255347497833386
-121585272870984739036
-121515782891626716047
-121120447286218008664
-120388693393406975908
-119310769140981982568
-117877798173157290193
-116081834977858948084
-113915920014010684286
-111374134838819796580
-108451657235063043475
-105144816338372535200
-101451147764521624696
-97369448736710798608
-92899833212853568277
-88043787012862360732
-82804222945934409682
-77185535937837646508
-71193658158196591255
-64836114147778243624
-58122075945777973964
-51062418217105414264
-43669773379670349145
-35958586731668606852
-27945171578867950246
-19647764361893967796
-11086579783515964571
-2283865935932853232
6736040571940954976
15946659487189659232
25319311785610178147
34823064544426258772
44424675815002585606
54088539495558889604
63776630203884057185
73448448150050239240
83060964009126960140
92568563793895226744
101922993727561637407
111073305116472490988
119965799222827895858
128543972137395878908
136748459652226494557
144516982133365933760
151784289393570633016
158482105565021383376
164539073972037439451
169880702003790628420
174429305987019459038
178103956058743230644
180820421038976142169
182491113303441401144
183025033656285332708
182327716202791488616
180301173222094756247
176843840039895467612
171850519901173508362
165212328842902426796
156816640566763542869
146547031311860057200
134283224727431160080
119901036745566140480
103272320453918495059
84264910968420037172
62742570305995005878
38564932257274174948
11587447259308961873
-18338672731714463128
-51366509367761068100
-87653493036232850344
-127361457987254727409
-170656697460960428084
-217710018814778383390
-268696798650717617572
-323797037942653639091
