1879971069965989
3350372666615436
4362625940373162
4958586786402476
5178379082417455
5060423445743920
4641465990380412
3956607084059168
3039330105307097
1921530200506756
633543040957326
-795826420064412
-2339275190243101
-3970973481163832
-5666535951251168
-7402992948708168
-9158761754455411
-10913617825070020
-12648666035724686
-14346311923126692
-15990232928456937
-17565349640308960
-19057797037627964
-20454895732649840
-21745123213840191
-22918085088833356
-23964486327371434
-24876102504243308
-25645751042223669
-26267262455012040
-26735451590171800
-27046088872069208
-27195871544812427
-27182394915190548
-27004123595612614
-26660362747046644
-26151229321958657
-25477623307251696
-24641198967204852
-23644336086412288
-22490111212722263
-21182268900176156
-19725192951947490
-18123877663280956
-16383899064431437
-14511386163603032
-12512992189888080
-10395865836206184
-8167622502243235
-5836315537390436
-3410407483683326
-898741318740804
1689488301295847
4344763798823936
7057273431840340
9816940051002480
12613449856689297
15436281156062228
18274733120126182
21117954540790516
23954972587930011
26774721566445848
29566071673326584
32317857754709128
35018908062939717
37658073013634892
40224253942742474
42706431863602540
45093696224008399
47375273663267568
49540556769262748
51579132835512800
53480812618233721
55235659093399620
56834016213803694
58266537666119204
59524215627960451
60598409524943752
61480874787748416
62163791609177720
62639793701219885
62901997052109052
62944028683386258
62760055406960412
62344812582169271
61693632872840416
60802475004352228
59667952520694864
58287362541531233
56658714519257972
54780758996066422
52653016361003604
50275805607033195
47650273088096504
44778421276173448
41663137518343528
38308222793846805
34718420471144876
30899445064981850
26858010993445324
22601861335027359
18139796585685456
13481703415903532
8638583427752896
3622581911953225
-1552983395066460
-6873593554106818
-12323499666137212
-17885694115234733
-23541881811523224
-29272451434112304
-35056446674036392
-40871537477193731
-46693991287285412
-52498644288754398
-58258872649724548
-63946563764939641
-69532087498702400
-74984267427813516
-80270352084510672
-85355986199407567
-90205181944432940
-94780290175769594
-99041971676793420
-102949168401012421
-106459074715005736
-109527108641362664
-112106883101621688
-114150177159209499
-115606907262380020
-116425098487153430
-116550855780255188
-115928335202055057
-114499715169506128
-112205167699083844
-108982829649725024
-104768773965766887
-99496980919886076
-93099309356037682
-85505467932394268
-76642986364284893
-66437186667134136
-54811154399401120
-41685709905518536
-26979379558831667
-10608367004537412
7513475597376690
27474676329193436
49366172272526935
73281338265383584
99316015659223044
127568541076019216
158139775165321217
191133131361314356
226654604639881110
264812800275662100
305718962599117067
