343428279612028283309
306331617778273457020
271514142796888103518
238883705351175783524
208350468310373299867
179826879166007751988
153227642468253590444
128469692262289671412
105472164524656311193
84156369599612340716
64445764635492160042
46265926021062792868
29544521821880941031
14211284216650039012
197981933577308440
-12561607313269187404
-24131724387603489083
-34574656294564686500
-43950763744359864394
-52318508715907047836
-59734482020478147725
-66253430865341906284
-71928286417406842556
-76810191366864197900
-80948527490830881487
-84390943216992415796
-87183381187245882110
-89370105821342866012
-90993730880532402881
-92095247031203923388
-92714049408530198992
-92887965180110287436
-92653281109612478243
-92044771120417238212
-91095723859260156914
-89837970259874892188
-88301911106636115637
-86516544598202458124
-84509493911159455268
-82307034763662492940
-79934122979079752759
-77414422049635157588
-74770330700051317030
-72023010451192472924
-69192413183707444841
-66297308701672575580
-63355312296234676664
-60382912309253973836
-57395497696947052555
-54407385593529803492
-51431848874860368026
-48481143722082083740
-45566537185266429917
-42698334747055973036
-39885907886307312268
-37137721641734024972
-34461362175549612191
-31863564337110444148
-29350239226558705742
-26926501758465342044
-24596698225473003793
-22364433861938992892
-20232600407578207904
-18203403671106089548
-16278391093881566195
-14458479313549999364
-12743981727686129218
-11134636057437020060
-9629631911165005829
-8227638348090635596
-6926831441935619060
-5724921844565772044
-4619182349633961991
-3606475456223053460
-2683280932488853622
-1845723379303057756
-1089599793896194745
-410407133500572572
196630121006776184
736532401461148852
1214537488767227173
1636072949256131804
2006728571042476822
2332228800381424228
2618405178025738451
2871168775582840852
3096482631871864228
3300334189280707316
3488707730123089297
3667556812995604300
3842776709134775906
4020176838774111652
4205453207501157535
4404160842614552516
4621686229481083024
4863219747892737460
5133728108423760701
5437926788787708604
5780252470194502510
6164835473707483748
6595472196600468139
7075597548714800500
7608257388816409148
8196080960952860404
8841253330810413097
9545487822071073068
10309998452769647674
11135472371650800292
12022042294526104823
12969258940631100196
13976063468982344872
15040759914734471348
16160987625537240661
17333693697892596892
18555105413511721670
19820702675672088676
21125190445574518147
22462471178700231380
23825617261167905236
25206843446090726644
26597479289933447105
27987941588869437196
29367706815137741074
30725283553400130980
32048184937098161743
33322901084810225284
34534871536608605120
35668457690416530868
36706915238365232749
37632366603150996092
38425773374392215838
39066908744986451044
39534329947467479387
39805350690362351668
39856013594548446316
39661062629610523892
39193915550197781593
38426636332380907756
37329907610009136362
35873003111067301540
34023760094032892071
31748551784233105892
29012259810201904600
25778246640037067956
22008328017757248389
17662745399659025500
12700138390673960566
7077517180725651044
750234981086785075
-6328039539263804012
-14205349817284083196
-22931478959511765260
-32557977305707254287
-43138189992496591156
-54727284517014399038
-67382278300546828892
-81162066252174504961
