8351785533949
7004193494034
5761640698836
4619320385486
3572552301301
2616781195652
1747575311832
960624878924
251740603669
-383147837666
-947993307420
-1446632714670
-1882788523363
-2260070260448
-2581976024008
-2851893991392
-3073103927347
-3248778692150
-3381985749740
-3475688675850
-3532748666139
-3555926044324
-3547881770312
-3511178948332
-3448284335067
-3361569847786
-3253314072476
-3125703771974
-2980835394099
-2820716579784
-2647267671208
-2462323219928
-2267633495011
-2064865991166
-1855606936876
-1641362802530
-1423561808555
-1203555433548
-982619922408
-761957794468
-542699351627
-325904186482
-112562690460
96402438050
300134685565
497842215376
688796359416
872330110128
1047836612333
1214767655098
1372632163604
1520994691014
1659473910341
1787741106316
1905518667256
2012578576932
2108740906437
2193872306054
2267884497124
2330732763914
2382414445485
2422967427560
2452468634392
2471032520632
2478809563197
2475984753138
2462776087508
2439433061230
2406235158965
2363490346980
2311533565016
2250725218156
2181449668693
2104113727998
2019145148388
1926991114994
1828116737629
1723003542656
1612147964856
1496059839296
1375260893197
1250283237802
1121667860244
989963115414
855723217829
719506733500
581875071800
443390977332
304617021797
166114095862
28439901028
-107852558502
-242216483955
-374112790120
-503011613480
-628393820344
-749752514979
-866594547742
-978442023212
-1084833808322
-1185327040491
-1279498635756
-1366946796904
-1447292521604
-1520181110539
-1585283675538
-1642298647708
-1690953285566
-1731005183171
-1762243778256
-1784491860360
-1797607078960
-1801483451603
-1796052872038
-1781286618348
-1757196861082
-1723838171387
-1681309029140
-1629753331080
-1569361898940
-1500373987579
-1423078793114
-1337816961052
-1244982094422
-1145022261907
-1038441505976
-925801351016
-807722311464
-684885399939
-558033635374
-427973551148
-295576703218
-161781178251
-27593101756
105911853784
237586960780
366212928405
490496394462
609068417252
720482967442
823215419933
915661045728
996133503800
1062863332960
1113996443725
1147592610186
1161623961876
1153973475638
1122433467493
1064704084508
978391796664
861007888724
709966952101
522585376726
296079842916
27565813242
-285943975603
