-388071075743185835
-331327968584333028
-278763261840222390
-230191402934832196
-185431663884594017
-144308083784270768
-106649411292834756
-72289047119345728
-41064986508828919
-12819761728153100
12599615448091374
35341711251714516
55550727435048659
73366558785070408
88924850637522592
102357056391036216
113790495021252413
123348408594944396
131150019784139410
137310589380240684
141941473808149383
145150182640386560
147040436111215108
147712222630761712
147261856299138801
145782034420566500
143361895017494582
140087074344724420
136039764403530939
131298770455784568
125939568538073192
120034362975824104
113652143897425957
106858744748350716
99716899805275610
92286301690205084
84623658884592751
76782753243463344
68814497509534668
60766992827339552
52685586257347801
44612928290088148
36589030360270206
28651322360906420
20834710157434019
13171633101836968
5692121546767920
-1576145640329832
-8607783563100403
-15379643782153364
-21870756800941790
-28062274551640308
-33937412881023145
-39481394036342176
-44681389151204972
-49526460731452848
-54007505141038911
-58117195087906108
-61849922109865274
-65201739060473180
-68170302594910581
-70754815655860264
-72955969959385096
-74775888480806072
-76218067940580363
-77287321290179364
-77989720197966742
-78332537535076484
-78324189861290945
-77974179910918896
-77293039078673572
-76292269905550720
-74984288564706647
-73382367347336268
-71500577148551154
-69353729953257580
-66957321322034573
-64327472877011960
-61480874787748416
-58434728257109512
-55206688007145763
-51814804764970676
-48277467748638798
-44613347153023764
-40841336635696345
-36980495802802496
-33049992694941404
-29069046273043536
-25056868904248687
-21032608847784028
-17015292740842154
-13023768084459132
-9076645729392549
-5192242361999560
-1388522990114936
2316956571070888
5907107213133765
9365364048537788
12675743924757242
15822902938398556
18792193949322255
21569724094764912
24142412303461100
26498046809765344
28625342667774073
30513999265447572
32154757838731934
33539458985681012
34661100180578371
35513893288059240
36093322077232464
36396199735802456
36420726384191149
36166546589659948
35634806880431682
34828213259812556
33751088720314103
32409430757775136
30810968885483700
28965222148299024
26883556636773473
24579243001274500
22067513966106598
19365621843633252
16492896048398891
13470800611250840
10322991693461272
7075375100849160
3756163797902229
395935421898908
-2972310202969718
-6313093551477956
-9588397883243553
-12757611728605744
-15777471374503300
-18602003350352576
-21182466913925559
-23467296537227916
-25402044392377042
-26929322837480108
-27988746902512109
-28516876775193912
-28447160286870304
-27709875398388040
-26232072685973891
-23937517827112692
-20746634086425390
-16576444801547092
-11340515869005113
-4948898230097024
2691929643231300
11679119262507632
22113509636855345
34099684787115364
47746031259968118
63164795642055492
80472142074102779
