180333172746712568219
179325851622983458120
177033202895100182806
173560123402671880472
169007755009718742745
163473539731957905676
157051274864089340732
149831168107081745788
141899892695458436119
133340642524583235392
124233187277946366658
114653927554450343344
104675949995695860245
94369082413267684516
83799948916020546664
73032025037365031540
62125692862553469331
51138296155965826552
40124195488395597038
29134823364335692936
18218739349264335697
7421685196930947068
-3213360023357959916
-13646124799452889940
-23838990049075474417
-33756933992532580496
-43367477025430420070
-52640626591388658784
-61548822054754525043
-70066879573316919020
-78171936971020521664
-85843398610679903708
-93062880266693634677
-99814153997758391896
-106083093019583069498
-111857616577602887432
-117127634819693500471
-121884993668885107220
-126123419696076559124
-129838464992749469476
-133027452043682322425
-135689418599664581984
-137825062550210801038
-139436686796274730352
-140528144122963427579
-141104782072251366268
-141173387815694544872
-140742133027144595756
-139820518755462894205
-138419320297234667432
-136550532069483103586
-134227312482383460760
-131463928811977175999
-128275702072885974308
-124678951891025977660
-120690941376321814004
-116329821995420726273
-111614578444406681392
-106564973521514479286
-101201492999843861888
-95545290500073622147
-89618132363175713036
-83442342523129356560
-77040747379635152764
-70436620670829188741
-63653628345997147640
-56715773438288417674
-49647340937430201128
-42472842662441623367
-35216962134347841844
-27904499448894155108
-20560316149260111812
-13209280098773619721
-5876210353625054720
1414177964418630178
8637328795299795824
15768900267956007925
22784819827605928036
29661339363035204552
36375090333882363700
42903138897924700531
49223041038364169912
55312897691113277518
61151409872080970824
66717933804458530097
71992536046005459388
76956048616335377524
81590124124201909100
85877290894784575471
89801008096974685744
93345720870661227770
96496915454016759136
99241174310783298157
101566231257558214868
103461026591080122016
104915762215514766052
105921956769740918123
106472500754636265064
106561711660363300390
106185389093655215288
105340869905101789609
104027083316435282860
102244606047816325196
99995717445119808412
97284454607220776935
94116667513280318816
90500074150031456722
86444315639065038928
81961011364115630309
77063814098347403332
71768465131640029048
66092849397874568084
60057050602219361635
53683406348415922456
46996563266064825854
40023532137911600680
32793743027132620321
25339100404620993692
17694038276272456228
9895575310271260876
1983369964376069087
-6000224386794158192
-14010104324474269526
-21998361258467032000
-29914226299857240227
-37704015133725825356
-45311072891863964080
-52675719025487187644
-59735192177949490853
-66423595057457441080
-72671839309784287274
-78407590390984068968
-83555212440105725287
-88035713151907203956
-91766688649569570308
-94662268357411116292
-96633059873601469481
-97586093842875702080
-97424768829248439934
-96048796188727971536
-93354144942030357035
-89232986647293537244
-83573640272791442648
-76260517069648102412
-67174065444551753389
-56190715832468949128
-43182825569358668882
-28018623764886426616
-10562156175138380015
9326769924664560508
31792640867452622804
56984291721593063980
85054961418176061391
116162347878300603632
150468663140360381530
188140688487329679136
229349829574049264717
