91328059627259
82502917356412
74112130025542
66143789535452
58586134000369
51427547747944
44656561319252
38261851468792
32232241164487
26556699587684
21224342133154
16224430409092
11546372237117
7179721652272
3114178903024
-660409548736
-4154051027693
-7376606645108
-10337791298818
-13047173673236
-15514176239351
-17748075254728
-19758000763508
-21552936596408
-23141720370721
-24533043490316
-25735451145638
-26757342313708
-27606969758123
-28292440029056
-28821713463256
-29202604184048
-29442780101333
-29549762911588
-29530928097866
-29393504929796
-29144576463583
-28791079542008
-28339804794428
-27797396636776
-27170353271561
-26465026687868
-25687622661358
-24844200754268
-23940674315411
-22982810480176
-21976230170528
-20926408095008
-19838672748733
-18718206413396
-17570045157266
-16399078835188
-15210051088583
-14007559345448
-12796054820356
-11579842514456
-10363081215473
-9149783497708
-7943815722038
-6748898035916
-5568604373371
-4406362455008
-3265453788008
-2149013666128
-1060031169701
-1349165636
1024335692582
2014472964892
2966658424657
3878634058664
4748288067124
5573654863672
6352915075367
7084395542692
7766569319554
8398055673284
8977620084637
9504174247792
9976776070352
10394629673344
10757085391219
11063639771852
11313935576542
11507761780012
11645053570409
11725892349304
11750505731692
11719267545992
11632697834047
11491462851124
11296375065914
11048393160532
10748622030517
10398312784832
9998862745864
9551815449424
9058860644747
8521834294492
7942718574742
7323641875004
6666878798209
5974850160712
5250122992292
4495410536152
3713572248919
2907613800644
2080687074802
1236090168292
377267391437
-492190732016
-1368547464896
-2247919856608
-3126278743133
-3999448747028
-4863108277426
-5712789530036
-6543878487143
-7351614917608
-8131092376868
-8877258206936
-9584913536401
-10248713280428
-10863166140758
-11422634605708
-11921334950171
-12353337235616
-12712565310088
-12992796808208
-13187663151173
-13290649546756
-13295094989306
-13194192259748
-12980987925583
-12648382340888
-12189129646316
-11595837769096
-10860968423033
-9976837108508
-8935613112478
-7729319508476
-6349833156611
-4788884703568
-3038058582608
-1088793013568
1067619997139
3440034656524
6037451385022
8869016816492
11944023798217
15271911390904
18862264868684
22724815719112
26869441643167
31306166555252
36045160583194
41096740068244
46471367565077
