-65483748347766844459
-68893712777843339120
-70961352370813338182
-71791563966285979840
-71485489428281455721
-70140570772516901876
-67850605293692289772
-64705800692776317284
-60792830204292299687
-56194887723604060648
-50991742934201823218
-45259796434988100824
-39072134867563588261
-32498586043513052684
-25605774071691224600
-18457174485508688860
-11113169370217775651
-3631102490198451488
3934665583755789794
11532702347152036048
19114448234512065823
26634161492086457372
34048863050568697660
41318281397809291372
48404797451529869921
55273389432037300456
61891577734937794870
68229369803851018808
74259205003124200675
79955899490546240644
85296591090061819664
90260684164485508468
94829794488215876581
98987694119949601328
102720256275395576842
106015400199989023072
108863036041605594791
111255009723275490604
113185047815897561956
114648702410953422140
115643295993221555305
116167866313491425464
116223111261277585502
115811333737533786184
114936386527367085163
113603617172751955988
111819812845244397112
109593145218696040900
106933115341968262637
103850498511646289536
100357289144753309746
96466645651464581360
92192835307821541423
87551179128445914940
82557996739253823884
77230551250169896204
71586994127841374833
65646310068352226696
59428261869937251718
52953335305696191832
46242683996307839987
39318074282744149156
32201830098984341344
24916777844729016596
17486191258114262005
9933736288425760720
2283415968812900954
-5440484710997115008
-13213453931985161801
-21010808173126081972
-28807747338674576972
-36579409885451098148
-44300927950127737735
-51947482476514119848
-59494358342843291474
-66916999489057613464
-74191064044094651525
-81292479453173067212
-88197497605078508920
-94882749959449502876
-101325302674063344131
-107502711732121987552
-113393078069537938814
-118975102702220145392
-124228141853359887553
-129132262080716669348
-133668295403904109604
-137817894431675832916
-141563587489211360639
-144888833745402001880
-147778078340136744490
-150216807511588146056
-152191603723498224893
-153690200792464351036
-154701539015225137232
-155215820295946329932
-155224563273506700283
-154720658448783935120
-153698423311940527958
-152153657469709669984
-150083697772681141049
-147487473442587200660
-144365561199588478972
-140720240389559867780
-136555548111376411511
-131877334344199198216
-126693317074761250562
-121013137424653416824
-114848414777610261877
-108212801906795958188
-101122040102090176808
-93594014297373978364
-85648808197815704051
-77308759407156866624
-68598514554998041390
-59545084424084757200
-50177899077593387441
-40528862986417041028
-30632410156451453396
-20525559255880877492
-10247968742463974767
158008009180293832
10647267580286776870
21171901380658241432
31681140521379482131
42121300687531430116
52435727010905262080
62564738942716509268
72445575126319166485
82012338269919801104
91195940019291662074
99924045830488788928
108121019842560120791
115707869750263605388
122602191676780308052
128718115046428520732
133966247457377871001
138253619554363431064
141483629901399826766
143555989854495346600
144366668434366050715
143807837199149879924
141767815117120764712
138131013439402734244
132777880572684025373
125584846951931191648
116424269913103212322
105164378565865601360
91669218666304516447
75798597489640867996
57408028702944428156
36348677237847939820
12467304163261225633
-14393788441914703000
-44396812616073536906
-77708549642189560136
-114500405175103540957
