-244862537494063724963
-204942009826856533084
-167763870888251266510
-133219344157743578444
-101202182649831748609
-71608641350373737752
-44337449652944242148
-19289783795191748104
3630760704804413537
24518196612177012892
43464172538913866534
60558000507500782988
75886683514564508227
89534943094515671168
101585246883191729168
112117836181499913520
121210753519060174949
128939870217848129108
135378913955838002074
140599496330645575844
144671140423171133831
147661308361242406360
149635428883257516164
150656924901827923880
150787241067421373545
150085871332004838092
148610386512687464846
146416461855363521020
143557904598355339211
140086681536056262896
136052946582573591928
131505068335371528032
126489657638914120301
121051595148308210692
115234058892946379522
109078551840149890964
102624929458811638543
95911427283039090632
88974688475797235948
81849791392551529048
74570277144910835825
67168177164270379004
59674040765454683638
52116962710360522604
44524610771599862099
36923253296142807136
29337786768960547040
21791763376668300944
14307418571168263285
6905698633292549300
-393711763553859478
-7572361989750169724
-14613007895816830825
-21499584248772589384
-28217177168491543724
-34751996564060198392
-41091348570134518663
-47223607983296985044
-53138190698413647778
-58825526144991181348
-64277029723533938981
-69485075241901007152
-74442967351663260088
-79144913984460414272
-83585998788358082947
-87762153564204830620
-91670130701989227566
-95307475617196904332
-98672499187167606241
-101764250187452247896
-104582487728169967684
-107127653690365182280
-109400845162364641151
-111403786876134481060
-113138803643637280570
-114608792793189114548
-115817196605816608669
-116767974751613993920
-117465576726100161104
-117914914286575715344
-118121333888480030587
-118090589121748304108
-117828813147168611014
-117342491132738958748
-116638432690024341593
-115723744310513795176
-114605801801977450972
-113292222724823590808
-111790838828455701367
-110109668487629528692
-108256889138810132690
-106240809716528941636
-104069843089740806677
-101752478498181056336
-99297253988722551016
-96712728851732737504
-94007456057430703475
-91189954692244231996
-88268682395166856030
-85252007794114912940
-82148182942284598993
-78965315754509023864
-75711342443615265140
-72393999956781422824
-69020798411893673839
-65598993533903326532
-62135559091183875178
-58637159331888054484
-55110121420304894093
-51560407873216773088
-47993588996256474496
-44414815320264239792
-40828790037644823403
-37239741438724547212
-33651395348108355062
-30066947561036867260
-26489036279743435081
-22919714549811195272
-19360422696530124556
-15811960761254094136
-12274460937757924199
-8747360008594438420
-5229371781451518466
-1718459525509158500
1788191592203480315
5294202070451015312
8804025637434787816
12322976814435808640
15857258479457703581
19413989430869658916
23001231951049366898
26628019370025971252
30304383629123012671
34041382844601374312
37851128871302227292
41746814866289976184
45742742852495204513
49854351282357620252
54098242601469001318
58492210812216141068
63055269037423793795
67807677083997620224
72770969006567133008
77967980671128642224
83422877318688200869
89161181128904550356
95209798783732066010
101597049031063702564
108352690248373939655
115507948006361727320
123095542632593431492
131149716775145779496
139706262966248805545
148802551185928796236
158477556425651236046
168771886251963752828
179727808370139063307
