42972293
43607452
44145850
44589404
44940031
45199648
45370172
45453520
45451609
45366356
45199678
44953492
44629715
44230264
43757056
43212008
42597037
41914060
41164994
40351756
39476263
38540432
37546180
36495424
35390081
34232068
33023302
31765700
30461179
29111656
27719048
26285272
24812245
23301884
21756106
20176828
18565967
16925440
15257164
13563056
11845033
10105012
8344910
6566644
4772131
2963288
1142032
-689720
-2530051
-4377044
-6228782
-8083348
-9938825
-11793296
-13644844
-15491552
-17331503
-19162780
-20983466
-22791644
-24585397
-26362808
-28121960
-29860936
-31577819
-33270692
-34937638
-36576740
-38186081
-39763744
-41307812
-42816368
-44287495
-45719276
-47109794
-48457132
-49759373
-51014600
-52220896
-53376344
-54479027
-55527028
-56518430
-57451316
-58323769
-59133872
-59879708
-60559360
-61170911
-61712444
-62182042
-62577788
-62897765
-63140056
-63302744
-63383912
-63381643
-63294020
-63119126
-62855044
-62499857
-62051648
-61508500
-60868496
-60129719
-59290252
-58348178
-57301580
-56148541
-54887144
-53515472
-52031608
-50433635
-48719636
-46887694
-44935892
-42862313
-40665040
-38342156
-35891744
-33311887
-30600668
-27756170
-24776476
-21659669
-18403832
-15007048
-11467400
-7782971
-3951844
27898
4158172
8440895
12877984
17471356
22222928
27134617
32208340
37446014
42849556
48420883
54161912
60074560
66160744
72422381
78861388
85479682
92279180
99261799
106429456
113784068
121327552
129061825
136988804
145110406
153428548
161945147
