-8059036148293982579
-13677643355273279620
-17925427108669915870
-20907284248093029524
-22724356637562812209
-23474086292796399976
-23250270508493764292
-22143116985623603032
-20239298958709231471
-17622010323114473276
-14371020762329551498
-10562730875256979564
-6270227303497452269
-1563337858635736768
3491313350473436432
8830250790419482480
14393092375950071189
20122494342685236044
25964096119831483210
31866465202895900540
37781042026400266583
43662084836595159592
49466614564174066532
55154359696987492088
60687701152757067673
66031617151789660436
71153628089691482270
76023741410082198820
80614396477309038491
84900409449160901456
88858918149582468664
92469326941388310848
95713251598976997533
98574464181045206044
101038837903301830514
103094292011182090892
104730736652561641951
105940017750470682296
106715861875808063372
107053821120055398472
106951217967991171745
106407090170404847204
105422135616810977734
103998657208163314100
102140507729568913955
99853034723002250848
97143025360019323232
94018651314471763472
90489413635220946853
86566087618852100588
82260667682388412826
77586312236005141660
72557288555743724135
67188917656225885256
61497519163367746996
55500356187093937304
49215580194051699113
42662175880324999348
35859906044148637934
28829256458622356804
21591380744424948907
14168045242528367216
6581573886911833736
-1145206922724051488
-8989023448243201363
-16926209740359932740
-24932762765924857406
-32984397535210773076
-41056602229198554385
-49124693326863043880
-57163870732458943012
-65149272902806703128
-73056031974578416463
-80859328891583707132
-88534448532055622122
-96056834835936522284
-103402145932163973325
-110546309265956636800
-117465576726100161104
-124136579772233072464
-130536384562132665931
-136642547079000896372
-142433168258750269462
-147886949117289732676
-152983245877810566281
-157702125098072274328
-162024418797688475644
-165931779585412794824
-169406735786424753223
-172432746569615659948
-174994257074874502850
-177076753540373839516
-178666818429855688261
-179752185559917419120
-180321795227297644840
-180365849336162111872
-179875866525389591363
-178844737295857770148
-177266779137729141742
-175137791657736897332
-172455111706470816769
-169217668505663159560
-165426038775474555860
-161082501861779897464
-156191094863454228799
-150757667759658637916
-144789938537126147482
-138297548317447605772
-131292116484357577661
-123787295811020235616
-115798827587315250688
-107344596747123683504
-98444686995613875259
-89121435936527338708
-79399490199464649158
-69305860567171335460
-58869977102823771001
-48123744277315064696
-37101596096540951980
-25840551228685685800
-14380268131507927607
-2763100179626638348
8965849208193030542
20758671441753846148
32564597632140603083
44329943464434232496
55998054070425911080
67509248901331170080
78800766600504004301
89806709876150981116
100457990374045349474
110682273550241148908
120403923543787318543
129543948049441806104
138019943190385676924
145746038390937222952
152632841249266071761
158587382410107295556
163513060437475520182
167309586687379034132
169872930180533897555
171095262475078051264
170864902539285425744
169066261624280050160
165579788136750161365
160281912511662312908
153044992084975484042
143737255966355188732
132222749911887584663
118361281196793582248
102008363488142953636
83015161717568441720
61228436953979869145
36490491276278247316
8639112646069885406
-22492480219619500636
-57075692975630679077
