117242600186923514849
95746872505002499228
77323711513084302658
61759025872433278652
48846234195491673859
38386154791307846080
30186895410964482284
24063742993006816624
19839053408870848453
17342141208311560340
16409169364831136086
16883039021107178740
18613279234420928615
21455936722085481304
25273465606874005696
29934617162447961992
35314329558785319721
41293617607608775756
47759462507813972330
54604701590897715052
61727918066386190923
69033330767263186352
76430683895398305172
83835136766975186656
91167153557919723533
98352393049328280004
105321598372895909758
112010486756344573988
118359639268851359407
124314390566476696264
129824718637592576360
134845134548310771064
139334572187911049329
143256278014269395708
146577700799286228370
149270381374314617116
151309842375588501395
152675477989650908320
153350443698782170684
153321546026428144976
152579132282628429397
151116980309444581876
148932188226388338086
146025064175849829460
142399016068525801207
138060441328847830328
133018616640410543632
127285587691399835752
120876058920021087161
113807283259927382188
106098951885647727034
97773083958015267788
88853916369595508443
79367793490114528912
69343056911887203044
58809935195245416640
47800433613966285469
36348223900700373284
24488533992399909838
12258037775747008900
-305255167418113729
-13162109814668922200
-26272175957564342600
-39594098456220544936
-53085627493882725119
-66703728831496886948
-80404694062281624094
-94144250866299902084
-107877673265030840285
-121559891875941493888
-135145604167058635892
-148589384711540539088
-161845795442248758043
-174869495906319911084
-187615353519737462282
-200038553821903503436
-212094710730210536057
-223739976794613253352
-234931153452200322208
-245625801281766165176
-255782350258382742455
-265360210007971333876
-274319880061874320886
-282623060111426968532
-290232760262529207445
-297113411290217415824
-303230974893236201420
-308553053948610183520
-313049002766215774931
-316690037343352963964
-319449345619317096418
-321302197729970657564
-322226056262315054129
-322200686509062396280
-321208266723207279608
-319233498372598567112
-316263716394511171183
-312288999450217835588
-307302280179560917454
-301299455455524169252
-294279496638804520781
-286244559832383861152
-277200096136100820772
-267154961901222553328
-256121528985016517771
-244115795005322260300
-231157493595123196346
-217270204657118392556
-202481464618294348777
-186822876684496780040
-170330221095002398544
-153043565377090695640
-135007374600615723815
-116270621632577878676
-96886897391695680934
-76914521102977558388
-56416650552293627909
-35461392340947477424
-14121912140247947900
7523455053919084672
29391094666518927293
51392002288796287972
73431673423703493742
95409993231328708676
117221126274324151903
138753406263334315624
159889225802424183128
180504926134507446808
200470686886774726177
219650415816121785884
237901638554577753730
255075388354733338684
271016095835169048899
285561478725883409728
298542431613721181740
309782915687801578736
319099848484946485765
326302993635108677140
331194850606800034454
333570544452519764596
333217715554182617767
329916409368547105496
323438966172643718656
313549910809203145480
300005842432084489577
282555324251703487948
260938773280460729002
234888350078169870572
204127848497485857931
168372585429333141808
127329290548333896404
80695996058236237408
28161926437342440013
-30592611816062843068
-95896340438284363586
-168087119654788059740
-247512058434772838161
