118453328940070524673
116854803247041909812
114435004451982196178
111274170305919447124
107449218282431548259
103033800704932098440
98098359873956300764
92710183194446853560
86933458303039841381
80829328195350625996
74455946353259737382
67868531872198764716
61119424588436247367
54258140206363565888
47331425425780833008
40383313069182784624
33455177209044670793
26585788295108146724
19811368281667163770
13165645754853860420
6679911059924453291
383071428545128120
-5698293893922069244
-11539878521133341848
-17119593798477250643
-22417513675788823492
-27415819580063664178
-32098745288172061412
-36452521799573097841
-40465322209028759056
-44127206579318042600
-47430066813951066976
-50367571529883180655
-52935110930229071084
-55129741676976873694
-56950131763702280908
-58396505388282651149
-59470587825611117848
-60175550300310698452
-60515954859448403432
-60497699245249345291
-60127961767810847572
-59415146177816553866
-58368826539250536820
-56999692102111407145
-55319492175126422624
-53340980998465597120
-51077862616455809584
-48544735750294913063
-45757038670765843708
-42730994070950729782
-39483553938945000668
-36032344430571495877
-32395610742094574056
-28592161982934221996
-24641316048380163640
-20562844492305969091
-16376917399883163620
-12104048260295336674
-7765038839452250884
-3380924052703951073
1027083162445126736
5437646973622046312
9829363780871262208
14180817343940510753
18470633909566701044
22677537338761805938
26780404234098753044
30758319066997315715
34590629305010004040
38257000539107955836
41737471610966827640
45012509740252685701
48063065651907896972
50870628703437020102
53417282012192696428
55685757582661540967
57659491433750033408
59322678726070409104
60660328889226550064
61658320749099875945
62303457655135235044
62583522607626795290
62487333385003935236
62004797671117135051
61126968182523867512
59846097795774488996
58155694674698130472
56050577397688588493
53526930084990216188
50582357525983814254
47215940306472521948
43428289935967708079
39221603974974862000
34599721162279484600
29568176542232979296
24134256592038543025
18307054349037057236
12097524537992978882
5518538698380231412
-1415059688331904237
-8686400071392898648
-16276529703485082932
-24164358513437757736
-32326603978941302251
-40737735999261283220
-49369921767952563946
-58192970645573413300
-67174279032399614729
-76278775241138575264
-85468864369643434528
-94704373173627173744
-103942494939376724743
-113137734356467078972
-122241852390475396502
-131203811155695115036
-139969718787850058917
-148482774316808548136
-156683212539297507340
-164508248891616574840
-171892024322352211619
-178765550165091810340
-185056653011137804354
-190689919582221776708
-195586641603218569153
-199664760674860391152
-202838813146450928888
-205019874988579454272
-206115506665834933951
-206029698009520138316
-204662813090365750510
-201911535091244475436
-197668811179885148765
-191823797381586845944
-184261803451932991204
-174864237749505466568
-163508552108598720859
-150068186711933878708
-134412514963372849562
-116406788360632436692
-95912081367998446201
-72785236289039796032
-46878808139322624976
-18041009519124401680
13884344513851966345
49057891571764023716
87644777063915658170
129814709324042991556
175742014737600270827
225605692869045759032
279589471589127626308
337881862202169840872
400676214573358060013
468170772256025521084
540568727618938932494
618078276973584364700
700912675701453141199
