229349829574049264717
188140688487329679136
150468663140360381530
116162347878300603632
85054961418176061391
56984291721593063980
31792640867452622804
9326769924664560508
-10562156175138380015
-28018623764886426616
-43182825569358668882
-56190715832468949128
-67174065444551753389
-76260517069648102412
-83573640272791442648
-89232986647293537244
-93354144942030357035
-96048796188727971536
-97424768829248439934
-97586093842875702080
-96633059873601469481
-94662268357411116292
-91766688649569570308
-88035713151907203956
-83555212440105725287
-78407590390984068968
-72671839309784287274
-66423595057457441080
-59735192177949490853
-52675719025487187644
-45311072891863964080
-37704015133725825356
-29914226299857240227
-21998361258467032000
-14010104324474269526
-6000224386794158192
1983369964376069087
9895575310271260876
17694038276272456228
25339100404620993692
32793743027132620321
40023532137911600680
46996563266064825854
53683406348415922456
60057050602219361635
66092849397874568084
71768465131640029048
77063814098347403332
81961011364115630309
86444315639065038928
90500074150031456722
94116667513280318816
97284454607220776935
99995717445119808412
102244606047816325196
104027083316435282860
105340869905101789609
106185389093655215288
106561711660363300390
106472500754636265064
105921956769740918123
104915762215514766052
103461026591080122016
101566231257558214868
99241174310783298157
96496915454016759136
93345720870661227770
89801008096974685744
85877290894784575471
81590124124201909100
76956048616335377524
71992536046005459388
66717933804458530097
61151409872080970824
55312897691113277518
49223041038364169912
42903138897924700531
36375090333882363700
29661339363035204552
22784819827605928036
15768900267956007925
8637328795299795824
1414177964418630178
-5876210353625054720
-13209280098773619721
-20560316149260111812
-27904499448894155108
-35216962134347841844
-42472842662441623367
-49647340937430201128
-56715773438288417674
-63653628345997147640
-70436620670829188741
-77040747379635152764
-83442342523129356560
-89618132363175713036
-95545290500073622147
-101201492999843861888
-106564973521514479286
-111614578444406681392
-116329821995420726273
-120690941376321814004
-124678951891025977660
-128275702072885974308
-131463928811977175999
-134227312482383460760
-136550532069483103586
-138419320297234667432
-139820518755462894205
-140742133027144595756
-141173387815694544872
-141104782072251366268
-140528144122963427579
-139436686796274730352
-137825062550210801038
-135689418599664581984
-133027452043682322425
-129838464992749469476
-126123419696076559124
-121884993668885107220
-117127634819693500471
-111857616577602887432
-106083093019583069498
-99814153997758391896
-93062880266693634677
-85843398610679903708
-78171936971020521664
-70066879573316919020
-61548822054754525043
-52640626591388658784
-43367477025430420070
-33756933992532580496
-23838990049075474417
-13646124799452889940
-3213360023357959916
7421685196930947068
18218739349264335697
29134823364335692936
40124195488395597038
51138296155965826552
62125692862553469331
73032025037365031540
83799948916020546664
94369082413267684516
104675949995695860245
114653927554450343344
124233187277946366658
133340642524583235392
141899892695458436119
149831168107081745788
157051274864089340732
163473539731957905676
169007755009718742745
173560123402671880472
177033202895100182806
179325851622983458120
180333172746712568219
