416531309715908805691
360036252723547006292
308316000205232586686
261114611095579345156
218184088978517741945
179284271832723117272
144182721777043909348
112654614815929872392
84482630584860294647
59456842095772216396
37374605482488647978
18040449746146787804
1265966500626240373
-13130300282022765712
-25322964526151159728
-35479908307082810816
-43762392105686309965
-50325165062946751996
-55316575234537517546
-58878679845392055052
-61147355544275662735
-62252408658357270584
-62317685447781222340
-61461182360239057480
-59795156285541293201
-57426234810189206404
-54455526471946615678
-50978731014411663284
-47086249641588597139
-42863295272459552800
-38390002795556335448
-33741539323532201872
-28988214447733642453
-24195590492772163148
-19424592771096067474
-14731619837562238492
-10168653744007920791
-5783370293822502472
-1619249296519297132
2284315177692674152
5891904543336900839
9171965445097600940
12096699503247939034
14641953059078244284
16787106920324228453
18514966106595203920
19811649594802301696
20666480064586689440
21071873643747789475
21023229653671496804
20518820354758397126
19559680691851984852
18149498039666881121
16294501948217051816
14003353888244025580
11287036996645111832
8158745821901618783
4633776069507071452
729414347395429682
-3535172088630693844
-8139045589471815587
-13059608367303363136
-18272712750147457192
-23752771436444693552
-29472867749625925093
-35404865892684043756
-41519521202745762530
-47786590405643397436
-54174941870486649511
-60652665864234386792
-67187184806266426300
-73745363522955316024
-80293619502238116905
-86798033148188184820
-93224458035586952566
-99538631164495711844
-105706283214827395243
-111693248800918358224
-117465576726100161104
-122989640237271351040
-128232247279469244013
-133160750750441706812
-137743158755218939018
-141948244860685254988
-145745658350150865839
-149106034477923661432
-152001104723880992356
-154403807048041451912
-156288396145136658097
-157630553699183035588
-158407498638053597726
-158598097388049728500
-158182974128472964531
-157144621046196777056
-155467508590238353912
-153138195726330381520
-150145440191492826869
-146480308748604719500
-142136287440975933490
-137109391846918969436
-131398277334320736439
-125004349315214334088
-117931873500350834444
-110188086153771064024
-101783304347377385785
-92731036215505481108
-83048091209496131782
-72754690352267001988
-61874576492884420283
-50435124561135161584
-38467451822098229152
-26006528130716636576
-13091286186369189757
235268212557731108
13925945914098389542
27929264158135910804
42189336321830499905
56645761665047659624
71233515075786408524
85882836815607498968
100519122265061635135
115062811669117691036
129429279882590928530
143528726115571215340
157266063678851243069
170540809729354745216
183246975015564715192
195272953622951624336
206501412719401639931
216809182300644843220
226067144935683447422
234140125512220015748
240886780982085679417
246159490106668355672
249804243202340965796
251660531885889653128
251561238819942001079
249332527458395251148
244793731791844520938
237757246093011022172
228028414662170278709
215405421572580344560
199679180415910021904
180633224047667079104
158043594332626468723
131678731890258545540
101299365840157284566
66658403547468499060
27500820368318058545
-16436450604759893176
-65424628797394720004
-119743196407951075528
-179680008662100685009
-245531404067394127364
-317602314667832617150
-396206376298439786548
-481666038839833467347
