73879937549865821647
69062211445002319460
64739424646634591126
60876611541559590580
57440058175103920613
54397283875361869208
51717022877433445876
49369205947662417992
47324942007874347131
45556499759614625404
44037289308386511794
42741843787889168492
41645800984255697233
40725884960291175632
39959887679710693520
39326650631377389280
38806046453540486183
38378960558073328724
38027272754711418958
37733838875290452836
37482472397984356541
37257926071543322824
37045873539531847340
36832890964566764984
36606438652555286227
36354842676933033452
36067276502902077290
35733742611668972956
35345054124682796585
34892816427873181568
34369408795888354888
33767966016333173456
33082360014007160447
32307181475142541636
31437721471642281734
30469953085318120724
29400513032128610197
28226683286417149688
26946372705150023012
25558098652154434600
24060968622356545835
22454661866019511388
20739411012981515554
18915983696893808588
16985664179458743041
14950234974667810096
12811958473039675904
10573558565858217920
8238202269410561239
5809481349225114932
3291393944309608382
688326191389127620
-1994966150855848339
-4753376077551411160
-7581463713392186852
-10473474688403299432
-13423358513702334589
-16424786957261303348
-19471172419668605734
-22555686309890994436
-25671277421035538471
-28810690306111586848
-31966483653792732232
-35131048664178774608
-38296627424557684945
-41455331285167568860
-44599159234958630282
-47720016277355135116
-50809731806017374907
-53860077980603630504
-56862788102532135724
-59809574990743041016
-62692149357460377125
-65502238183954018756
-68231603096301648238
-70872058741150719188
-73415491161480420175
-75853876172363638384
-78179297736728923280
-80383966341122450272
-82460237371469984377
-84400629488838843884
-86197843005199864018
-87844778259189360604
-89334553991871093731
-90660525722498231416
-91816304124275313268
-92795773400120214152
-93593109658426107853
-94202799288823430740
-94619657337941845430
-94838845885172204452
-94855892418428513911
-94666708209909897152
-94267606691862558424
-93655321832341746544
-92827026510973718561
-91780350894717703420
-90513400813627865626
-89024776136615268908
-87313589147209839883
-85379482919322331720
-83222649693006287804
-80843849250220005400
-78244427290588499317
-75426333807165465572
-72392141462195245054
-69145063962874787188
-65688974437115613599
-62028423809305781776
-58168659176071848736
-54115642182040834688
-49876067395602186697
-45457380684669742348
-40867797592443693410
-36116321713172549500
-31212763067915101747
-26167756480302386456
-20992779952299648772
-15700173039968306344
-10303155229227912989
-4815844311618122356
746725239939348410
6368583895378755004
12032808691728362297
17721504857348480672
23415787436169502360
29095762911929937776
34740510832414451855
40328065433691900388
45835397264353366358
51238394809750196276
56511846116232036517
61629420415384869656
66563649748269050804
71285910589657343944
75766405472272958267
79974144611027584508
83876927527259431282
87441324672971261420
90632659055068428305
93414987859596912208
95751084075981356624
97602418121263104608
98929139464338235111
99690058250195599316
99842626924154856974
99342921856104512740
98145624964739952509
96204005341801479752
93469900876312351852
89893699878816816440
85424322705618147731
80009203383016682860
73594271231547858218
66123932490220245788
57541051940753589481
