-36171269103087131741
-24507726189348180940
-13006311158995366786
-1714007355440937596
9325087457214267233
20069705966894926232
30481356186265344868
40524266325443564552
50165329664715471647
59374049427248906476
68122483651807772330
76385190065466144476
84139170956322379165
91363818046213222640
98040857363427920144
104154294115422324928
109690357561533007259
114637445885691363428
118986071069137724758
122728803763135466612
125860218161685117401
128376836874238467592
130277075798412678716
131561188992704392376
132231213549203839255
132290914466308948124
131745729521439454850
130602714143751011404
128870486286849294869
126559171301504116448
123680346808363530472
120246987570667943408
116273410366964222867
111775218863819806612
106769248488536811566
101273511301866142820
95307140870721602641
88890337140893999480
82044311309765256980
74791230699022522984
67154163627372278543
59157024283254446924
50824517597556502618
42182084116327580348
33255844873492584077
24072546263566296016
14659504914367485632
5044552559733018656
-4744019087768033909
-14677513464120286780
-24726884281147931386
-34862790653800626860
-45055652227439391031
-55275704305122491416
-65493052974891336212
-75677730237056365288
-85799749131482941177
-95829158864877240068
-105736099938072142798
-115490859273313125844
-125063925341544152315
-134426043289693562944
-143548270067959967080
-152402029557098133680
-160959167695704882301
-169192007607504974092
-177073404728637002786
-184576801934939285692
-191676284669235754687
-198346636068621847208
-204563392091750397244
-210302896646117526328
-215542356715348534529
-220259897486483791444
-224434617477264627190
-228046643663419223396
-231077186605948504195
-233508595578412027216
-235324413694213874576
-236509433033888543872
-237049749772386839173
-236932819306361762012
-236147511381454402378
-234684165219579829708
-232534644646212983879
-229692393217674566200
-226152489348416930404
-221911701438309973640
-216968542999927027465
-211323327785830748836
-204978224915859011102
-197937314004410794996
-190206640287732079627
-181794269751201733472
-172710344256617405368
-162967136669481415504
-152579105986286646413
-141562952461802433964
-129937672736360458354
-117724614963140635100
-104947533935457006031
-91632646214043630280
-77808685254340475276
-63506956533779307736
-48761392679069584657
-33608608593484344308
-18087956584146097222
-2241581489312717188
13885524194336667757
30245465184415784336
46787388285545323040
63457427262067047136
80198647710757901675
96950991933544122500
113651223810215345254
130232873671138714388
146626183169972992169
162758050156382667688
178551973548752065868
193927998206899456472
208802659804791163111
223088929703255672252
236696159822697742226
249530027515812512236
261492480440299611365
272481681431577267584
282391953375496416760
291113724081054811664
298533471153111130979
304533666865099088308
308992723031741541182
311784935881764600068
312780430930611737377
311845107853157896472
308840585356423600676
303624146052289062280
296048681330208291551
285962636229923205740
273209954314177738090
257630022541431946844
239057616138576124253
217322843473644905584
192251090928531378128
163662967771701190208
131374251030906660187
95195830365900885476
54933652941151851542
10388668298556540916
-38643226769844957799
-92371243349155340920
-151009755528905980676
-214778355530342816200
-283901908833712244521
-358610609305547011556
-439140034325952103102
-525731199915890635828
-618630615864469748267
