34494436258908067
34907473359840242
35079674787776324
35028220293994870
34769698853250059
34320117337038824
33694909186867984
32908943087521376
31976531640326987
30911440036424086
29726894730030356
28435592111709026
27049707181636003
25580902222867004
24040335474604688
22438669805465788
20786081386748243
19092268365698330
17366459538777796
15617423024930990
13853474938851995
12082488064251760
10311900527125232
8548724469018488
6799554720295867
5070577473407102
3367578956154452
1695954104959834
60715238131955
-1533499270866556
-3082416320152016
-4582119406152556
-6029039950340989
-7419948625967678
-8751946684793404
-10022457283822234
-11229216812034389
-12370266217119112
-13443942332207536
-14448869202605552
-15383949412526677
-16248355411824922
-17041520842727660
-17763131866568494
-18413118490520125
-18991645894327220
-19499105757039280
-19936107583743508
-20303470032297677
-20602212240062998
-20833545150636988
-20998862840586338
-21099733846179781
-21137892490120960
-21115230208281296
-21033786876432856
-20895742136981221
-20703406725698354
-20459213798455468
-20165710257955894
-19825548080467949
-19441475642557804
-19016329047822352
-18553023453622076
-18054544397813917
-17523939125484142
-16964307915681212
-16378795408148650
-15770581930057909
-15142874822741240
-14498899768424560
-13841892116960320
-13175088212560373
-12501716720528842
-11824989953994988
-11148095200646078
-10474186049460253
-9806373717439396
-9147718376342000
-8501220479416036
-7869812088131821
-7256348198914886
-6663598069878844
-6094236547558258
-5550835393641509
-5035854611703664
-4551633773939344
-4100383347895592
-3684176023204741
-3304938038317282
-2964440507234732
-2664290746242502
-2405923600642765
-2190592771487324
-2019362142310480
-1893097105861900
-1812455890839485
-1777880888622238
-1789589980003132
-1847567861921978
-1951557374198293
-2101050826264168
-2295281323897136
-2533214095953040
-2813537821098901
-3134655954545786
-3494678054781676
-3891411110304334
-4322350866354173
-4784673151647124
-5275225205107504
-5790517002600884
-6326712583666957
-6879621378252406
-7444689533443772
-8016991240200322
-8591220060086917
-9161680252006880
-9722278098934864
-10266513234649720
-10787469970467365
-11277808621973650
-11729756835757228
-12135100916142422
-12485177151922093
-12770863143090508
-12982569127576208
-13110229307974876
-13143293178282205
-13070716850626766
-12880954382002876
-12561949101003466
-12101124934552949
-11485377734640088
-10701066605050864
-9734005228101344
-8569453191370549
-7192107314433322
-5586092975593196
-3734955438615262
-1621651179459037
771460786988668
3462627580180880
6470711127177596
9815196835912915
13516202268462170
17594485814309060
22071455363612782
26969176980475163
32310383576207792
38118483582599152
44417569625181752
51232427196499259
58588543329373630
66512115270172244
75030059152075034
84170018668341619
