470751782501
358932664860
258037464762
167480867740
86694949343
15128946320
-47750972196
-102461933504
-149504590151
-189363348748
-222506598786
-249386941452
-270441418445
-286091740792
-296744517664
-302791485192
-304609735283
-302561944436
-296996602558
-288248241780
-276637665273
-262472176064
-246045805852
-227639543824
-207521565471
-185947461404
-163160466170
-139391687068
-114860332965
-89773943112
-64328615960
-38709237976
-13089712459
12366811644
37507710922
62190658684
86283396143
109663503600
132218171628
153843972256
174446630153
193940793812
212249806734
229305478612
245047856515
259424996072
272392732656
283914452568
293960864221
302509769324
309545834066
315060360300
319051056727
321521810080
322482456308
321948551760
319941144369
316486544836
311616097814
305365953092
297776836779
288893822488
278766102520
267446759048
254992535301
241463606748
226923352282
211438125404
195077025407
177911668560
160015959292
141465861376
122339169113
102715278516
82674958494
62300122036
41673597395
20878899272
0
-20878899272
-41673597395
-62300122036
-82674958494
-102715278516
-122339169113
-141465861376
-160015959292
-177911668560
-195077025407
-211438125404
-226923352282
-241463606748
-254992535301
-267446759048
-278766102520
-288893822488
-297776836779
-305365953092
-311616097814
-316486544836
-319941144369
-321948551760
-322482456308
-321521810080
-319051056727
-315060360300
-309545834066
-302509769324
-293960864221
-283914452568
-272392732656
-259424996072
-245047856515
-229305478612
-212249806734
-193940793812
-174446630153
-153843972256
-132218171628
-109663503600
-86283396143
-62190658684
-37507710922
-12366811644
13089712459
38709237976
64328615960
89773943112
114860332965
139391687068
163160466170
185947461404
207521565471
227639543824
246045805852
262472176064
276637665273
288248241780
296996602558
302561944436
304609735283
302791485192
296744517664
286091740792
270441418445
249386941452
222506598786
189363348748
149504590151
102461933504
47750972196
-15128946320
-86694949343
-167480867740
-258037464762
-358932664860
-470751782501
